# Number of parameters = 77 Objective function value = 25112.4336541267  Maximum gradient component = 0.000667014570165208
# srv_sel50:
0.723728998162
# srv_sel95:
0.756294935884
# stNatLen:
 10.2028386693 9.03534029557 7.98242821267 7.17820809407 6.57325334032 6.10886056806 5.74442222557 5.45408582879 5.22128231585 5.03510654292 4.88819813195 4.77551241480 4.69359499167 4.64014625507 4.61375787226
# log_avg_fmort_dir:
0.475198318894
# fmort_dir_dev:
 -0.0506037968791 -0.0893146119961 -0.0600609711582 -0.131131602271 -0.0728320343607 0.0982537128876 -0.0314523987738 -0.0448007507945 -0.111615005543 0.0160368814480 0.0521929945285 -0.122300100075 0.0650178030057 -0.0442028036709 0.110848946300 -0.0672100039558 0.0729786096872 0.0171766880070 -0.0102877119692 0.0783815769750 -0.119166108823 0.0807297980173 -0.00881361228867 -0.0450818388039 -0.0376506264266 -0.0821011548383 0.0320189166184 0.504989205152
# mean_log_rec:
13.1687138510
# rec_dev:
 -2.46113904474 -2.09184201710 -1.88396384857 -1.47366097452 -1.26649342840 -1.10290561950 -0.803428061977 -0.447584496230 -0.108994743891 0.119510334830 0.418889392653 0.767422735537 0.792600228106 0.674929572036 0.538185901323 0.635158584349 0.565575049073 0.590923519331 0.642716676818 0.703632179848 0.751000238403 0.696785220642 0.740330708189 0.769005909609 0.770305837949 0.648679525393 0.407180286341 0.407180334484
# log_avg_NatM:
-0.940144300000
# m_dev:
 0.00000000000 0.00000000000 0.00000000000 0.00000000000 0.00000000000 0.00000000000 0.00000000000 0.00000000000 0.00000000000 0.00000000000 0.00000000000 0.00000000000 0.00000000000 0.00000000000 0.00000000000 0.00000000000 0.00000000000 0.00000000000 0.00000000000 0.00000000000 0.00000000000 0.00000000000 0.00000000000 0.00000000000 0.00000000000 0.00000000000 0.00000000000 0.00000000000
# log_avg_GrowthK:
-1.02151300000
# log_avg_Linf:
3.36611700000
# GrowthK_dev:
 0.00000000000 0.00000000000 0.00000000000 0.00000000000 0.00000000000 0.00000000000 0.00000000000 0.00000000000 0.00000000000 0.00000000000 0.00000000000 0.00000000000 0.00000000000 0.00000000000 0.00000000000 0.00000000000 0.00000000000 0.00000000000 0.00000000000 0.00000000000 0.00000000000 0.00000000000 0.00000000000 0.00000000000 0.00000000000 0.00000000000 0.00000000000 0.00000000000
# Linf_dev:
 0.00000000000 0.00000000000 0.00000000000 0.00000000000 0.00000000000 0.00000000000 0.00000000000 0.00000000000 0.00000000000 0.00000000000 0.00000000000 0.00000000000 0.00000000000 0.00000000000 0.00000000000 0.00000000000 0.00000000000 0.00000000000 0.00000000000 0.00000000000 0.00000000000 0.00000000000 0.00000000000 0.00000000000 0.00000000000 0.00000000000 0.00000000000 0.00000000000
# SelPars50:
1.08843721251
# SelPars95:
2.04896734995
# SelPars_dev50:
 0.00000000000 0.00000000000 0.00000000000 0.00000000000 0.00000000000 0.00000000000 0.00000000000 0.00000000000 0.00000000000 0.00000000000 0.00000000000 0.00000000000 0.00000000000 0.00000000000 0.00000000000 0.00000000000 0.00000000000 0.00000000000 0.00000000000 0.00000000000 0.00000000000 0.00000000000 0.00000000000 0.00000000000 0.00000000000 0.00000000000 0.00000000000 0.00000000000
# SelPars_dev95:
 0.00000000000 0.00000000000 0.00000000000 0.00000000000 0.00000000000 0.00000000000 0.00000000000 0.00000000000 0.00000000000 0.00000000000 0.00000000000 0.00000000000 0.00000000000 0.00000000000 0.00000000000 0.00000000000 0.00000000000 0.00000000000 0.00000000000 0.00000000000 0.00000000000 0.00000000000 0.00000000000 0.00000000000 0.00000000000 0.00000000000 0.00000000000 0.00000000000
