#Simulated generalized assessment 
# 
#start/end year 
73 100 
#number of ages 
15 
#ages 
1 2 3 4 5 6 7 8 9 10 11 12 13 14 15 
#Number of length bins 
25 
#CPUE years 
28 
#years for CPUE 
73 74 75 76 77 78 79 80 81 82 83 84 85 86 87 88 89 90 91 92 93 94 95 96 97 98 99 100 
#survey years 
28 
#years for survey 
73 74 75 76 77 78 79 80 81 82 83 84 85 86 87 88 89 90 91 92 93 94 95 96 97 98 99 100 
#length freq from catch years 
28 
#years for length freq catch 
73 74 75 76 77 78 79 80 81 82 83 84 85 86 87 88 89 90 91 92 93 94 95 96 97 98 99 100 
#catch length sample sizes 
200 200 200 200 200 200 200 200 200 200 200 200 200 200 200 200 200 200 200 200 200 200 200 200 200 200 200 200 
#length freq from survey years 
28 
#years for length freq survey 
73 74 75 76 77 78 79 80 81 82 83 84 85 86 87 88 89 90 91 92 93 94 95 96 97 98 99 100 
#survey sample sizes 
200 200 200 200 200 200 200 200 200 200 200 200 200 200 200 200 200 200 200 200 200 200 200 200 200 200 200 200 
#total survey biomass 
35194.66 18818.32 17830.71 12443.15 25229.67 15695.45 27585.3 39134.85 41356.98 37786.31 43649.79 63858.3 129666.1 124656.9 103321.9 136550.3 115018.2 113629.5 108734.9 139087.2 90327.63 90723.25 94782.1 121754.2 119161.3 71447.97 120074.1 147936.6 
#survey CV 
0.2 0.2 0.2 0.2 0.2 0.2 0.2 0.2 0.2 0.2 0.2 0.2 0.2 0.2 0.2 0.2 0.2 0.2 0.2 0.2 0.2 0.2 0.2 0.2 0.2 0.2 0.2 0.2 
#total CPUE 
18818.57 30860.38 11112.06 12757.62 27442.2 23360.73 29623.32 46917.43 39859.55 40383.72 77184.77 58136.46 78678.32 70838.54 82980.88 92610.58 112181.1 126593.5 103383.6 136624.4 132704.2 144195.8 116099.2 187428.3 139886.2 115862.9 124522.3 101384.1 
#CPUE CV 
0.2 0.2 0.2 0.2 0.2 0.2 0.2 0.2 0.2 0.2 0.2 0.2 0.2 0.2 0.2 0.2 0.2 0.2 0.2 0.2 0.2 0.2 0.2 0.2 0.2 0.2 0.2 0.2 
#total catch biomass 
18597.5 19445.8 19304.19 12295.15 9117.023 16865.69 21494.21 25781.86 33721.61 43887.25 45940.73 59148.01 53379.98 85853.35 90303.36 107478.3 96246.48 78680.87 91191.43 88699.63 91925.62 104060.7 106201.7 129411.9 114570.6 125826.4 136572.9 101050.4 
#catch CV 
0.1 0.1 0.1 0.1 0.1 0.1 0.1 0.1 0.1 0.1 0.1 0.1 0.1 0.1 0.1 0.1 0.1 0.1 0.1 0.1 0.1 0.1 0.1 0.1 0.1 0.1 0.1 0.1 
#Length Bins 
0.7268035 2.18041 3.634017 5.087624 6.541231 7.994838 9.448445 10.90205 12.35566 13.80927 15.26287 16.71648 18.17009 19.62369 21.0773 22.53091 23.98451 25.43812 26.89173 28.34534 29.79894 31.25255 32.70616 34.15976 35.61337 
#catch length counts 
3.927723e-06 0.0003640077 0.01989149 0.6409314 12.17716 136.4226 901.3922 3516.13 8140.722 11501.39 11243.69 10639.95 11649.06 11715.54 10109.68 7783.425 5099.038 2760.795 1260.269 479.9962 144.9877 32.78487 5.276398 0.5802236 0.0422407 
6.289566e-06 0.0005621966 0.02963075 0.9208413 16.87398 182.3296 1161.962 4372.098 9768.725 13349.74 12737.42 11938.49 12913.87 12795.32 10937.48 8300.626 5294.292 2757.196 1194.151 426.7985 120.4929 25.45982 3.825897 0.3917999 0.02646293 
3.555778e-06 0.0003060223 0.01552954 0.4646795 8.198752 85.3092 523.8263 1904.841 4178.455 6034.441 7588.385 10816.52 14180.13 14297.73 11851.92 8598.717 5200.175 2552.895 1038.15 346.8591 90.99566 17.78172 2.466865 0.2332335 0.01454601 
9.092054e-07 7.521877e-05 0.003669259 0.1055415 1.790132 17.91001 105.8651 372.8431 816.4529 1324.96 2265.989 4199.349 6568.514 8424.02 9033.724 7462.8 4472.485 2013.431 732.7591 220.6945 52.79619 9.451328 1.201443 0.1040365 0.005943659 
3.370324e-05 0.002676187 0.1252991 3.459128 56.30829 540.4632 3058.816 10208.53 20097.82 23385.69 16262.17 7246.152 3091.811 2711.344 3216.866 3036.01 2106.642 1094.31 428.6426 125.8421 27.53885 4.42727 0.5066988 0.03972712 0.002062549 
2.923202e-05 0.002224633 0.09982633 2.641321 41.20947 379.1644 2058.749 6619.912 12836.72 16344.89 17891.6 21593.58 22700.73 15948.68 7133.996 2356.51 880.3496 433.1809 192.7287 62.86884 14.28373 2.225572 0.2353245 0.01666937 0.0007778725 
9.404981e-05 0.006850504 0.2942213 7.450977 111.261 979.6674 5087.479 15597.22 28377.93 31474.61 24062.4 17958.34 16688.07 15828.55 12974.41 8035.618 3323.203 874.984 155.8367 23.60281 3.783595 0.5478082 0.05686887 0.003871855 0.0001686607 
0.0001490113 0.01037517 0.4259496 10.31122 147.183 1238.912 6152.653 18071.42 31794.13 35630.42 31783.2 30991.68 29584.92 21702.94 12441.21 6162.903 2578.652 830.2845 193.2259 31.33284 3.524268 0.2912172 0.01937324 0.001040897 4.070227e-05 
0.0003082691 0.02049261 0.8032518 18.56498 253.0071 2033.297 9640.122 27022.96 45298.23 47995.05 39648.68 35955.87 34230.27 27520.68 18294.78 9695.419 3704.847 976.4049 185.1071 27.08681 3.079932 0.2551922 0.01451481 0.0005573 1.469453e-05 
0.0005544245 0.03514908 1.313932 28.96148 376.4157 2885.125 13048.98 34936.42 56271.66 58840.44 51503.38 50490.83 47543.96 35594.58 21750.3 10892.04 4106.685 1105.097 213.5133 30.09514 3.086126 0.227426 0.01186308 0.0004273538 1.029826e-05 
0.0009310824 0.05623519 2.002698 42.05452 520.729 3802.555 16388.13 41845.91 64558 65843.99 58621.15 58841.34 55086.94 40975.74 24812.56 11898.77 4103.242 971.8172 162.5661 20.25837 1.911037 0.1319596 0.006375032 0.0002086375 4.534446e-06 
0.002090179 0.1201507 4.07246 81.39105 959.1726 6666.117 27339.66 66395.29 97138.72 92761.39 75057.05 68396.12 60170.29 42937.59 25014.74 11419.15 3695.55 807.0197 121.18 13.13009 1.057054 0.06266263 0.002658033 7.8228e-05 1.551104e-06 
0.003866551 0.2113457 6.811627 129.449 1450.618 9587.222 37404.79 86565.39 121718 115627 99694.81 95238.6 80166.81 51553.4 26417.6 10745.38 3157.689 627.5901 84.68175 8.096995 0.5673987 0.02903429 0.001056643 2.663689e-05 4.552078e-07 
0.007098484 0.3686339 11.28789 203.8082 2169.908 13626.05 50525.38 111277.8 149842.9 139650.5 123113.1 119446.2 100265.3 65379.52 34238.27 13806.42 3868.504 711.6174 86.53595 7.27196 0.4409112 0.01945813 0.0006115024 1.331102e-05 1.962077e-07 
0.01187985 0.585689 17.02595 291.8425 2949.882 17587.73 61947.91 129895.6 168311.9 156782.7 145246.1 143727.2 118064 74930.53 38120.72 14777.56 3949.89 692.6776 80.45321 6.432805 0.3649885 0.0146808 0.0004099088 7.790251e-06 9.943051e-08 
0.01816551 0.8496327 23.43167 381.04 3653.987 20671.14 69124.39 138009.7 172528.1 161819.1 157361.4 157549.6 127158.7 79512.7 39681.71 14794.53 3737.345 612.7761 66.0438 4.878031 0.2558418 0.009551721 0.0002479169 4.356941e-06 5.084104e-08 
0.02623527 1.163417 30.42105 469.0406 4264.687 22878.15 72593.55 137945.7 166335.9 156456.5 156655.8 156138.1 123474.8 76118.95 37214.4 13332.34 3190.072 491.8884 49.62746 3.412884 0.1655687 0.005684065 0.0001351815 2.174871e-06 2.325807e-08 
0.04607827 1.936383 47.98169 701.0641 6040.638 30709.64 92353.28 166393.3 190509.3 170763.2 163619 157344.2 122502.1 75702.08 36811.96 12863.53 2982.152 449.5348 45.09558 3.117448 0.1507896 0.005037478 0.0001135949 1.700406e-06 1.672792e-08 
0.06816538 2.713462 63.69033 881.5071 7195.204 34660.6 98888.31 170010.6 190286.6 176973.1 178398.8 167965.9 121856.8 68750.45 30529.92 9835.925 2115.236 296.1995 27.62793 1.786142 0.08182867 0.002628133 5.756004e-05 8.381869e-07 7.966391e-09 
0.1199552 4.521708 100.5023 1317.204 10181.18 46444.25 125498 204445.8 217202.6 192552.2 186385.6 171551.4 125749.5 73232.58 32909.68 10374.65 2145.375 288.2927 25.89868 1.61177 0.07043657 0.002131474 4.36435e-05 5.938144e-07 5.297762e-09 
0.1972093 7.037747 148.092 1837.551 13447.7 58103.82 148968.9 232143.7 243523.3 227104.3 230269 208342.8 146332.8 81441.42 35094.17 10725.3 2198.644 302.1864 28.51233 1.868665 0.08399136 0.002531066 5.02771e-05 6.52001e-07 5.478261e-09 
0.3502988 11.83325 235.701 2768.414 19178.38 78449.05 190505.8 281774.1 282600.4 255012.2 249934.3 217959.7 148632.8 80163.18 32802.95 9286.325 1724.307 210.8197 17.63927 1.049136 0.0445932 0.001318594 2.619612e-05 3.400904e-07 2.829652e-09 
0.5576438 17.83005 336.1568 3737.247 24508.2 94939.92 218771.2 309760.8 306718.2 285679.1 281859.9 234858.1 149335.8 74449.59 28161.12 7377.548 1263.005 140.8376 10.56093 0.5529578 0.02051702 0.0005324651 9.440004e-06 1.119034e-07 8.705316e-10 
0.8947479 27.07866 483.2253 5085.135 31568.4 115825.4 253394 344193.9 338332.9 326253 327022.3 271806.5 174784.4 88258.34 33024.67 8390.586 1388.704 150.8353 11.08503 0.5643374 0.01987132 0.0004749602 7.565921e-06 7.938837e-08 5.439712e-10 
1.513681 43.36255 732.4743 7296.358 42878.86 148970.2 308972.7 399853.5 379939 358750.1 348018.7 277920.6 172134.3 83350.78 29569.74 7061.417 1094.149 111.196 7.667843 0.3686016 0.01234599 0.0002819396 4.284358e-06 4.253087e-08 2.720492e-10 
2.122571 57.56219 920.4802 8680.634 48308.43 159122.8 314615.5 397025.1 391545.1 399316 392620.2 302113.5 177751.9 81300.88 27129.65 6084.281 885.7741 84.65572 5.486809 0.2471682 0.007727773 0.0001643546 2.326942e-06 2.157489e-08 1.292876e-10 
3.749984 96.28295 1457.711 13015.24 68574.14 213826.4 399988 476240.9 439851.6 420303.8 396854 303537.7 181656.2 83477.99 27132.09 5801.8 798.6296 72.03314 4.403307 0.1866542 0.005469095 0.0001085293 1.428266e-06 1.227289e-08 6.802275e-11 
4.721713 114.7952 1645.74 13915.91 69476.79 205833.9 370201.5 443595.5 455347.8 490353.8 466683.3 335410 184312 77954.53 23644.91 4790.882 634.5584 55.86671 3.357074 0.1390954 0.003925519 7.390925e-05 9.129026e-07 7.312754e-09 3.762401e-11 
#survey length counts 
6.98042e-06 0.0006469211 0.03535151 1.139075 21.64146 242.4517 1601.935 6248.183 14458.66 20373.81 19695.57 18169.94 19523.25 19549.94 16876.07 12972.79 8428.968 4476.095 1980.285 727.514 212.9485 47.06877 7.458655 0.8107791 0.05842997 
3.463045e-06 0.0003095464 0.01631475 0.5070191 9.291075 100.4046 640.2402 2416.556 5488.447 8117.961 10195.23 14486.25 19336.97 19886.96 16693.32 12287.84 7582.14 3800.744 1580.758 543.6326 148.0655 30.29878 4.436007 0.4455056 0.02966534 
8.228342e-07 7.08159e-05 0.003593661 0.1075314 1.897349 19.7465 121.3909 444.1419 1005.104 1655.334 2818.601 5275.336 8405.841 10939.82 11959.98 10164.03 6276.232 2898.572 1079.942 334.6949 83.14147 15.59553 2.093614 0.1926789 0.01175825 
2.942095e-05 0.002434001 0.118733 3.415145 57.92072 579.2242 3415.484 11876.17 24358.93 29522.47 21353.67 9806.381 4115.827 3454.962 4147.18 4029.942 2881.513 1543.141 624.9081 190.3358 43.40231 7.316269 0.8842999 0.07369485 0.004087734 
2.263741e-05 0.001797511 0.08415963 2.323406 37.82203 363.089 2056.814 6897.455 13923.41 18314.99 20365.06 24987.79 27195.48 19913.17 9243.594 3095.7 1130.287 555.7927 255.4878 87.08693 20.7782 3.413846 0.382275 0.02880739 0.001436369 
7.315541e-05 0.005567316 0.2498229 6.61007 103.1265 948.7207 5147.374 16485.67 31316.87 36168.51 28478.75 21425.28 20029.22 19272.05 16163.45 10381.01 4489.619 1236.441 227.8507 34.94607 5.691886 0.8611641 0.09483732 0.0068882 0.0003211432 
0.0001124658 0.008191906 0.3518331 8.909985 133.0492 1171.597 6086.411 18695.62 34355.19 39987.92 36478.01 36120.23 35504.39 26864.7 15723.47 7924.762 3404.125 1135.277 275.2693 46.68655 5.492364 0.4729943 0.0328242 0.001859899 7.757867e-05 
0.0002298341 0.01600259 0.6569817 15.90394 227.0128 1910.831 9488.286 27849.84 48827.9 53838.21 45591.25 41932.27 40880.29 33670.39 22889.74 12518.92 4980.554 1367.294 268.7402 40.70708 4.823126 0.4200906 0.0252541 0.001027552 2.878356e-05 
0.0003819414 0.02539008 0.9952188 23.00182 313.4756 2519.361 11947.27 33529.02 56536.52 61560.13 55401.03 55669.68 54146.58 41692.2 26050.08 13424.61 5255.555 1472.393 296.1447 43.52387 4.669545 0.3614163 0.0198885 0.0007596069 1.94944e-05 
0.0006139415 0.03892231 1.454981 32.07051 416.8264 3194.95 14452.35 38722.58 62605.49 66580.26 61168.34 63307.18 61356.27 46948.38 29149.1 14460.75 5204.147 1287.77 224.3291 29.06918 2.862977 0.2077838 0.01061136 0.0003686818 8.535802e-06 
0.001329357 0.08029001 2.85936 60.04342 743.4667 5428.877 23392.93 59676.05 91631.87 91519.54 76860.73 72542.93 66162.7 48600.48 29076.82 13763.25 4659.787 1066.35 167.3506 18.91196 1.590803 0.09899991 0.004431869 0.0001383338 2.921626e-06 
0.002439249 0.1402166 4.752585 94.98409 1119.378 7780.076 31919.96 77663.59 114683.8 113980 102192.8 101657.5 89169.81 59271.95 31221.29 13151.45 4042.777 843.314 119.2069 11.91241 0.8732918 0.04694833 0.00180379 4.82122e-05 8.769325e-07 
0.00437322 0.2390403 7.70422 146.4123 1640.726 10844.23 42320.5 98076.93 138841.5 135644.9 124905.5 126670.9 110771.5 74553.91 40220.7 16878.79 4967.951 962.3899 122.9893 10.82803 0.6875642 0.03188412 0.001057861 2.4415e-05 3.829827e-07 
0.007124984 0.3700101 11.33004 204.57 2178.063 13678.67 50747.05 112062.2 152835 149668.3 145703 151405.9 129722.9 85014.12 44626.75 18039.3 5071.447 937.2916 114.5051 9.608403 0.5724765 0.02426235 0.0007165913 1.445286e-05 1.963372e-07 
0.01064759 0.5249372 15.25991 261.5723 2643.99 15766.16 55571.57 116942.6 154099.3 152521.4 156798.8 165360.9 139216.1 89905.4 46405.26 18094.42 4818.165 833.928 94.66134 7.343827 0.4045956 0.01592077 0.000437421 8.167291e-06 1.015564e-07 
0.01549304 0.7246365 19.98448 324.9845 3116.535 17633.37 59011.11 118265.5 150440.9 149537.4 158495.5 166381.8 137119 87311.16 44253.19 16624.25 4200.191 684.5178 72.82127 5.266543 0.2686957 0.009731454 0.0002451468 4.192038e-06 4.778487e-08 
0.02621054 1.16232 30.39238 468.5993 4260.707 22857.65 72542.09 137975.6 167075.7 159348.6 163011 165594.8 134270.1 85746.88 43353.01 15921.91 3899.714 620.9277 65.63543 4.775218 0.2435301 0.008609511 0.0002061495 3.28511e-06 3.448094e-08 
0.03944095 1.657459 41.07032 600.0894 5170.936 26296.75 79210.34 143841.4 170462.3 168996.3 181942.2 181043.4 137028.8 79992.14 36929.19 12502.42 2841.613 420.5593 41.34894 2.812472 0.1357548 0.004612089 0.0001072912 1.66497e-06 1.690803e-08 
0.07111781 2.830989 66.44895 919.6897 7506.938 36164.01 103202.2 177633.5 199841.2 188772.9 194862.1 189029.9 144122.1 86891.69 40760.06 13546.05 2964.405 421.1593 39.89544 2.615173 0.1206219 0.003866887 8.41706e-05 1.220826e-06 1.163914e-08 
0.1095434 4.129238 91.77944 1202.906 9298.733 42441.42 114983.5 189673.4 212161.2 214005.4 233980.6 223894.7 163765.5 94447.88 42497.53 13679.01 2961.179 429.2838 42.68437 2.953261 0.1406362 0.004505215 9.536731e-05 1.320586e-06 1.187151e-08 
0.1876952 6.698222 140.9478 1748.924 12799.81 55319.39 142016.6 222680.2 239390.3 236146.5 251433.8 232301.4 165070.4 92481.43 39652.89 11858.67 2331.195 301.1097 26.5324 1.661002 0.07455735 0.002339721 4.954475e-05 6.877996e-07 6.134051e-09 
0.3073283 10.3817 206.7895 2428.906 16828.82 68886.18 167847.6 252150.5 268236.2 273256.9 291921 257440 170707.1 88470.98 35078.28 9713.702 1762.56 208.0147 16.46287 0.9087445 0.03561944 0.0009802212 1.849591e-05 2.341043e-07 1.950083e-09 
0.4694663 15.0107 283.0049 3146.457 20638.07 80025.9 185269.2 267935.4 286101.4 305988.7 333395.5 292924.3 196300.6 103311.2 40654.79 10934.31 1918.076 220.4135 17.10678 0.9202641 0.03434037 0.0008727716 1.482324e-05 1.662003e-07 1.219434e-09 
0.7806122 23.62449 421.5877 4436.653 27547.14 101150.8 222116.3 306731.6 318737.2 336359.2 355550.5 300235.5 193951 98070.13 36652.33 9274.628 1523.921 163.8921 11.93513 0.6061448 0.02151509 0.0005226678 8.476235e-06 9.002732e-08 6.174461e-10 
1.085246 31.08926 525.1663 5231.825 30760.59 107109 224498.1 303929.6 331684.3 379362.8 404737 328857 201942.4 96575.45 33980.67 8078.427 1247.437 126.2043 8.643421 0.411697 0.01365072 0.0003089857 4.669784e-06 4.633249e-08 2.97763e-10 
1.884738 51.11244 817.3472 7708.271 42903.46 141418.1 280518.5 358889.7 368702.1 398006.8 408803.7 329898.6 206238.3 99439.26 34179.66 7758.637 1133.4 108.2547 6.996393 0.3138256 0.009759788 0.0002062725 2.899452e-06 2.66739e-08 1.586104e-10 
2.263328 58.11282 879.8639 7857.743 41446.25 129907.9 248801.1 325291.8 380655.5 464282.8 478212.6 362573.7 208382.7 92499.01 29655.77 6373.073 894.9562 83.39482 5.301495 0.2328284 0.006987337 0.0001403185 1.85301e-06 1.590216e-08 8.781922e-11 
3.515213 85.46276 1225.238 10360.93 51743.66 153512 277846.4 341203.7 371637.3 427154 429583.4 331646.4 198200.6 89045.57 27576.25 5520.625 703.4925 58.28771 3.266258 0.1278173 0.003504222 6.584769e-05 8.248301e-07 6.733926e-09 3.523839e-11 
