#Simulated generalized assessment 
# 
#start/end year 
73 100 
#number of ages 
15 
#ages 
1 2 3 4 5 6 7 8 9 10 11 12 13 14 15 
#Number of length bins 
25 
#CPUE years 
28 
#years for CPUE 
73 74 75 76 77 78 79 80 81 82 83 84 85 86 87 88 89 90 91 92 93 94 95 96 97 98 99 100 
#survey years 
28 
#years for survey 
73 74 75 76 77 78 79 80 81 82 83 84 85 86 87 88 89 90 91 92 93 94 95 96 97 98 99 100 
#length freq from catch years 
28 
#years for length freq catch 
73 74 75 76 77 78 79 80 81 82 83 84 85 86 87 88 89 90 91 92 93 94 95 96 97 98 99 100 
#catch length sample sizes 
200 200 200 200 200 200 200 200 200 200 200 200 200 200 200 200 200 200 200 200 200 200 200 200 200 200 200 200 
#length freq from survey years 
28 
#years for length freq survey 
73 74 75 76 77 78 79 80 81 82 83 84 85 86 87 88 89 90 91 92 93 94 95 96 97 98 99 100 
#survey sample sizes 
200 200 200 200 200 200 200 200 200 200 200 200 200 200 200 200 200 200 200 200 200 200 200 200 200 200 200 200 
#total survey biomass 
4071.4 8583.001 8222.933 20330.29 13682.19 24212.61 27187.68 45784.86 66474.51 69351.78 64293.8 107350.7 215134.8 168031.7 113693.5 196499.3 138823.1 147017.5 134325.7 107208.8 192757 202482.4 196176.5 193187.6 180062.7 179668.2 131897 157436.9 
#survey CV 
0.2 0.2 0.2 0.2 0.2 0.2 0.2 0.2 0.2 0.2 0.2 0.2 0.2 0.2 0.2 0.2 0.2 0.2 0.2 0.2 0.2 0.2 0.2 0.2 0.2 0.2 0.2 0.2 
#total CPUE 
3016.587 4550.412 5372.588 8515.065 8555.745 19972.07 18942.17 23856.49 34463.55 38532.55 73548.62 98195.52 137065.4 172142.8 136107 91726.62 130294.4 119993.6 75370.98 116689.9 99531.74 108100.1 147155.5 176884.1 114382.9 129603.9 113024.3 89936.46 
#CPUE CV 
0.2 0.2 0.2 0.2 0.2 0.2 0.2 0.2 0.2 0.2 0.2 0.2 0.2 0.2 0.2 0.2 0.2 0.2 0.2 0.2 0.2 0.2 0.2 0.2 0.2 0.2 0.2 0.2 
#total catch biomass 
2762.633 2474.993 4402 6207.031 7281.568 12576.01 11549.63 15679.61 19671.35 31948.87 42566.35 51261.49 82680.56 82688.64 103439.6 87389.89 81736.36 88158.68 74885.66 82191.34 105469.8 86469.71 91256.8 107395.4 107503.3 109223 110176.6 79622.47 
#catch CV 
0.1 0.1 0.1 0.1 0.1 0.1 0.1 0.1 0.1 0.1 0.1 0.1 0.1 0.1 0.1 0.1 0.1 0.1 0.1 0.1 0.1 0.1 0.1 0.1 0.1 0.1 0.1 0.1 
#Length Bins 
0.6062379 1.818714 3.03119 4.243665 5.456141 6.668617 7.881093 9.093569 10.30604 11.51852 12.731 13.94347 15.15595 16.36842 17.5809 18.79338 20.00585 21.21833 22.4308 23.64328 24.85575 26.06823 27.28071 28.49318 29.70566 
#catch length counts 
7.435479e-07 3.497291e-05 0.001139045 0.02568835 0.4011607 4.337998 32.48305 168.4425 605.0567 1507.214 2615.165 3214.715 2973.462 2430.365 2129.058 1906.571 1464.947 918.6382 499.2874 250.8084 115.7119 47.19617 16.67592 5.038078 1.274477 
7.513836e-07 3.534146e-05 0.001151048 0.02595906 0.4053882 4.383712 32.82535 170.2172 611.428 1523.048 2642.392 3247.019 2999.622 2444.137 2132.499 1904.872 1461.677 915.1962 496.1626 248.312 113.9952 46.19483 16.1887 4.844029 1.212339 
1.767941e-06 8.315543e-05 0.002708318 0.06107941 0.9538422 10.31444 77.23336 400.468 1438.088 3578.171 6180.173 7463.934 6479.644 4431.531 2916.068 2115.126 1495.691 912.9909 489.7866 243.4052 111.156 44.83761 15.63229 4.64819 1.154628 
1.682102e-06 7.911798e-05 0.002576821 0.05811384 0.9075317 9.8137 73.48527 381.0616 1368.8 3409.728 5916.266 7272.739 6726.321 5490.589 4777.555 4192.829 3066.528 1726.309 775.619 308.5152 118.5114 43.76871 14.74014 4.323804 1.066038 
2.962339e-06 0.0001393341 0.004538021 0.1023439 1.598246 17.28275 129.4119 671.0336 2409.851 5997.608 10369.59 12573.64 11077.86 7928.842 5687.706 4445.267 3240.356 1983.66 1043.179 490.4867 201.8442 69.72737 20.19314 5.059251 1.11487 
3.865965e-06 0.0001818364 0.005922292 0.1335627 2.085773 22.55471 168.889 875.7555 3145.389 7831.471 13562.54 16550.22 14919.19 11393.35 9053.41 7538.599 5465.798 3140.441 1481.279 629.8441 253.5508 93.20892 29.56159 7.788166 1.668289 
4.424869e-06 0.0002081245 0.006778479 0.1528719 2.387314 25.81546 193.3057 1002.371 3600.228 8964.749 15530.68 18978.02 17192.05 13308.75 10804.27 9167.141 6774.522 4016.075 1985.879 878.4841 351.8567 123.038 36.84279 9.461428 2.060081 
5.142223e-06 0.0002418654 0.007877398 0.1776553 2.774343 30.00063 224.6443 1164.876 4183.918 10418.35 18050.21 22062.87 20006.23 15529.3 12661.5 10787.94 8014.97 4802.226 2423.86 1106.095 459.603 166.551 51.08978 13.13249 2.798868 
7.550212e-06 0.0003551256 0.01156621 0.2608472 4.073504 44.04918 329.8376 1710.309 6142.4 15289.59 26451.8 32153.22 28582.77 20996.64 15725.37 12639.83 9194.933 5483.236 2772.011 1273.064 535.5755 198.0245 62.46389 16.57343 3.632761 
1.213781e-05 0.000570904 0.01859397 0.419341 6.548611 70.81393 530.2498 2749.492 9874.295 24576.77 42504.02 51594.02 45633.87 33026.1 24091.24 18899.04 13457.6 7768.176 3723.707 1607.496 646.965 234.9383 74.17015 19.92443 4.454523 
1.451854e-05 0.0006828821 0.02224102 0.5015914 7.833071 84.70368 634.2591 3288.889 11812.58 29412.32 50943.49 62199.93 56179.79 43133.02 34553.07 28940.2 21048.63 12116.73 5700.29 2379.137 915.6122 315.8559 94.64642 24.36752 5.317033 
1.987459e-05 0.0009348049 0.03044598 0.686634 10.72278 115.9517 868.241 4502.131 16169.43 40253.62 69674.02 84847.73 75928.51 56838.96 43876.42 36017.38 26353.93 15652.53 7803.223 3486.339 1403.855 488.4299 143.2658 35.43631 7.372484 
2.783152e-05 0.001309061 0.04263524 0.9615327 15.01571 162.3738 1215.847 6304.583 22642.88 56368.48 97561.94 118785.8 106222.6 79346.99 61009.32 49842.02 36216.96 21244.61 10406.62 4598.412 1872.492 674.898 207.4089 53.3216 11.27156 
3.124717e-05 0.001469716 0.04786769 1.079538 16.85854 182.3015 1365.072 7078.511 25424.48 63313.37 109720.1 134239.2 122132.2 95628.88 78869.66 67495.56 49844.87 29319.46 14315.26 6275.413 2526.936 901.2918 276.1258 71.7436 15.53966 
2.84232e-05 0.00133689 0.04354164 0.9819744 15.33495 165.8264 1241.716 6439.04 23130.32 57626.79 100046.2 123254.6 114866.1 95610.22 85552.46 77157.36 58675.42 35665.02 18287.3 8463.975 3538.279 1280.981 392.5309 101.4007 21.85856 
2.190462e-05 0.001030288 0.0335558 0.7567685 11.81804 127.796 956.9481 4962.464 17827.81 44432.35 77249.98 95691.18 90840.49 79006.83 74557.38 69590.09 54342.21 34367.87 18748.42 9322.379 4154.114 1588.38 510.6226 136.8926 30.16608 
2.430188e-05 0.001143043 0.03722816 0.8395894 13.1114 141.7815 1061.659 5505.195 19773.7 49243.77 85353.55 104502.3 95328.52 75231.63 63021.39 55286.59 42821.72 27725.38 15835.75 8332.369 3937.759 1603.179 550.9866 157.5605 36.72239 
2.35804e-05 0.001109108 0.03612294 0.8146638 12.72215 137.5725 1030.146 5341.861 19188.15 47796.47 82919.65 101873 94043.51 76469.98 66460.32 59002.59 44748.61 27408.27 14420.52 7078.094 3274.83 1366.167 493.823 150.0541 37.23253 
2.177499e-05 0.001024191 0.03335722 0.75229 11.7481 127.0395 951.277 4932.931 17719.93 44145.96 76632.4 94364.52 87802.97 72822.11 64956.12 58711.79 45140.87 28143.05 15091.48 7416.77 3326.579 1317.269 454.9388 136.0101 34.31583 
2.083172e-05 0.0009798236 0.03191221 0.7197014 11.23918 121.5362 910.0679 4719.228 16952.15 42231.91 73301.26 90222.52 83823.43 69278.21 61572.88 55673.02 43068.9 27244.46 14969.1 7567.928 3473.952 1391.303 477.4009 139.2434 34.01975 
2.524798e-05 0.001187543 0.0386775 0.8722757 13.62184 147.3012 1102.989 5719.476 20542.9 51154.8 88634.72 108372.4 98383.85 76637.28 62939.32 54273.11 41287.08 25979.94 14266.24 7251.688 3374.088 1379.448 484.1797 143.6416 35.27653 
2.640255e-05 0.001241849 0.0404462 0.9121643 14.24476 154.0373 1153.434 5981.153 21484.16 53512.26 92812.27 113916.7 104810.1 84504.27 72621.92 64008.36 48333.05 29419.76 15282.77 7337.176 3294.673 1330.998 468.9286 140.9238 35.19605 
2.685779e-05 0.001263261 0.04114358 0.9278921 14.49038 156.6934 1173.325 6084.347 21855.53 54444.27 94476.49 116184.2 107617.5 88266.06 77637.46 69608.15 53343.1 33181.09 17734.5 8668.958 3853.559 1503.037 507.4443 147.628 36.3237 
2.886102e-05 0.001357483 0.04421235 0.9971004 15.57116 168.3805 1260.835 6538.063 23484.31 58491.65 101431.3 124415 114217.1 91603.72 78302.72 69157.23 52951.43 33236.72 18091.33 9061.376 4129.556 1643.385 559.2507 161.1015 38.68302 
2.968753e-05 0.001396358 0.04547847 1.025655 16.01708 173.2026 1296.946 6725.374 24157.94 60177.61 104410.7 128331.1 118645.9 96854.87 84673.24 75624.41 57840.88 35950.51 19274.83 9545.698 4354.934 1756.772 610.3649 179.4751 43.68205 
2.891407e-05 0.001359978 0.0442936 0.9989331 15.59979 168.6902 1263.16 6550.23 23529.62 58620.37 101762.9 125331.3 116686 96927.27 86661.53 78545.35 60669.08 38179.09 20803.24 10432.22 4770.084 1914.771 662.597 195.4333 48.08108 
2.721875e-05 0.001280239 0.04169654 0.9403627 14.68513 158.7995 1189.099 6166.217 22150.66 55189.72 95840.23 118191.6 110533.1 92830.99 84171.67 77041.12 60019.51 38283.28 21298.12 10934.14 5102.83 2081.309 727.9993 215.7856 53.15776 
2.258576e-05 0.001062325 0.03459924 0.7803008 12.18553 131.77 986.7071 5116.815 18382.74 45819.55 79690.02 98846.71 94259.84 82841.38 79158.29 74580.71 58876.36 38003.34 21492.29 11252.97 5361.337 2235.359 799.6716 241.8339 60.49096 
#survey length counts 
1.587568e-06 7.467153e-05 0.002432003 0.05484782 0.8565274 9.262136 69.35442 359.6261 1291.591 3215.313 5564.713 6773.827 6053.073 4514.39 3470.283 2857.341 2127.294 1317.154 708.8752 352.6312 161.2572 65.21431 22.82972 6.827023 1.708017 
3.680879e-06 0.0001731308 0.005638757 0.1271682 1.985913 21.47478 160.8001 833.7618 2993.856 7447.204 12849.43 15455.77 13213.95 8594.975 5065.193 3270.198 2182.551 1305.448 693.7848 342.6025 155.8461 62.73756 21.85005 6.493129 1.612346 
3.527868e-06 0.0001659339 0.005404358 0.1218819 1.903362 20.58217 154.1184 799.1568 2870.173 7145.223 12367.22 15059.16 13470.75 10067.67 7731.284 6265.353 4451.425 2481.937 1108.636 438.1524 167.3153 61.56918 20.6993 6.067031 1.495232 
6.220146e-06 0.0002925657 0.009528672 0.2148956 3.355902 36.28925 271.7296 1408.956 5059.477 12587.64 21733.86 26213.75 22644.22 15241.9 9701.773 6809.503 4731.938 2849.007 1485.85 694.4639 284.7 98.14776 28.38988 7.106971 1.565194 
7.857078e-06 0.0003695591 0.0120363 0.2714489 4.239063 45.83943 343.2418 1779.791 6391.603 15906.62 27496.85 33317.57 29275.57 20774.68 14629.41 11136.96 7793.885 4425.139 2073.448 876.1139 350.9233 128.6389 40.74331 10.72686 2.296908 
9.086319e-06 0.0004273766 0.01391938 0.3139171 4.902266 53.01103 396.9425 2058.249 7391.716 18396.65 31808.57 38576.79 34009.93 24381.74 17507.07 13599.47 9710.624 5688.802 2793.761 1228.469 489.8914 170.8852 51.10266 13.11307 2.853762 
1.047569e-05 0.0004927261 0.01604777 0.3619177 5.651863 61.11687 457.6385 2372.976 8522.016 21210.1 36675.42 44490.01 39258.29 28221.09 20368.43 15907.77 11426.2 6766.008 3391.499 1538.483 636.5979 230.1647 70.51983 18.11451 3.858999 
1.549105e-05 0.0007286245 0.02373082 0.53519 8.357756 90.37716 676.7346 3508.99 12600.95 31353.99 54161.12 65443.9 56916.94 39142.06 26008.53 18934.44 13210.51 7765.484 3895.962 1778.25 744.924 274.7938 86.57653 22.95567 5.029629 
2.483671e-05 0.001168199 0.03804748 0.8580668 13.39994 144.9011 1085.003 5625.913 20202.61 50265.54 86807.96 104791.9 90813.04 61739.09 40039.5 28376.01 19337.22 10997.68 5232.453 2244.48 898.9857 325.5679 102.6415 27.55261 6.157372 
3.001994e-05 0.001411993 0.0459877 1.037139 16.19641 175.1411 1311.442 6800.149 24420.88 60776.73 105068.8 127346.3 112013 79737.37 56477.54 43218.47 30338.78 17257.55 8064.918 3345.194 1280.997 440.6058 131.8273 33.91157 7.395864 
4.135634e-05 0.001945203 0.06335397 1.428792 22.31263 241.2793 1806.676 9367.984 33641.54 83714.29 144653.6 174999.7 152884.8 106622.8 72796.02 54262.72 38168.16 22364.04 11066.81 4914.083 1970.155 683.8009 200.3137 49.50834 10.29492 
5.78681e-05 0.002721837 0.08864843 1.999246 31.22109 337.6114 2528.002 13108.2 47072.99 117136.4 202398.3 244826 213780.1 148848.8 101258.7 75100.3 52449.65 30353.24 14759.42 6480.509 2626.612 944.2555 289.8075 74.45115 15.73124 
6.586867e-05 0.003098145 0.1009045 2.275653 35.53758 384.2884 2877.524 14920.75 53584.94 133369.3 230642.1 279911.5 247396.9 178674.8 129912.5 101772.6 72649.83 42235.95 20478.7 8920.458 3574.955 1271.672 389.0578 101.007 21.86784 
5.960069e-05 0.002803329 0.09130259 2.059105 32.15588 347.7206 2603.72 13501.27 48491.06 120729.3 209045.1 254937.3 229317.9 174161.2 137541.1 114876.7 84966.47 51125.24 26037.82 11978.83 4986.683 1801.233 551.2816 142.3065 30.66226 
4.576063e-05 0.00215236 0.07010094 1.580954 24.68887 266.9757 1999.113 10366.32 37233.98 92725.76 160716.7 196755.5 179419.4 141415.9 118063.1 102804.6 78339.52 49075.66 26590.49 13146.68 5836.91 2227.541 715.3578 191.6602 42.21807 
5.07957e-05 0.002389185 0.07781418 1.754907 27.40538 296.3503 2219.051 11506.41 41323.39 102854.7 177896.6 216017.9 191326.4 139132.3 102766.5 82650.03 61912.49 39594.64 22445.44 11744.31 5531.638 2248.229 771.9681 220.6315 51.40488 
5.008855e-05 0.002355924 0.07673089 1.730476 27.02386 292.2249 2188.166 11346.37 40750.17 101443.2 175559 213667.3 190806.8 142010.1 108689.1 88887.1 65393.39 39611.45 20688.9 10089.75 4648.116 1934.765 698.6004 212.1585 52.62558 
4.675407e-05 0.002199086 0.07162279 1.615275 25.22484 272.7712 2042.5 10591.11 38038.62 94702.41 163957.1 199848 179438.7 135624.6 106437.9 88850.99 66358.73 40925.54 21786.76 10641.61 4753.745 1878.345 647.9648 193.5874 48.82359 
4.474301e-05 0.002104495 0.06854204 1.545796 24.13983 261.0383 1954.644 10135.53 36402.19 90626.44 156887.8 191172 171461.1 129216.8 101017.8 84290.01 63313.23 39608.59 21601.64 10855.39 4963.984 1984.089 680.0826 198.2351 48.41387 
5.442117e-05 0.00255971 0.08336807 1.880161 29.3614 317.5018 2377.429 12327.59 44271.7 110185 190519.7 231084.4 203820.8 146374.5 105661.3 83099.71 60985.59 37878.3 20635.92 10424.53 4831.488 1971.312 691.1966 204.9344 50.31121 
5.780013e-05 0.002718639 0.0885443 1.996898 31.18443 337.2155 2525.05 13093.18 47023.11 117052.3 202526.6 246273 219229.1 161693.3 121934.1 98594.98 72085.92 43368.91 22358.9 10662.94 4766.203 1920.83 675.919 202.9971 50.68014 
5.811102e-05 0.002733262 0.08902055 2.007639 31.35216 339.0294 2538.637 13163.71 47277.51 117696.4 203715.3 248069.2 221962.7 166141.7 128420.4 106055.1 78847.15 48498.22 25729.87 12499.28 5533.548 2153.589 726.2263 211.1306 51.92679 
6.351386e-05 0.002987386 0.09729719 2.194298 34.26711 370.5503 2774.658 14387.45 51670.95 128617.9 222509.9 270443.2 240335.5 176438.8 132224.1 106946.8 79207.36 49111.5 26523.64 13200.86 5991.748 2379.423 808.8254 232.8435 55.88701 
6.590999e-05 0.003100088 0.1009678 2.27708 35.55988 384.5299 2879.341 14930.34 53621.88 133485.8 231011.3 281152.2 251061.7 186860 143123.1 117395 86996.01 53442.32 28431.47 13988.39 6354.426 2557.621 887.5853 260.8214 63.45641 
6.473657e-05 0.003044896 0.09917027 2.236541 34.9268 377.6841 2828.084 14664.64 52668.77 131124.5 227002.8 276641.6 248220.9 187271 146613.8 122345.7 91684.54 57040.84 30840.32 15366.15 6997.044 2802.594 968.7056 285.5285 70.21846 
6.18351e-05 0.002908425 0.0947255 2.1363 33.36139 360.7566 2701.333 14007.44 50309.05 125256.2 216887.7 264522.6 238019.1 181006.7 143526.6 121051 91539.33 57721.77 31858.94 16250.91 7553.552 3074.442 1074.181 318.1897 78.35367 
5.063643e-05 0.002381694 0.0775702 1.749405 27.31947 295.422 2212.12 11470.87 41201.53 102608.3 177859.2 217806.3 198825.4 157172.6 131864.5 115497.7 88859.05 56764.4 31858.53 16577.11 7867.655 3273.852 1169.952 353.5976 88.4147 
5.430158e-05 0.002554085 0.08318487 1.876029 29.29689 316.8045 2372.215 12300.71 44177.41 109972.5 190303.4 231536.7 206538.7 153346.3 117335.8 97152.03 74159.85 48441.7 28282.26 15314.75 7490.87 3191.738 1166.417 360.5379 92.13422 
