# Number of parameters = 79 Objective function value = 22758.8194365663  Maximum gradient component = 0.000459107945574124
# srv_sel50:
0.163339012101
# srv_sel95:
2.09330243277
# stNatLen:
 10.3230995219 9.65090649396 8.39573936513 7.37323505445 6.61852847021 6.05952159677 5.63437859141 5.30332233699 5.04204212003 4.83538222576 4.67356613094 4.55011899747 4.46071525807 4.40252334912 4.37382862953
# log_avg_fmort_dir:
0.668299611755
# fmort_dir_dev:
 -0.184303715436 -0.107127849634 -0.203433920923 -0.0866357768184 -0.215776225940 -0.0538120134495 0.0980214919434 0.0316034795759 -0.280768582234 -0.0196694935979 0.261381132532 -0.0349579623954 0.00671234213556 0.123437150434 0.185817629024 0.259219374971 0.107457531729 0.229893228895 0.228595724451 0.170308944529 0.229003256087 0.0775011410662 0.198631355257 0.126240828705 0.161937727237 0.163902614793 0.202376335671 0.228416757704 -1.90397250631
# mean_log_rec:
12.4021679490
# rec_dev:
 -1.90904453775 -1.60833525948 -1.34873435015 -1.07425463984 -1.06526462335 -1.30469900522 -0.945721795129 -0.164311854215 -0.208202503000 -0.242816220497 0.355995838798 0.593929469200 0.543303192156 0.319408360523 0.255929901111 0.386460785692 0.313766985402 0.353932768356 0.329222537792 0.383892596210 0.505973492817 0.478499155248 0.652846481383 0.697794522190 0.588818610717 0.533043867652 0.615522058117 0.981522083555 0.981522081720
# log_avg_NatM:
-0.940144300000
# m_dev:
 0.00000000000 0.00000000000 0.00000000000 0.00000000000 0.00000000000 0.00000000000 0.00000000000 0.00000000000 0.00000000000 0.00000000000 0.00000000000 0.00000000000 0.00000000000 0.00000000000 0.00000000000 0.00000000000 0.00000000000 0.00000000000 0.00000000000 0.00000000000 0.00000000000 0.00000000000 0.00000000000 0.00000000000 0.00000000000 0.00000000000 0.00000000000 0.00000000000 0.00000000000
# log_avg_GrowthK:
-1.02151300000
# log_avg_Linf:
3.36611700000
# GrowthK_dev:
 0.00000000000 0.00000000000 0.00000000000 0.00000000000 0.00000000000 0.00000000000 0.00000000000 0.00000000000 0.00000000000 0.00000000000 0.00000000000 0.00000000000 0.00000000000 0.00000000000 0.00000000000 0.00000000000 0.00000000000 0.00000000000 0.00000000000 0.00000000000 0.00000000000 0.00000000000 0.00000000000 0.00000000000 0.00000000000 0.00000000000 0.00000000000 0.00000000000 0.00000000000
# Linf_dev:
 0.00000000000 0.00000000000 0.00000000000 0.00000000000 0.00000000000 0.00000000000 0.00000000000 0.00000000000 0.00000000000 0.00000000000 0.00000000000 0.00000000000 0.00000000000 0.00000000000 0.00000000000 0.00000000000 0.00000000000 0.00000000000 0.00000000000 0.00000000000 0.00000000000 0.00000000000 0.00000000000 0.00000000000 0.00000000000 0.00000000000 0.00000000000 0.00000000000 0.00000000000
# SelPars50:
1.67925798170
# SelPars95:
2.71672626251
# SelPars_dev50:
 0.00000000000 0.00000000000 0.00000000000 0.00000000000 0.00000000000 0.00000000000 0.00000000000 0.00000000000 0.00000000000 0.00000000000 0.00000000000 0.00000000000 0.00000000000 0.00000000000 0.00000000000 0.00000000000 0.00000000000 0.00000000000 0.00000000000 0.00000000000 0.00000000000 0.00000000000 0.00000000000 0.00000000000 0.00000000000 0.00000000000 0.00000000000 0.00000000000 0.00000000000
# SelPars_dev95:
 0.00000000000 0.00000000000 0.00000000000 0.00000000000 0.00000000000 0.00000000000 0.00000000000 0.00000000000 0.00000000000 0.00000000000 0.00000000000 0.00000000000 0.00000000000 0.00000000000 0.00000000000 0.00000000000 0.00000000000 0.00000000000 0.00000000000 0.00000000000 0.00000000000 0.00000000000 0.00000000000 0.00000000000 0.00000000000 0.00000000000 0.00000000000 0.00000000000 0.00000000000
