# Number of parameters = 77 Objective function value = 21956.2397475633  Maximum gradient component = 0.000589264869542498
# srv_sel50:
0.926000669904
# srv_sel95:
1.06225973268
# stNatLen:
 10.3915135953 9.72890921204 8.50172303248 7.49460551994 6.74803398838 6.19396652054 5.77216449993 5.44351629327 5.18403202829 4.97873204812 4.81794533217 4.69526355285 4.60640391426 4.54856175356 4.52003746159
# log_avg_fmort_dir:
0.747984785049
# fmort_dir_dev:
 -0.246353387369 -0.239225416370 -0.226319623381 -0.257889179714 -0.137620003733 -0.209822589436 0.0321946904312 0.0379398498771 -0.374918598864 -0.0778784052632 0.229395977792 -0.166315426718 -0.0548744479645 0.0732794590422 0.0462688701089 0.179395787960 0.116093421471 0.126474200341 0.0779237338419 0.101086644122 0.176215578915 0.0462707811674 0.184054772362 0.0831880851419 0.0838294713405 0.235995369983 0.140539317112 0.0210710678028
# mean_log_rec:
12.3719793182
# rec_dev:
 -1.80720050486 -1.53501820315 -1.26224318812 -1.05307056562 -1.05381010871 -1.27090705345 -0.953847781673 -0.135823552681 -0.151261766039 -0.220500365119 0.429830688034 0.655948733914 0.573310828926 0.383376741572 0.358036287976 0.415611603657 0.273800298891 0.369415863347 0.340225191138 0.394679778230 0.516178746417 0.512265250171 0.715490971052 0.776915095051 0.620102200335 0.546980490001 0.780757165347 0.780757155371
# log_avg_NatM:
-0.940144300000
# m_dev:
 0.00000000000 0.00000000000 0.00000000000 0.00000000000 0.00000000000 0.00000000000 0.00000000000 0.00000000000 0.00000000000 0.00000000000 0.00000000000 0.00000000000 0.00000000000 0.00000000000 0.00000000000 0.00000000000 0.00000000000 0.00000000000 0.00000000000 0.00000000000 0.00000000000 0.00000000000 0.00000000000 0.00000000000 0.00000000000 0.00000000000 0.00000000000 0.00000000000
# log_avg_GrowthK:
-1.02151300000
# log_avg_Linf:
3.36611700000
# GrowthK_dev:
 0.00000000000 0.00000000000 0.00000000000 0.00000000000 0.00000000000 0.00000000000 0.00000000000 0.00000000000 0.00000000000 0.00000000000 0.00000000000 0.00000000000 0.00000000000 0.00000000000 0.00000000000 0.00000000000 0.00000000000 0.00000000000 0.00000000000 0.00000000000 0.00000000000 0.00000000000 0.00000000000 0.00000000000 0.00000000000 0.00000000000 0.00000000000 0.00000000000
# Linf_dev:
 0.00000000000 0.00000000000 0.00000000000 0.00000000000 0.00000000000 0.00000000000 0.00000000000 0.00000000000 0.00000000000 0.00000000000 0.00000000000 0.00000000000 0.00000000000 0.00000000000 0.00000000000 0.00000000000 0.00000000000 0.00000000000 0.00000000000 0.00000000000 0.00000000000 0.00000000000 0.00000000000 0.00000000000 0.00000000000 0.00000000000 0.00000000000 0.00000000000
# SelPars50:
1.70388951187
# SelPars95:
2.76233135979
# SelPars_dev50:
 0.00000000000 0.00000000000 0.00000000000 0.00000000000 0.00000000000 0.00000000000 0.00000000000 0.00000000000 0.00000000000 0.00000000000 0.00000000000 0.00000000000 0.00000000000 0.00000000000 0.00000000000 0.00000000000 0.00000000000 0.00000000000 0.00000000000 0.00000000000 0.00000000000 0.00000000000 0.00000000000 0.00000000000 0.00000000000 0.00000000000 0.00000000000 0.00000000000
# SelPars_dev95:
 0.00000000000 0.00000000000 0.00000000000 0.00000000000 0.00000000000 0.00000000000 0.00000000000 0.00000000000 0.00000000000 0.00000000000 0.00000000000 0.00000000000 0.00000000000 0.00000000000 0.00000000000 0.00000000000 0.00000000000 0.00000000000 0.00000000000 0.00000000000 0.00000000000 0.00000000000 0.00000000000 0.00000000000 0.00000000000 0.00000000000 0.00000000000 0.00000000000
