# Number of parameters = 79 Objective function value = 20747.3655325216  Maximum gradient component = 0.000326261148662528
# srv_sel50:
0.979245871224
# srv_sel95:
1.04888973443
# stNatLen:
 10.7164928922 9.66402937259 8.25316870979 7.28300318128 6.62795891807 6.14730076578 5.77682516376 5.48384470563 5.24959706252 5.06243054311 4.91473120338 4.80137859429 4.71890853987 4.66503894788 4.63838319856
# log_avg_fmort_dir:
0.299292112190
# fmort_dir_dev:
 0.166153310707 0.214060694672 0.174581250373 0.140751028119 0.219537796646 0.296273623736 0.222422164704 0.171746093261 0.219336335718 0.362862782543 0.329241779448 0.332379482190 0.355967628182 0.408940512534 0.417569768860 0.525181802427 0.539412594540 0.448845047381 0.518863340812 0.502325701843 0.513738683638 0.566620613793 0.492612818441 0.575059402803 0.562164699150 0.650285176465 0.668281360125 0.630757025812 -11.2259725189
# mean_log_rec:
13.3138444376
# rec_dev:
 -2.39999322716 -2.04247843818 -1.63326070833 -1.37606633533 -1.44920841171 -1.34139209477 -0.871611252634 -0.446765247019 -0.189895895119 -0.00263743195778 0.321803343818 0.607197403783 0.729029957253 0.605990068189 0.541593676202 0.504772092328 0.453928814853 0.457274794302 0.440527323157 0.552134631453 0.671222059601 0.703668407110 0.780275145649 0.816591784576 0.876872438091 0.823379777426 0.595058017014 0.635994654169 0.635994653231
# log_avg_NatM:
-1.36837500000
# m_dev:
 0.00000000000 0.00000000000 0.00000000000 0.00000000000 0.00000000000 0.00000000000 0.00000000000 0.00000000000 0.00000000000 0.00000000000 0.00000000000 0.00000000000 0.00000000000 0.00000000000 0.00000000000 0.00000000000 0.00000000000 0.00000000000 0.00000000000 0.00000000000 0.00000000000 0.00000000000 0.00000000000 0.00000000000 0.00000000000 0.00000000000 0.00000000000 0.00000000000 0.00000000000
# log_avg_GrowthK:
-1.19613400000
# log_avg_Linf:
3.45239700000
# GrowthK_dev:
 0.00000000000 0.00000000000 0.00000000000 0.00000000000 0.00000000000 0.00000000000 0.00000000000 0.00000000000 0.00000000000 0.00000000000 0.00000000000 0.00000000000 0.00000000000 0.00000000000 0.00000000000 0.00000000000 0.00000000000 0.00000000000 0.00000000000 0.00000000000 0.00000000000 0.00000000000 0.00000000000 0.00000000000 0.00000000000 0.00000000000 0.00000000000 0.00000000000 0.00000000000
# Linf_dev:
 0.00000000000 0.00000000000 0.00000000000 0.00000000000 0.00000000000 0.00000000000 0.00000000000 0.00000000000 0.00000000000 0.00000000000 0.00000000000 0.00000000000 0.00000000000 0.00000000000 0.00000000000 0.00000000000 0.00000000000 0.00000000000 0.00000000000 0.00000000000 0.00000000000 0.00000000000 0.00000000000 0.00000000000 0.00000000000 0.00000000000 0.00000000000 0.00000000000 0.00000000000
# SelPars50:
1.00716351903
# SelPars95:
1.11866470083
# SelPars_dev50:
 0.00000000000 0.00000000000 0.00000000000 0.00000000000 0.00000000000 0.00000000000 0.00000000000 0.00000000000 0.00000000000 0.00000000000 0.00000000000 0.00000000000 0.00000000000 0.00000000000 0.00000000000 0.00000000000 0.00000000000 0.00000000000 0.00000000000 0.00000000000 0.00000000000 0.00000000000 0.00000000000 0.00000000000 0.00000000000 0.00000000000 0.00000000000 0.00000000000 0.00000000000
# SelPars_dev95:
 0.00000000000 0.00000000000 0.00000000000 0.00000000000 0.00000000000 0.00000000000 0.00000000000 0.00000000000 0.00000000000 0.00000000000 0.00000000000 0.00000000000 0.00000000000 0.00000000000 0.00000000000 0.00000000000 0.00000000000 0.00000000000 0.00000000000 0.00000000000 0.00000000000 0.00000000000 0.00000000000 0.00000000000 0.00000000000 0.00000000000 0.00000000000 0.00000000000 0.00000000000
