# Number of parameters = 78 Objective function value = 25253.4679555052  Maximum gradient component = 0.000219894504380537
# srv_sel50:
0.690602225507
# srv_sel95:
3.41960883741
# stNatLen:
 12.8375168066 11.6482587096 10.6004327248 9.80074102229 9.19283718260 8.72245937594 8.35160547741 8.05540665995 7.81758211774 7.62725820541 7.47702311471 7.36176377070 7.27796484470 7.22328234314 7.19628391477
# log_avg_fmort_dir:
0.556943044783
# fmort_dir_dev:
 0.115547923316 0.00961982733599 0.0537212108346 -0.0615682815540 0.149612028672 -0.0397787131830 0.0538434679451 0.0218158650759 -0.0142596666370 0.0561645645722 -0.00958940837398 0.0205977188485 0.119092257529 -0.187687722514 0.0908194140311 0.00690894427767 0.0151678307558 0.0611998257668 0.0867436704938 -0.0240250391988 -0.191964751972 0.0292710589696 0.163294331791 -0.139291066172 -0.117145171426 -0.141403640903 -0.118164047884 -0.00854243039692
# mean_log_rec:
13.9003780442
# rec_dev:
 -0.807282960993 -0.755378642235 -0.700837759800 -0.657534450621 -0.626303717507 -0.438008566940 -0.401671220263 -0.384855647826 -0.356112247549 -0.373376736379 -0.208233879047 -0.133801124589 -0.166188955403 0.0126900318154 0.000629196317231 0.0765175864036 0.246417778538 0.403726154261 0.435560504708 0.421911224967 0.492609044954 0.470841302974 0.444299568814 0.474001851918 0.599770510576 0.660981144139 0.634815001366 0.634815007401
# log_avg_NatM:
-0.162205989122
# m_dev:
 0.00000000000 0.00000000000 0.00000000000 0.00000000000 0.00000000000 0.00000000000 0.00000000000 0.00000000000 0.00000000000 0.00000000000 0.00000000000 0.00000000000 0.00000000000 0.00000000000 0.00000000000 0.00000000000 0.00000000000 0.00000000000 0.00000000000 0.00000000000 0.00000000000 0.00000000000 0.00000000000 0.00000000000 0.00000000000 0.00000000000 0.00000000000 0.00000000000
# log_avg_GrowthK:
-1.02151300000
# log_avg_Linf:
3.36611700000
# GrowthK_dev:
 0.00000000000 0.00000000000 0.00000000000 0.00000000000 0.00000000000 0.00000000000 0.00000000000 0.00000000000 0.00000000000 0.00000000000 0.00000000000 0.00000000000 0.00000000000 0.00000000000 0.00000000000 0.00000000000 0.00000000000 0.00000000000 0.00000000000 0.00000000000 0.00000000000 0.00000000000 0.00000000000 0.00000000000 0.00000000000 0.00000000000 0.00000000000 0.00000000000
# Linf_dev:
 0.00000000000 0.00000000000 0.00000000000 0.00000000000 0.00000000000 0.00000000000 0.00000000000 0.00000000000 0.00000000000 0.00000000000 0.00000000000 0.00000000000 0.00000000000 0.00000000000 0.00000000000 0.00000000000 0.00000000000 0.00000000000 0.00000000000 0.00000000000 0.00000000000 0.00000000000 0.00000000000 0.00000000000 0.00000000000 0.00000000000 0.00000000000 0.00000000000
# SelPars50:
1.52729152582
# SelPars95:
3.02952902332
# SelPars_dev50:
 0.00000000000 0.00000000000 0.00000000000 0.00000000000 0.00000000000 0.00000000000 0.00000000000 0.00000000000 0.00000000000 0.00000000000 0.00000000000 0.00000000000 0.00000000000 0.00000000000 0.00000000000 0.00000000000 0.00000000000 0.00000000000 0.00000000000 0.00000000000 0.00000000000 0.00000000000 0.00000000000 0.00000000000 0.00000000000 0.00000000000 0.00000000000 0.00000000000
# SelPars_dev95:
 0.00000000000 0.00000000000 0.00000000000 0.00000000000 0.00000000000 0.00000000000 0.00000000000 0.00000000000 0.00000000000 0.00000000000 0.00000000000 0.00000000000 0.00000000000 0.00000000000 0.00000000000 0.00000000000 0.00000000000 0.00000000000 0.00000000000 0.00000000000 0.00000000000 0.00000000000 0.00000000000 0.00000000000 0.00000000000 0.00000000000 0.00000000000 0.00000000000
