#Simulated generalized assessment 
# 
#start/end year 
69 96 
#number of ages 
15 
#ages 
1 2 3 4 5 6 7 8 9 10 11 12 13 14 15 
#Number of length bins 
25 
#CPUE years 
28 
#years for CPUE 
69 70 71 72 73 74 75 76 77 78 79 80 81 82 83 84 85 86 87 88 89 90 91 92 93 94 95 96 
#survey years 
28 
#years for survey 
69 70 71 72 73 74 75 76 77 78 79 80 81 82 83 84 85 86 87 88 89 90 91 92 93 94 95 96 
#length freq from catch years 
28 
#years for length freq catch 
69 70 71 72 73 74 75 76 77 78 79 80 81 82 83 84 85 86 87 88 89 90 91 92 93 94 95 96 
#catch length sample sizes 
200 200 200 200 200 200 200 200 200 200 200 200 200 200 200 200 200 200 200 200 200 200 200 200 200 200 200 200 
#length freq from survey years 
28 
#years for length freq survey 
69 70 71 72 73 74 75 76 77 78 79 80 81 82 83 84 85 86 87 88 89 90 91 92 93 94 95 96 
#survey sample sizes 
200 200 200 200 200 200 200 200 200 200 200 200 200 200 200 200 200 200 200 200 200 200 200 200 200 200 200 200 
#total survey biomass 
7909.869 9625.01 9945.658 7038.978 12770.95 12609.91 12849.97 22541.48 31232.35 36225.07 32271.99 75086.53 64477.93 60359.7 65428.77 42952.99 58033.2 45736.25 58499.55 41149.55 56495.86 68639.51 88937.71 74509.07 64420.69 71372.34 56931.8 93481.99 
#survey CV 
0.2 0.2 0.2 0.2 0.2 0.2 0.2 0.2 0.2 0.2 0.2 0.2 0.2 0.2 0.2 0.2 0.2 0.2 0.2 0.2 0.2 0.2 0.2 0.2 0.2 0.2 0.2 0.2 
#total CPUE 
3329.158 5525.239 6659.19 6476.748 10747.82 8392.962 6153.269 7705.729 16308.31 20441.06 16442.2 25715.2 42724.97 42536.62 38882.06 30124.25 33489.96 29509.14 24440.15 37620.5 41267.98 32754.87 42895.44 28987.91 39862.45 56742.38 35926.84 41767.62 
#CPUE CV 
0.2 0.2 0.2 0.2 0.2 0.2 0.2 0.2 0.2 0.2 0.2 0.2 0.2 0.2 0.2 0.2 0.2 0.2 0.2 0.2 0.2 0.2 0.2 0.2 0.2 0.2 0.2 0.2 
#total catch biomass 
3255.258 3315.655 3678.598 4819.919 6084.081 8038.959 8708.552 7062.087 8245.491 18610.66 21949.87 19953.23 34330.35 50013.72 44257.41 43678.9 28848.46 36828.62 33128.07 33769.29 35656.95 34061.59 41958.4 43845.71 45133.65 50482.07 44308.72 41570.15 
#catch CV 
0.05 0.05 0.05 0.05 0.05 0.05 0.05 0.05 0.05 0.05 0.05 0.05 0.05 0.05 0.05 0.05 0.05 0.05 0.05 0.05 0.05 0.05 0.05 0.05 0.05 0.05 0.05 0.05 
#Length Bins 
0.6062379 1.818714 3.03119 4.243665 5.456141 6.668617 7.881093 9.093569 10.30604 11.51852 12.731 13.94347 15.15595 16.36842 17.5809 18.79338 20.00585 21.21833 22.4308 23.64328 24.85575 26.06823 27.28071 28.49318 29.70566 
#catch length counts 
7.57284e-36 3.70638e-29 4.170478e-23 1.078863e-17 6.416404e-13 8.773274e-09 2.757886e-05 0.0199313 3.311614 126.4994 1110.918 2243.133 1062.03 666.3837 3393.907 4784.969 1909.108 1418.991 1128.989 435.7808 189.4419 57.99592 13.00725 1.806442 0.129061 
8.019953e-36 3.925211e-29 4.41671e-23 1.142561e-17 6.795239e-13 9.291262e-09 2.920716e-05 0.02110808 3.507137 133.9681 1176.508 2375.567 1124.292 693.9893 3522.585 4965.383 1967.16 1422.345 1124.362 423.8357 179.9816 54.18704 11.84228 1.587383 0.1090606 
1.255791e-35 6.146226e-29 6.915832e-23 1.78906e-17 1.064021e-12 1.454857e-08 4.573355e-05 0.03305173 5.491592 209.7717 1842.216 3719.638 1748.463 768.1605 3570.567 5029.28 1969.859 1359.437 1064.697 390.1087 160.3548 46.91205 9.966837 1.300074 0.08637496 
1.508178e-35 7.381488e-29 8.305769e-23 2.148624e-17 1.277867e-12 1.747252e-08 5.492503e-05 0.03969444 6.595287 251.9315 2212.463 4467.269 2106.941 1110.442 5435.487 7645.047 2796.988 1360.385 1007.718 355.201 139.7308 39.43113 8.052958 1.01575 0.06549019 
2.225565e-35 1.08926e-28 1.225653e-22 3.170648e-17 1.885703e-12 2.578358e-08 8.105092e-05 0.05857567 9.73243 371.7663 3264.852 6592.098 3098.492 1355.849 6294.071 8855.862 3324.986 1876.786 1390.648 402.9475 123.8131 32.46706 6.289007 0.7588083 0.04711361 
2.695448e-35 1.319235e-28 1.484424e-22 3.840065e-17 2.28383e-12 3.122726e-08 9.816315e-05 0.07094272 11.78723 450.2571 3954.159 7983.967 3762.329 1898.556 9188.887 12921.04 4690.198 2164.718 1563.301 483.2187 154.7546 33.68677 5.229035 0.5747957 0.03387496 
2.122591e-35 1.038861e-28 1.168943e-22 3.023946e-17 1.798454e-12 2.45906e-08 7.730078e-05 0.05586544 9.282121 354.5651 3113.792 6287.339 2984.06 2061.594 10695.82 15051.49 5559.103 2860.686 2081.542 580.8749 162.7863 36.17731 5.351898 0.4817414 0.02420185 
1.652132e-35 8.086039e-29 9.09854e-23 2.353706e-17 1.399837e-12 1.914025e-08 6.016753e-05 0.0434832 7.224796 275.9779 2423.639 4893.781 2321.794 1581.628 8184.777 11533.24 4494.066 3028.855 2300.866 671.2832 196.6415 40.09264 5.367773 0.462959 0.02048436 
6.039624e-35 2.955977e-28 3.326113e-22 8.60434e-17 5.117323e-12 6.997015e-08 0.0002199518 0.1589596 26.41136 1008.88 8859.985 17888.72 8342.564 1927.415 6381.128 8966.247 3472.203 2280.211 1755.538 588.694 207.0082 44.79178 6.014483 0.4775449 0.01947136 
8.869571e-35 4.34104e-28 4.884608e-22 1.263602e-16 7.515113e-12 1.027556e-07 0.0003230131 0.2334423 38.78676 1481.604 13011.45 26271.44 12333.94 5018.04 22728.69 31892.06 10714.93 2268.796 1285.736 419.1291 149.0203 36.79682 5.783612 0.4837984 0.01909717 
4.041501e-35 1.978035e-28 2.225716e-22 5.757717e-17 3.42433e-12 4.682153e-08 0.0001471839 0.1063701 17.67354 675.1066 5928.789 11971.95 5751.025 5764.763 31597.63 44429.39 15699.2 5902.813 3937.827 840.2705 119.2913 23.56122 3.883522 0.3717334 0.01628137 
1.075373e-34 5.263205e-28 5.922243e-22 1.532028e-16 9.111546e-12 1.245839e-07 0.0003916306 0.2830323 47.02622 1796.341 15775.47 31851.56 14872.92 3929.419 14401.2 20286.13 8401.54 7092.969 5436.25 1363.971 290.3051 42.4921 3.315173 0.2442989 0.01139118 
1.850455e-34 9.056696e-28 1.019074e-21 2.636248e-16 1.567875e-11 2.143786e-07 0.0006739011 0.4870298 80.92068 3091.066 27145.74 54809.43 25666.76 8729.52 36795.83 51616.42 17444.12 4041.109 2436.163 902.152 339.6026 62.96421 5.955853 0.3066353 0.008413017 
1.433096e-34 7.014013e-28 7.89228e-22 2.041658e-16 1.214251e-11 1.660268e-07 0.0005219068 0.3771831 62.66951 2393.895 21023.19 42449.31 20087.41 12328.66 62499.32 87801.69 30320.8 9159.332 5759.68 1249.152 195.8095 43.47586 6.720678 0.4542108 0.01242012 
1.381218e-34 6.760103e-28 7.606576e-22 1.967749e-16 1.170294e-11 1.600166e-07 0.0005030136 0.363529 60.40085 2307.235 20262.14 40912.08 19296.47 10188.43 49894.49 70210.82 26196.18 14272.93 10304.18 2400.702 427.3015 61.11765 5.251499 0.4045385 0.01570131 
8.066635e-35 3.948059e-28 4.442419e-22 1.149212e-16 6.834792e-12 9.345344e-08 0.0002937717 0.2123094 35.27551 1347.479 11833.57 23894.57 11380.44 8894.756 47120.65 66292.64 24130.31 11339.98 8162.435 2373.37 668.4094 111.0208 9.186177 0.460775 0.01339662 
1.381832e-34 6.763112e-28 7.609962e-22 1.968625e-16 1.170815e-11 1.600878e-07 0.0005032374 0.3636908 60.42773 2308.262 20271.16 40929.11 19169.53 6593.314 27934.51 39321.87 15329.33 10347.54 7807.62 2135.985 569.3489 115.7904 13.91891 0.8164946 0.02031793 
1.078416e-34 5.278101e-28 5.939004e-22 1.536364e-16 9.137333e-12 1.249365e-07 0.000392739 0.2838333 47.15931 1801.425 15820.12 31943.47 15119.08 9360.795 47540.45 66789.59 23097.83 7101.512 4677.718 1519.116 510.1262 102.982 12.71172 0.9344008 0.03034166 
1.106373e-34 5.414928e-28 6.092964e-22 1.576192e-16 9.374205e-12 1.281753e-07 0.0004029202 0.2911913 48.38185 1848.124 16230.23 32770.91 15436.1 7613.468 36621.97 51527.83 19204.09 10399.11 7502.314 1759.007 343.0027 73.0133 10.7063 0.8265872 0.02981384 
1.300357e-34 6.364347e-28 7.161265e-22 1.852552e-16 1.101782e-11 1.506488e-07 0.0004735657 0.3422469 56.86481 2172.162 19075.93 38516.51 18113.93 8187.761 38397.41 53975.18 19457.26 8556.813 6079.947 1762.62 495.2066 84.19449 8.393309 0.6526539 0.026256 
1.012398e-34 4.954986e-28 5.57543e-22 1.442311e-16 8.577964e-12 1.172882e-07 0.0003686963 0.2664576 44.27231 1691.145 14851.64 29987.9 14186.94 8613.047 43563.89 61241.51 21781.32 8649.927 5955.833 1573.904 395.3445 79.3107 9.604285 0.6115998 0.01996946 
1.584984e-34 7.757398e-28 8.728748e-22 2.258045e-16 1.342944e-11 1.836233e-07 0.0005772214 0.4171592 69.31158 2647.613 23251.34 46946.47 22001.46 7926.55 34262.87 48176.35 17888.32 9489.803 6877.263 1751.368 400.3079 73.24264 8.574496 0.6228168 0.02102975 
1.276554e-34 6.247846e-28 7.030176e-22 1.81864e-16 1.081613e-11 1.478911e-07 0.0004648969 0.335982 55.82388 2132.4 18726.75 37812.33 17883.86 10734.12 54158.99 76093.77 26439.53 8526.781 5616.12 1611.019 453.6044 82.81216 8.810315 0.5938717 0.0205303 
1.481594e-34 7.251376e-28 8.159364e-22 2.11075e-16 1.255342e-11 1.716454e-07 0.0005395687 0.3899475 64.79033 2474.907 21734.64 43884.75 20639.99 9367.262 43983.82 61873.52 22986.41 12226.49 8808.543 2096.507 415.1312 78.81685 9.749827 0.6567862 0.02104324 
1.83351e-34 8.973763e-28 1.009742e-21 2.612108e-16 1.553518e-11 2.124155e-07 0.0006677301 0.48257 80.17968 3062.761 26897.17 54308.34 25525.19 11131.94 51619.12 72538.91 25881.6 10544.56 7368.406 2119.981 590.831 101.2038 9.801863 0.6667271 0.02304705 
1.449485e-34 7.094224e-28 7.982535e-22 2.065006e-16 1.228137e-11 1.679255e-07 0.0005278752 0.3814966 63.38619 2421.271 21263.61 42934.67 20307.58 12216.12 61666.64 86681.69 30714.55 11831.65 8067.483 2071.047 490.8869 96.79809 11.65827 0.733897 0.02226635 
1.358297e-34 6.647923e-28 7.48035e-22 1.935096e-16 1.150874e-11 1.573612e-07 0.0004946663 0.3574964 59.39854 2268.948 19925.9 40233.17 18976.13 10016.2 49047.09 69009.53 25614.88 13560.51 9814.664 2473.668 550.0787 97.2739 10.84209 0.7704054 0.02571593 
1.45655e-34 7.128804e-28 8.021444e-22 2.075072e-16 1.234123e-11 1.68744e-07 0.0005304482 0.3833561 63.69515 2433.073 21367.25 43143.18 20318.26 9930.089 47643.99 66999.22 24427.64 11603.37 8358.607 2407.502 678.44 122.5063 12.6407 0.8166491 0.02717137 
#survey length counts 
3.95324e-35 1.934837e-28 2.177109e-22 5.631977e-17 3.349547e-12 4.579901e-08 0.0001439696 0.1040471 17.28758 660.3632 5799.31 11709.14 5468.541 1471.693 5459.891 7678.642 2984.253 1992.814 1560.464 587.4535 249.3556 75.20271 16.46912 2.211261 0.1521143 
5.922844e-35 2.898822e-28 3.2618e-22 8.43797e-17 5.018376e-12 6.861723e-08 0.0002156989 0.155886 25.90068 989.3727 8688.672 17542.79 8175.91 1748.159 5390.598 7569.129 2913.727 1863.976 1446.144 529.4055 217.596 63.77395 13.57863 1.774207 0.1180255 
6.810448e-35 3.333242e-28 3.750618e-22 9.702494e-17 5.770436e-12 7.890029e-08 0.0002480237 0.1792473 29.78219 1137.641 9990.766 20171.86 9412.204 2303.442 7989.384 11210.97 4056.792 1834.894 1341.149 472.4597 185.9103 52.56266 10.75911 1.359467 0.08776529 
9.763312e-35 4.778465e-28 5.376805e-22 1.390929e-16 8.272373e-12 1.131098e-07 0.0003555615 0.2569651 42.69511 1630.898 14322.55 28917.82 13478.62 2916.773 9099.996 12766.81 4733.318 2491.531 1826.408 529.0799 162.65 42.73405 8.29719 1.002907 0.0623527 
1.13094e-34 5.535165e-28 6.228256e-22 1.611191e-16 9.582356e-12 1.310214e-07 0.0004118669 0.2976571 49.45615 1889.161 16590.62 33497.28 15627.86 3772.019 12943.03 18158 6529.825 2823.359 2013.307 622.3394 199.4631 43.4939 6.769718 0.7456626 0.04400662 
8.644217e-35 4.230745e-28 4.760502e-22 1.231497e-16 7.324173e-12 1.001448e-07 0.0003148061 0.2275111 37.80129 1443.96 12680.86 25603.55 11975.27 3687.518 14805.41 20800.67 7604.763 3676.281 2646.744 738.7827 207.2893 46.15423 6.844225 0.6172671 0.03106154 
6.616964e-35 3.238545e-28 3.644063e-22 9.426847e-17 5.606499e-12 7.665874e-08 0.0002409774 0.1741549 28.93608 1105.321 9706.931 19598.97 9166.154 2805.078 11225.81 15790.92 6070.661 3852.937 2905.17 847.9997 248.7221 50.7988 6.819049 0.5892702 0.02611179 
2.329908e-34 1.140328e-27 1.283116e-21 3.319299e-16 1.974111e-11 2.699241e-07 0.0008485087 0.613219 101.8872 3891.96 34179.19 69008.53 32084.52 4815.879 8618.905 12030.28 4601.736 2856.126 2183.337 732.8517 258.1037 55.95006 7.53163 0.5991358 0.02446733 
3.265999e-34 1.59848e-27 1.798635e-21 4.652899e-16 2.767253e-11 3.783719e-07 0.001189415 0.8595931 142.8226 5455.639 47911.43 96735.15 45084.68 9659.7 29844.68 41768.63 13995.72 2838.075 1571.449 512.6721 182.683 45.211 7.12322 0.5968758 0.0235949 
1.468506e-34 7.18732e-28 8.087287e-22 2.092105e-16 1.244253e-11 1.701291e-07 0.0005348024 0.3865028 64.21799 2453.045 21542.64 43496.95 20442.52 8882.266 41137.61 57788.31 20303.1 7263.141 4786.262 1021.544 145.4234 28.81248 4.762009 0.4566378 0.02002571 
3.789376e-34 1.854637e-27 2.086867e-21 5.398529e-16 3.210707e-11 4.390062e-07 0.00138002 0.9973433 165.71 6329.908 55589.25 112236.1 52210.29 8571.864 18533.37 25975.34 10611.17 8560.467 6532.956 1640.872 350.1649 51.32624 4.016864 0.2969671 0.01386902 
6.506133e-34 3.184301e-27 3.583027e-21 9.268951e-16 5.512592e-11 7.537474e-07 0.002369411 1.712379 284.5141 10868.07 95443.43 192703.6 89736.97 17241.16 47229.25 66039.98 22256.49 4949.062 2927.302 1085.723 409.5558 76.04846 7.211242 0.3719698 0.0102273 
5.130849e-34 2.511195e-27 2.825637e-21 7.309655e-16 4.347325e-11 5.944182e-07 0.001868559 1.350411 224.3728 8570.751 75268.34 151971.7 71036.72 20731.05 80813.58 113354.3 38981 11241.97 6963.395 1510.571 237.5261 52.90472 8.195219 0.5545878 0.01518467 
4.885783e-34 2.391252e-27 2.690675e-21 6.960522e-16 4.139683e-11 5.660269e-07 0.00177931 1.285911 213.656 8161.384 71673.28 144712.3 67564.79 17642.89 64144.29 90087.17 33329.33 17306.76 12400.63 2891.239 515.9958 73.92846 6.373244 0.4923241 0.01913057 
2.875765e-34 1.407488e-27 1.583728e-21 4.096954e-16 2.436612e-11 3.331626e-07 0.0010473 0.7568857 125.7576 4803.779 42186.79 85178.71 39910.46 14154.18 60775.1 85395.28 30860.36 13811.8 9852.206 2868.341 809.7019 134.678 11.17141 0.5616027 0.01636259 
4.892979e-34 2.394774e-27 2.694638e-21 6.970775e-16 4.145781e-11 5.668606e-07 0.001781931 1.287805 213.9707 8173.405 71778.85 144924 67490.1 13041.47 35980.4 50476.25 19466.31 12529.59 9399.794 2574.816 688.2279 140.269 16.90163 0.9929488 0.02474476 
3.791895e-34 1.85587e-27 2.088254e-21 5.402116e-16 3.212841e-11 4.392979e-07 0.001380937 0.998006 165.8201 6334.114 55626.2 112313 52506.22 15516.27 60916.57 85452.2 29430.23 8651.987 5619.377 1827.651 615.2349 124.4433 15.40406 1.134442 0.03688286 
3.921408e-34 1.919257e-27 2.159579e-21 5.586627e-16 3.322576e-11 4.543022e-07 0.001428103 1.032093 171.4837 6550.458 57526.12 116148.2 54201.78 13448.58 47135.82 66181.22 24458.34 12619.77 9035.249 2120.024 414.6862 88.51628 13.01182 1.006323 0.03634979 
4.507702e-34 2.206208e-27 2.48246e-21 6.42189e-16 3.819338e-11 5.222255e-07 0.00164162 1.186403 197.1225 7529.824 66126.92 133513.4 62272.93 14592.71 48890.19 68570.74 24564.01 10319.44 7265.693 2109.455 594.2274 101.1954 10.12056 0.7889639 0.03178409 
3.547273e-34 1.736144e-27 1.953537e-21 5.053616e-16 3.005575e-11 4.109581e-07 0.00129185 0.9336229 155.1228 5925.49 52037.65 105067.4 49111.17 14308.67 55725.71 78214.42 27660.43 10486.28 7144.29 1890.051 476.1592 95.73693 11.62218 0.7414297 0.02425379 
5.609932e-34 2.745673e-27 3.089475e-21 7.992181e-16 4.753249e-11 6.499209e-07 0.002043032 1.476504 245.3232 9371.029 82296.38 166159.4 77396.85 15421 44113.22 61834.1 22771.98 11512.45 8278.625 2110.36 483.7094 88.6891 10.41257 0.7578268 0.02562338 
4.545521e-34 2.224717e-27 2.503287e-21 6.475768e-16 3.851382e-11 5.266069e-07 0.001655393 1.196356 198.7763 7592.998 66681.71 134634.6 62922.03 18078.73 69839.95 97969.34 33887.11 10431.96 6776.808 1946.13 549.3144 100.4635 10.71792 0.7240026 0.0250688 
5.276511e-34 2.582486e-27 2.905855e-21 7.517173e-16 4.470744e-11 6.112935e-07 0.001921606 1.388749 230.7426 8814.07 77405.17 156284.7 72890.97 17004.65 56759.78 79659.76 29348.45 14866.85 10626.87 2531.232 502.6579 95.66377 11.86421 0.8006404 0.02569277 
6.38882e-34 3.126884e-27 3.51842e-21 9.101821e-16 5.413194e-11 7.401565e-07 0.002326688 1.681503 279.384 10672.11 93722.47 189229.9 88239.25 20126.83 65899.46 92389.9 32774.06 12752.41 8821.666 2541.601 710.2017 121.8504 11.83668 0.807048 0.02793846 
5.109612e-34 2.500801e-27 2.813941e-21 7.2794e-16 4.329332e-11 5.919579e-07 0.001860825 1.344822 223.4441 8535.276 74956.8 151342.6 70734.32 20422.78 79121.47 111038.8 39127.77 14382.24 9698.271 2492.099 592.411 117.0807 14.13612 0.8914197 0.0270916 
4.880703e-34 2.388766e-27 2.687878e-21 6.953285e-16 4.135379e-11 5.654384e-07 0.00177746 1.284574 213.4339 8152.899 71598.76 144561.9 67491.32 17538.98 63554.89 89246.1 32847.97 16546.05 11879.51 2996.734 668.1228 118.3825 13.23254 0.9421752 0.03149204 
5.125827e-34 2.508737e-27 2.822871e-21 7.3025e-16 4.34307e-11 5.938364e-07 0.00186673 1.34909 224.1531 8562.362 75194.66 151821.9 70846.16 17496.12 61105.21 85749.97 31042.58 14061.47 10041.96 2896.275 818.29 148.0202 15.31557 0.9915834 0.03304586 
8.104417e-34 3.96655e-27 4.463226e-21 1.154594e-15 6.866805e-11 9.389116e-07 0.002951477 2.133038 354.4074 13537.9 118889.9 240043 111812.4 22295.69 63835.28 89415.92 31969.74 13232.04 9227.118 2528.264 676.7614 137.4217 17.03109 1.128913 0.03499396 
