# Number of parameters = 79 Objective function value = 22474.4687264903  Maximum gradient component = 0.000795775530514158
# srv_sel50:
1.07731820819
# srv_sel95:
2.10558169951
# stNatLen:
 10.6314865457 10.3209495713 8.51530489980 7.21176189251 6.37136219455 5.79353467953 5.36604095305 5.03665841026 4.77788874274 4.57366227547 4.41392756217 4.29213510686 4.20394890593 4.14653917094 4.11819987085
# log_avg_fmort_dir:
0.579742607852
# fmort_dir_dev:
 -0.791874112677 -0.502712989241 -0.563053604869 -0.534718505920 -0.334524270702 -0.240331129028 -0.241102363612 -0.151407864715 -0.0655041086961 0.0629791038000 0.0770382755959 0.164113916198 0.0697213252304 0.130178739999 0.238790531000 0.204799932518 0.344607576618 0.254023876931 0.436797995764 0.411575258466 0.510410102444 0.500369679575 0.476823490604 0.555998761904 0.516802137146 0.621099904638 0.531270836455 0.591822372765 -3.27399486819
# mean_log_rec:
13.2978277846
# rec_dev:
 -2.28833888792 -1.78909192321 -1.57808652793 -1.34004043540 -1.07648474537 -0.947245877144 -0.794009512088 -0.546586366094 -0.103316874106 0.0218167392692 0.204632842723 0.558915518844 0.649353238696 0.407241059576 0.374006365444 0.403288737247 0.388312934615 0.477521480581 0.341182930558 0.468596476331 0.506724380612 0.508267752050 0.710312306225 0.850263922127 0.800715412092 0.638392798723 0.511369859582 0.821143210196 0.821143183775
# log_avg_NatM:
-1.37331700000
# m_dev:
 0.00000000000 0.00000000000 0.00000000000 0.00000000000 0.00000000000 0.00000000000 0.00000000000 0.00000000000 0.00000000000 0.00000000000 0.00000000000 0.00000000000 0.00000000000 0.00000000000 0.00000000000 0.00000000000 0.00000000000 0.00000000000 0.00000000000 0.00000000000 0.00000000000 0.00000000000 0.00000000000 0.00000000000 0.00000000000 0.00000000000 0.00000000000 0.00000000000 0.00000000000
# log_avg_GrowthK:
-1.18630400000
# log_avg_Linf:
3.44583300000
# GrowthK_dev:
 0.00000000000 0.00000000000 0.00000000000 0.00000000000 0.00000000000 0.00000000000 0.00000000000 0.00000000000 0.00000000000 0.00000000000 0.00000000000 0.00000000000 0.00000000000 0.00000000000 0.00000000000 0.00000000000 0.00000000000 0.00000000000 0.00000000000 0.00000000000 0.00000000000 0.00000000000 0.00000000000 0.00000000000 0.00000000000 0.00000000000 0.00000000000 0.00000000000 0.00000000000
# Linf_dev:
 0.00000000000 0.00000000000 0.00000000000 0.00000000000 0.00000000000 0.00000000000 0.00000000000 0.00000000000 0.00000000000 0.00000000000 0.00000000000 0.00000000000 0.00000000000 0.00000000000 0.00000000000 0.00000000000 0.00000000000 0.00000000000 0.00000000000 0.00000000000 0.00000000000 0.00000000000 0.00000000000 0.00000000000 0.00000000000 0.00000000000 0.00000000000 0.00000000000 0.00000000000
# SelPars50:
1.14325550989
# SelPars95:
1.51526032818
# SelPars_dev50:
 0.00000000000 0.00000000000 0.00000000000 0.00000000000 0.00000000000 0.00000000000 0.00000000000 0.00000000000 0.00000000000 0.00000000000 0.00000000000 0.00000000000 0.00000000000 0.00000000000 0.00000000000 0.00000000000 0.00000000000 0.00000000000 0.00000000000 0.00000000000 0.00000000000 0.00000000000 0.00000000000 0.00000000000 0.00000000000 0.00000000000 0.00000000000 0.00000000000 0.00000000000
# SelPars_dev95:
 0.00000000000 0.00000000000 0.00000000000 0.00000000000 0.00000000000 0.00000000000 0.00000000000 0.00000000000 0.00000000000 0.00000000000 0.00000000000 0.00000000000 0.00000000000 0.00000000000 0.00000000000 0.00000000000 0.00000000000 0.00000000000 0.00000000000 0.00000000000 0.00000000000 0.00000000000 0.00000000000 0.00000000000 0.00000000000 0.00000000000 0.00000000000 0.00000000000 0.00000000000
