# Number of parameters = 77 Objective function value = 22915.3834891950  Maximum gradient component = 3697.87662416365
# srv_sel50:
0.999769392533
# srv_sel95:
1.00136933714
# stNatLen:
 9.88335284097 8.59184660906 7.37138256443 6.45484113831 5.78796266822 5.29492612001 4.90562007783 4.61000617597 4.35709934234 4.17050044932 4.01120830155 3.88793091268 3.81673772126 3.75246471165 3.72575195583
# log_avg_fmort_dir:
0.487776747643
# fmort_dir_dev:
 -0.339475800067 -0.597854280161 -0.390302543648 -0.381973199630 -0.255528770590 -0.171139645121 -0.186839427610 -0.258400714474 -0.183724841715 -0.0857708136352 0.137715502922 -0.00612041783408 0.0412665699744 -0.113499302988 0.165129531168 0.127883281423 0.138747938728 0.146750183708 0.127307206998 0.226252281911 0.221771539327 0.313524413895 0.370785282803 0.270916336820 0.471862477137 0.351922038236 0.0621336390299 -0.203338466607
# mean_log_rec:
13.7039106741
# rec_dev:
 -3.07598298732 -2.63753028887 -2.11533126493 -1.63771836951 -1.22320444124 -0.844876535023 -0.541145215046 -0.144681331714 0.188914982701 0.449865081282 0.480893977973 0.481414769128 0.408566080588 0.498933432435 0.528838501916 0.526069851798 0.490147214472 0.440124117706 0.516964772871 0.536468589980 0.597140029028 0.711466980440 0.782307614154 0.874213315004 0.716068138519 0.774819047365 1.11183519431 1.10541874199
# log_avg_NatM:
-1.06837800000
# m_dev:
 0.00000000000 0.00000000000 0.00000000000 0.00000000000 0.00000000000 0.00000000000 0.00000000000 0.00000000000 0.00000000000 0.00000000000 0.00000000000 0.00000000000 0.00000000000 0.00000000000 0.00000000000 0.00000000000 0.00000000000 0.00000000000 0.00000000000 0.00000000000 0.00000000000 0.00000000000 0.00000000000 0.00000000000 0.00000000000 0.00000000000 0.00000000000 0.00000000000
# log_avg_GrowthK:
-1.19807800000
# log_avg_Linf:
3.45748100000
# GrowthK_dev:
 0.00000000000 0.00000000000 0.00000000000 0.00000000000 0.00000000000 0.00000000000 0.00000000000 0.00000000000 0.00000000000 0.00000000000 0.00000000000 0.00000000000 0.00000000000 0.00000000000 0.00000000000 0.00000000000 0.00000000000 0.00000000000 0.00000000000 0.00000000000 0.00000000000 0.00000000000 0.00000000000 0.00000000000 0.00000000000 0.00000000000 0.00000000000 0.00000000000
# Linf_dev:
 0.00000000000 0.00000000000 0.00000000000 0.00000000000 0.00000000000 0.00000000000 0.00000000000 0.00000000000 0.00000000000 0.00000000000 0.00000000000 0.00000000000 0.00000000000 0.00000000000 0.00000000000 0.00000000000 0.00000000000 0.00000000000 0.00000000000 0.00000000000 0.00000000000 0.00000000000 0.00000000000 0.00000000000 0.00000000000 0.00000000000 0.00000000000 0.00000000000
# SelPars50:
1.07596649120
# SelPars95:
1.49989692277
# SelPars_dev50:
 0.00000000000 0.00000000000 0.00000000000 0.00000000000 0.00000000000 0.00000000000 0.00000000000 0.00000000000 0.00000000000 0.00000000000 0.00000000000 0.00000000000 0.00000000000 0.00000000000 0.00000000000 0.00000000000 0.00000000000 0.00000000000 0.00000000000 0.00000000000 0.00000000000 0.00000000000 0.00000000000 0.00000000000 0.00000000000 0.00000000000 0.00000000000 0.00000000000
# SelPars_dev95:
 0.00000000000 0.00000000000 0.00000000000 0.00000000000 0.00000000000 0.00000000000 0.00000000000 0.00000000000 0.00000000000 0.00000000000 0.00000000000 0.00000000000 0.00000000000 0.00000000000 0.00000000000 0.00000000000 0.00000000000 0.00000000000 0.00000000000 0.00000000000 0.00000000000 0.00000000000 0.00000000000 0.00000000000 0.00000000000 0.00000000000 0.00000000000 0.00000000000
