# Number of parameters = 217 Objective function value = 94844.3  Maximum gradient component = 0.00166549
# srv_sel50:
2.36454597187
# srv_sel95:
8.91676102625
# stNatLen:
 8.02864732651 7.64060846581 7.27131569999 6.97329898763 6.70536048473 6.43923590486 6.16392651415 5.89289253374 5.64730334031 5.43796311789 5.26696811389 5.13231368855 5.03170109142 4.96431155669 4.92967696093
# log_avg_fmort_dir:
-0.236981001071
# fmort_dir_dev:
 -1.71840111633 -1.33453584395 -1.38247022828 -1.27286847460 -1.33087351933 -1.34498995116 -1.27686662945 -1.27020351272 -1.28162805073 -1.37074474274 -1.37556582897 -1.33394856360 -1.33133902135 -1.39166670832 -1.37773001480 -1.38348046910 -1.25035456411 -1.27610443619 -1.36602860305 -1.33914330763 -1.31533867487 -1.41903537122 -1.31285105305 -1.45745375408 -1.41498740004 -1.31405159885 -1.38103436004 -1.37856227329 -1.45103567671 -1.35556875208 -1.38592053922 -1.36176207409 -1.37278064001 -1.30199713940 -1.35187879601 -1.43933419395 -1.29835770176 -1.36638652945 -1.40454785882 -1.37858649279 -1.26795267387 -1.09080356984 -0.833277131441 -0.757620774410 -0.648905107638 -0.540673047818 -0.395675012775 -0.316204558135 -0.313888297149 -0.150914433367 -0.163256716695 -0.0724439615708 -0.0128162380054 0.0547754531444 0.0698450321153 0.265213035729 0.286420647246 0.296731694291 0.267069478113 0.378111357916 0.388851035459 0.494970474389 0.571851855098 0.559558208304 0.625992725974 0.635342870085 0.624609209118 0.741022915560 0.885495720538 1.08786051519 1.07536300861 1.05312209439 1.18288764219 1.33942043079 1.37213969248 1.58232249978 1.50048665570 1.64415409749 1.77504371506 1.84226198122 1.90435186329 1.84390304290 1.94682598329 1.88999676401 1.92900958956 1.86988536691 1.97057127421 1.86811201565 2.00108145787 2.01735105213 1.86962809851 1.98913419567 1.96778634918 2.00807264950 2.18451879743 2.38446481759 4.56462504290 2.22460358229
# mean_log_rec:
8.09484857604
# rec_dev:
 -0.0671940333952 -0.104747781729 -0.115029785581 -0.113909185912 -0.116299435937 -0.116615048042 -0.116063671561 -0.117914798961 -0.120504992690 -0.128972744981 -0.138066937181 -0.140203762923 -0.136772347156 -0.123743938413 -0.119797868248 -0.124283525686 -0.123557606605 -0.127004138710 -0.131513187181 -0.134755387396 -0.129877744762 -0.119260180042 -0.113877036699 -0.116382313607 -0.120388798537 -0.121652161436 -0.121915499308 -0.129546143264 -0.133662480455 -0.130032765581 -0.137307676969 -0.155028880889 -0.167332335713 -0.174696965729 -0.180759405337 -0.187194035968 -0.197484937051 -0.208099923643 -0.220063300768 -0.240399868779 -0.266675713003 -0.287257540397 -0.297720631708 -0.299802423595 -0.304297825015 -0.308181930879 -0.307505179330 -0.305948172854 -0.289276122322 -0.272997430326 -0.263694362210 -0.238103973189 -0.217818948359 -0.235400625282 -0.263140256038 -0.260453491560 -0.241409207901 -0.235065360216 -0.230096572453 -0.229568870882 -0.229023363861 -0.222492088025 -0.225121120674 -0.230850610784 -0.215392828144 -0.194695962736 -0.163978113560 -0.110944004603 -0.0588053356638 -0.0228871259628 0.0289389300380 0.100218645973 0.159851611486 0.199238351510 0.245910531015 0.286707018991 0.346900160656 0.384607874210 0.431018521985 0.434584275440 0.452851253039 0.478695402182 0.500937793488 0.485731229994 0.460001197072 0.479609471853 0.516548650528 0.506274886566 0.483978336770 0.524404174674 0.565467074748 0.558242848586 0.535548200268 0.527676509587 0.252588145501 -0.0708859420596 1.33743632908 1.33743634118
# log_avg_NatM:
-1.14665100000
# m_dev:
 0.00000000000 0.00000000000 0.00000000000 0.00000000000 0.00000000000 0.00000000000 0.00000000000 0.00000000000 0.00000000000 0.00000000000 0.00000000000 0.00000000000 0.00000000000 0.00000000000 0.00000000000 0.00000000000 0.00000000000 0.00000000000 0.00000000000 0.00000000000 0.00000000000 0.00000000000 0.00000000000 0.00000000000 0.00000000000 0.00000000000 0.00000000000 0.00000000000 0.00000000000 0.00000000000 0.00000000000 0.00000000000 0.00000000000 0.00000000000 0.00000000000 0.00000000000 0.00000000000 0.00000000000 0.00000000000 0.00000000000 0.00000000000 0.00000000000 0.00000000000 0.00000000000 0.00000000000 0.00000000000 0.00000000000 0.00000000000 0.00000000000 0.00000000000 0.00000000000 0.00000000000 0.00000000000 0.00000000000 0.00000000000 0.00000000000 0.00000000000 0.00000000000 0.00000000000 0.00000000000 0.00000000000 0.00000000000 0.00000000000 0.00000000000 0.00000000000 0.00000000000 0.00000000000 0.00000000000 0.00000000000 0.00000000000 0.00000000000 0.00000000000 0.00000000000 0.00000000000 0.00000000000 0.00000000000 0.00000000000 0.00000000000 0.00000000000 0.00000000000 0.00000000000 0.00000000000 0.00000000000 0.00000000000 0.00000000000 0.00000000000 0.00000000000 0.00000000000 0.00000000000 0.00000000000 0.00000000000 0.00000000000 0.00000000000 0.00000000000 0.00000000000 0.00000000000 0.00000000000 0.00000000000
# log_avg_GrowthK:
-0.967584000000
# log_avg_Linf:
3.40453700000
# GrowthK_dev:
 0.00000000000 0.00000000000 0.00000000000 0.00000000000 0.00000000000 0.00000000000 0.00000000000 0.00000000000 0.00000000000 0.00000000000 0.00000000000 0.00000000000 0.00000000000 0.00000000000 0.00000000000 0.00000000000 0.00000000000 0.00000000000 0.00000000000 0.00000000000 0.00000000000 0.00000000000 0.00000000000 0.00000000000 0.00000000000 0.00000000000 0.00000000000 0.00000000000 0.00000000000 0.00000000000 0.00000000000 0.00000000000 0.00000000000 0.00000000000 0.00000000000 0.00000000000 0.00000000000 0.00000000000 0.00000000000 0.00000000000 0.00000000000 0.00000000000 0.00000000000 0.00000000000 0.00000000000 0.00000000000 0.00000000000 0.00000000000 0.00000000000 0.00000000000 0.00000000000 0.00000000000 0.00000000000 0.00000000000 0.00000000000 0.00000000000 0.00000000000 0.00000000000 0.00000000000 0.00000000000 0.00000000000 0.00000000000 0.00000000000 0.00000000000 0.00000000000 0.00000000000 0.00000000000 0.00000000000 0.00000000000 0.00000000000 0.00000000000 0.00000000000 0.00000000000 0.00000000000 0.00000000000 0.00000000000 0.00000000000 0.00000000000 0.00000000000 0.00000000000 0.00000000000 0.00000000000 0.00000000000 0.00000000000 0.00000000000 0.00000000000 0.00000000000 0.00000000000 0.00000000000 0.00000000000 0.00000000000 0.00000000000 0.00000000000 0.00000000000 0.00000000000 0.00000000000 0.00000000000 0.00000000000
# Linf_dev:
 0.00000000000 0.00000000000 0.00000000000 0.00000000000 0.00000000000 0.00000000000 0.00000000000 0.00000000000 0.00000000000 0.00000000000 0.00000000000 0.00000000000 0.00000000000 0.00000000000 0.00000000000 0.00000000000 0.00000000000 0.00000000000 0.00000000000 0.00000000000 0.00000000000 0.00000000000 0.00000000000 0.00000000000 0.00000000000 0.00000000000 0.00000000000 0.00000000000 0.00000000000 0.00000000000 0.00000000000 0.00000000000 0.00000000000 0.00000000000 0.00000000000 0.00000000000 0.00000000000 0.00000000000 0.00000000000 0.00000000000 0.00000000000 0.00000000000 0.00000000000 0.00000000000 0.00000000000 0.00000000000 0.00000000000 0.00000000000 0.00000000000 0.00000000000 0.00000000000 0.00000000000 0.00000000000 0.00000000000 0.00000000000 0.00000000000 0.00000000000 0.00000000000 0.00000000000 0.00000000000 0.00000000000 0.00000000000 0.00000000000 0.00000000000 0.00000000000 0.00000000000 0.00000000000 0.00000000000 0.00000000000 0.00000000000 0.00000000000 0.00000000000 0.00000000000 0.00000000000 0.00000000000 0.00000000000 0.00000000000 0.00000000000 0.00000000000 0.00000000000 0.00000000000 0.00000000000 0.00000000000 0.00000000000 0.00000000000 0.00000000000 0.00000000000 0.00000000000 0.00000000000 0.00000000000 0.00000000000 0.00000000000 0.00000000000 0.00000000000 0.00000000000 0.00000000000 0.00000000000 0.00000000000
# SelPars50:
3.27564888640
# SelPars95:
5.04979080259
# SelPars_dev50:
 0.00000000000 0.00000000000 0.00000000000 0.00000000000 0.00000000000 0.00000000000 0.00000000000 0.00000000000 0.00000000000 0.00000000000 0.00000000000 0.00000000000 0.00000000000 0.00000000000 0.00000000000 0.00000000000 0.00000000000 0.00000000000 0.00000000000 0.00000000000 0.00000000000 0.00000000000 0.00000000000 0.00000000000 0.00000000000 0.00000000000 0.00000000000 0.00000000000 0.00000000000 0.00000000000 0.00000000000 0.00000000000 0.00000000000 0.00000000000 0.00000000000 0.00000000000 0.00000000000 0.00000000000 0.00000000000 0.00000000000 0.00000000000 0.00000000000 0.00000000000 0.00000000000 0.00000000000 0.00000000000 0.00000000000 0.00000000000 0.00000000000 0.00000000000 0.00000000000 0.00000000000 0.00000000000 0.00000000000 0.00000000000 0.00000000000 0.00000000000 0.00000000000 0.00000000000 0.00000000000 0.00000000000 0.00000000000 0.00000000000 0.00000000000 0.00000000000 0.00000000000 0.00000000000 0.00000000000 0.00000000000 0.00000000000 0.00000000000 0.00000000000 0.00000000000 0.00000000000 0.00000000000 0.00000000000 0.00000000000 0.00000000000 0.00000000000 0.00000000000 0.00000000000 0.00000000000 0.00000000000 0.00000000000 0.00000000000 0.00000000000 0.00000000000 0.00000000000 0.00000000000 0.00000000000 0.00000000000 0.00000000000 0.00000000000 0.00000000000 0.00000000000 0.00000000000 0.00000000000 0.00000000000
# SelPars_dev95:
 0.00000000000 0.00000000000 0.00000000000 0.00000000000 0.00000000000 0.00000000000 0.00000000000 0.00000000000 0.00000000000 0.00000000000 0.00000000000 0.00000000000 0.00000000000 0.00000000000 0.00000000000 0.00000000000 0.00000000000 0.00000000000 0.00000000000 0.00000000000 0.00000000000 0.00000000000 0.00000000000 0.00000000000 0.00000000000 0.00000000000 0.00000000000 0.00000000000 0.00000000000 0.00000000000 0.00000000000 0.00000000000 0.00000000000 0.00000000000 0.00000000000 0.00000000000 0.00000000000 0.00000000000 0.00000000000 0.00000000000 0.00000000000 0.00000000000 0.00000000000 0.00000000000 0.00000000000 0.00000000000 0.00000000000 0.00000000000 0.00000000000 0.00000000000 0.00000000000 0.00000000000 0.00000000000 0.00000000000 0.00000000000 0.00000000000 0.00000000000 0.00000000000 0.00000000000 0.00000000000 0.00000000000 0.00000000000 0.00000000000 0.00000000000 0.00000000000 0.00000000000 0.00000000000 0.00000000000 0.00000000000 0.00000000000 0.00000000000 0.00000000000 0.00000000000 0.00000000000 0.00000000000 0.00000000000 0.00000000000 0.00000000000 0.00000000000 0.00000000000 0.00000000000 0.00000000000 0.00000000000 0.00000000000 0.00000000000 0.00000000000 0.00000000000 0.00000000000 0.00000000000 0.00000000000 0.00000000000 0.00000000000 0.00000000000 0.00000000000 0.00000000000 0.00000000000 0.00000000000 0.00000000000
