# Number of parameters = 80 Objective function value = 19327.1187392411  Maximum gradient component = 0.000640515590326476
# srv_sel50:
1.38826150150
# srv_sel95:
2.68268690787
# stNatLen:
 11.7375059536 9.96322255667 8.38282349752 7.32879825729 6.59508768414 6.04623986115 5.61869311432 5.27852464380 5.00556076555 4.78694364578 4.61411796573 4.48126778394 4.38444794804 4.32108335065 4.28968225076
# log_avg_fmort_dir:
0.621526056792
# fmort_dir_dev:
 -0.957666096141 -0.328158919756 -0.278497688079 -0.376391957300 -0.630822862752 -0.190515689083 -0.136608942868 -0.150406690318 -0.0935323375017 -0.172466219042 -0.127414995921 -0.263017970138 -0.0908711312258 0.110233753853 0.248337368786 0.158396830149 0.175321545792 0.132537966511 0.152829465235 0.120494796274 0.115073545163 0.142397644752 0.219465668843 0.215364115649 0.294317788854 0.277045597136 0.264677853597 0.314183225284 0.855694334249
# mean_log_rec:
14.4657766745
# rec_dev:
 -2.15525223270 -1.89471482743 -1.69213962872 -0.974605077392 -0.922460491161 -1.01606213391 -0.650596946868 -0.383810078554 -0.156072232651 0.0539063124115 0.312302128259 0.556987209355 0.710880884514 0.547190353907 0.440624770382 0.479427029140 0.367090468317 0.342936134166 0.371757489221 0.406702445994 0.465897891691 0.500148324017 0.571366183501 0.708256106924 0.695973910340 0.615118196262 0.575201936384 0.561972938055 0.561972936549
# log_avg_NatM:
0.367300358402
# m_dev:
 0.00000000000 0.00000000000 0.00000000000 0.00000000000 0.00000000000 0.00000000000 0.00000000000 0.00000000000 0.00000000000 0.00000000000 0.00000000000 0.00000000000 0.00000000000 0.00000000000 0.00000000000 0.00000000000 0.00000000000 0.00000000000 0.00000000000 0.00000000000 0.00000000000 0.00000000000 0.00000000000 0.00000000000 0.00000000000 0.00000000000 0.00000000000 0.00000000000 0.00000000000
# log_avg_GrowthK:
-1.19613400000
# log_avg_Linf:
3.45239700000
# GrowthK_dev:
 0.00000000000 0.00000000000 0.00000000000 0.00000000000 0.00000000000 0.00000000000 0.00000000000 0.00000000000 0.00000000000 0.00000000000 0.00000000000 0.00000000000 0.00000000000 0.00000000000 0.00000000000 0.00000000000 0.00000000000 0.00000000000 0.00000000000 0.00000000000 0.00000000000 0.00000000000 0.00000000000 0.00000000000 0.00000000000 0.00000000000 0.00000000000 0.00000000000 0.00000000000
# Linf_dev:
 0.00000000000 0.00000000000 0.00000000000 0.00000000000 0.00000000000 0.00000000000 0.00000000000 0.00000000000 0.00000000000 0.00000000000 0.00000000000 0.00000000000 0.00000000000 0.00000000000 0.00000000000 0.00000000000 0.00000000000 0.00000000000 0.00000000000 0.00000000000 0.00000000000 0.00000000000 0.00000000000 0.00000000000 0.00000000000 0.00000000000 0.00000000000 0.00000000000 0.00000000000
# SelPars50:
1.04415723496
# SelPars95:
1.16515692001
# SelPars_dev50:
 0.00000000000 0.00000000000 0.00000000000 0.00000000000 0.00000000000 0.00000000000 0.00000000000 0.00000000000 0.00000000000 0.00000000000 0.00000000000 0.00000000000 0.00000000000 0.00000000000 0.00000000000 0.00000000000 0.00000000000 0.00000000000 0.00000000000 0.00000000000 0.00000000000 0.00000000000 0.00000000000 0.00000000000 0.00000000000 0.00000000000 0.00000000000 0.00000000000 0.00000000000
# SelPars_dev95:
 0.00000000000 0.00000000000 0.00000000000 0.00000000000 0.00000000000 0.00000000000 0.00000000000 0.00000000000 0.00000000000 0.00000000000 0.00000000000 0.00000000000 0.00000000000 0.00000000000 0.00000000000 0.00000000000 0.00000000000 0.00000000000 0.00000000000 0.00000000000 0.00000000000 0.00000000000 0.00000000000 0.00000000000 0.00000000000 0.00000000000 0.00000000000 0.00000000000 0.00000000000
