# Number of parameters = 77 Objective function value = 21668.7990696568  Maximum gradient component = 0.0475352976520247
# srv_sel50:
1.10640119729
# srv_sel95:
2.33666655113
# stNatLen:
 10.5500695576 10.1866059867 8.37391714879 7.05419501763 6.20185933994 5.61539242191 5.18118780932 4.84642617276 4.58329800580 4.37554548524 4.21299456421 4.08901348899 3.99921286846 3.94073365053 3.91186610859
# log_avg_fmort_dir:
0.701050473797
# fmort_dir_dev:
 -1.00333754240 -0.655663121306 -0.664093969709 -0.614533254199 -0.485749620893 -0.396298535378 -0.270301977583 -0.171664445270 -0.155315421861 -0.109005268365 -0.0514751369896 -0.0599715369964 -0.0300740402940 -0.00452878884903 0.0569869822921 0.145912500779 0.199774574854 0.256660187562 0.248141209363 0.224268910029 0.382862775027 0.390377206315 0.372239939729 0.416947661328 0.480369309264 0.507272693447 0.396765130589 0.593433579516
# mean_log_rec:
13.2462968700
# rec_dev:
 -2.26150857252 -1.75045098849 -1.56418423331 -1.32666167053 -0.995115271630 -0.841531792759 -0.724925404938 -0.522246454681 -0.132873597591 0.00295749810919 0.218105852346 0.632135776509 0.650183218223 0.447314627237 0.434096631802 0.480839502780 0.459912584098 0.446851196989 0.368829227759 0.548969557495 0.567700074530 0.608793809310 0.784232064091 0.860841768609 0.800039064315 0.649526518355 0.579084507360 0.579084506545
# log_avg_NatM:
-1.37331700000
# m_dev:
 0.00000000000 0.00000000000 0.00000000000 0.00000000000 0.00000000000 0.00000000000 0.00000000000 0.00000000000 0.00000000000 0.00000000000 0.00000000000 0.00000000000 0.00000000000 0.00000000000 0.00000000000 0.00000000000 0.00000000000 0.00000000000 0.00000000000 0.00000000000 0.00000000000 0.00000000000 0.00000000000 0.00000000000 0.00000000000 0.00000000000 0.00000000000 0.00000000000
# log_avg_GrowthK:
-1.18630400000
# log_avg_Linf:
3.44583300000
# GrowthK_dev:
 0.00000000000 0.00000000000 0.00000000000 0.00000000000 0.00000000000 0.00000000000 0.00000000000 0.00000000000 0.00000000000 0.00000000000 0.00000000000 0.00000000000 0.00000000000 0.00000000000 0.00000000000 0.00000000000 0.00000000000 0.00000000000 0.00000000000 0.00000000000 0.00000000000 0.00000000000 0.00000000000 0.00000000000 0.00000000000 0.00000000000 0.00000000000 0.00000000000
# Linf_dev:
 0.00000000000 0.00000000000 0.00000000000 0.00000000000 0.00000000000 0.00000000000 0.00000000000 0.00000000000 0.00000000000 0.00000000000 0.00000000000 0.00000000000 0.00000000000 0.00000000000 0.00000000000 0.00000000000 0.00000000000 0.00000000000 0.00000000000 0.00000000000 0.00000000000 0.00000000000 0.00000000000 0.00000000000 0.00000000000 0.00000000000 0.00000000000 0.00000000000
# SelPars50:
1.04785753444
# SelPars95:
1.16864290671
# SelPars_dev50:
 0.00000000000 0.00000000000 0.00000000000 0.00000000000 0.00000000000 0.00000000000 0.00000000000 0.00000000000 0.00000000000 0.00000000000 0.00000000000 0.00000000000 0.00000000000 0.00000000000 0.00000000000 0.00000000000 0.00000000000 0.00000000000 0.00000000000 0.00000000000 0.00000000000 0.00000000000 0.00000000000 0.00000000000 0.00000000000 0.00000000000 0.00000000000 0.00000000000
# SelPars_dev95:
 0.00000000000 0.00000000000 0.00000000000 0.00000000000 0.00000000000 0.00000000000 0.00000000000 0.00000000000 0.00000000000 0.00000000000 0.00000000000 0.00000000000 0.00000000000 0.00000000000 0.00000000000 0.00000000000 0.00000000000 0.00000000000 0.00000000000 0.00000000000 0.00000000000 0.00000000000 0.00000000000 0.00000000000 0.00000000000 0.00000000000 0.00000000000 0.00000000000
