# Number of parameters = 78 Objective function value = 19324.6492029840  Maximum gradient component = 0.00165172207091447
# srv_sel50:
2.65243486753
# srv_sel95:
6.06091686525
# stNatLen:
 12.1571084273 10.3048267822 8.86564205991 7.84766370770 7.11580986804 6.56999257361 6.14952455766 5.81878268190 5.55599288755 5.34724214192 5.18333101866 5.05804977529 4.96719555469 4.90799707300 4.87877769393
# log_avg_fmort_dir:
0.523624182593
# fmort_dir_dev:
 -0.339683549280 0.0192143036664 0.257164090618 0.0751850098066 -0.0742709090808 0.151425259456 0.0626812262244 -0.201200082198 -0.376398177257 -0.276894070556 -0.177550466936 -0.147869403852 0.0616378342558 0.0137461888202 0.170593974659 0.261188441736 0.246581624287 0.0666236932639 0.112413185426 0.0471956077166 -0.00415464823200 0.0357832912160 -0.0546878095565 0.0167031996107 -0.0290665109891 -0.0326334996095 0.0179515759603 0.0983206208242
# mean_log_rec:
14.7081751666
# rec_dev:
 -2.18668215945 -2.24550830990 -2.21411041382 -1.76802660974 -1.53189173060 -1.44178577756 -1.00817519458 -0.316601168563 0.0489250346058 0.177943801920 0.384127378251 0.653112279047 0.741215421654 0.643859139267 0.550212830358 0.543106460380 0.557700267456 0.558553015604 0.586120468912 0.670401904703 0.745813751609 0.776879829323 0.897635525270 0.970650465006 0.961246678390 0.817673011681 0.713802046190 0.713802054587
# log_avg_NatM:
0.516686813898
# m_dev:
 0.00000000000 0.00000000000 0.00000000000 0.00000000000 0.00000000000 0.00000000000 0.00000000000 0.00000000000 0.00000000000 0.00000000000 0.00000000000 0.00000000000 0.00000000000 0.00000000000 0.00000000000 0.00000000000 0.00000000000 0.00000000000 0.00000000000 0.00000000000 0.00000000000 0.00000000000 0.00000000000 0.00000000000 0.00000000000 0.00000000000 0.00000000000 0.00000000000
# log_avg_GrowthK:
-1.02151300000
# log_avg_Linf:
3.36611700000
# GrowthK_dev:
 0.00000000000 0.00000000000 0.00000000000 0.00000000000 0.00000000000 0.00000000000 0.00000000000 0.00000000000 0.00000000000 0.00000000000 0.00000000000 0.00000000000 0.00000000000 0.00000000000 0.00000000000 0.00000000000 0.00000000000 0.00000000000 0.00000000000 0.00000000000 0.00000000000 0.00000000000 0.00000000000 0.00000000000 0.00000000000 0.00000000000 0.00000000000 0.00000000000
# Linf_dev:
 0.00000000000 0.00000000000 0.00000000000 0.00000000000 0.00000000000 0.00000000000 0.00000000000 0.00000000000 0.00000000000 0.00000000000 0.00000000000 0.00000000000 0.00000000000 0.00000000000 0.00000000000 0.00000000000 0.00000000000 0.00000000000 0.00000000000 0.00000000000 0.00000000000 0.00000000000 0.00000000000 0.00000000000 0.00000000000 0.00000000000 0.00000000000 0.00000000000
# SelPars50:
2.42313519378
# SelPars95:
5.09398287053
# SelPars_dev50:
 0.00000000000 0.00000000000 0.00000000000 0.00000000000 0.00000000000 0.00000000000 0.00000000000 0.00000000000 0.00000000000 0.00000000000 0.00000000000 0.00000000000 0.00000000000 0.00000000000 0.00000000000 0.00000000000 0.00000000000 0.00000000000 0.00000000000 0.00000000000 0.00000000000 0.00000000000 0.00000000000 0.00000000000 0.00000000000 0.00000000000 0.00000000000 0.00000000000
# SelPars_dev95:
 0.00000000000 0.00000000000 0.00000000000 0.00000000000 0.00000000000 0.00000000000 0.00000000000 0.00000000000 0.00000000000 0.00000000000 0.00000000000 0.00000000000 0.00000000000 0.00000000000 0.00000000000 0.00000000000 0.00000000000 0.00000000000 0.00000000000 0.00000000000 0.00000000000 0.00000000000 0.00000000000 0.00000000000 0.00000000000 0.00000000000 0.00000000000 0.00000000000
