# Number of parameters = 605 Objective function value = 94116.8  Maximum gradient component = 519.769
# srv_sel50:
0.921898302708
# srv_sel95:
0.922128409345
# stNatLen:
 6.33075548574 6.10094885543 6.00521847400 5.73923991249 5.51804837187 5.22831225550 4.83039286157 4.47026322605 4.26415737260 4.27385671481 4.45900784935 4.78978061675 5.18486224028 5.53318641828 5.71829322675
# log_avg_fmort_dir:
-0.529264928723
# fmort_dir_dev:
 -0.734302813676 -0.714680135064 -0.623829290134 -0.750152427044 -0.823898758959 -0.968118519056 -0.866243551018 -0.909855949755 -0.932869680114 -0.894839709336 -0.871399575260 -1.01946592965 -1.01139707685 -1.00108001051 -1.05383108439 -0.987414436875 -1.05124195688 -0.974225738907 -0.998614386444 -0.909824304758 -0.973899265966 -0.919929573200 -1.01584596425 -0.943445584775 -1.02663478681 -0.920154244687 -0.908700984857 -0.965389425047 -0.935193861529 -0.997043067602 -0.890932381923 -0.889645257171 -0.955088555191 -1.13892998362 -1.14886004369 -0.998489003856 -0.854538033533 -1.03811855465 -1.01745909860 -1.03728468416 -0.834015472490 -0.795540032183 -0.594800362112 -0.385159637578 -0.392543948262 -0.272134315919 -0.147409159475 -0.102886215153 -0.0831502235885 -0.0272433949693 0.0606520117014 0.123820176751 0.179225470222 0.239996955899 0.351315739063 0.577726425629 0.578210819599 0.628421044960 0.703367710099 0.658512098268 0.675642345850 0.719767376405 0.788197441006 0.858195441527 0.799843616218 0.881317257945 0.822527766738 0.887684119066 0.921196213643 0.941940005820 1.04031429034 1.11784004605 1.05827171321 1.04845234395 1.11574186167 1.18886275897 1.18942228803 1.22111505098 1.21260381286 1.17590863009 0.833828148498 0.278019488308 0.816316048930 1.15141562521 1.21937610382 1.24310037427 1.28703993219 1.21778258369 1.24881465616 1.12327146446 1.13216033103 1.12162450664 1.08624704649 1.13808148114 0.748562638809 0.317298743400 1.57871844596
# mean_log_rec:
6.99726018813
# rec_dev:
 -0.529117691127 -0.465608582338 -0.415595045244 -0.369359076437 -0.384278725812 -0.399951966867 -0.469172054890 -0.491408666056 -0.496036060131 -0.477274022183 -0.464394698163 -0.422601102969 -0.368345775759 -0.346839194713 -0.336493463594 -0.379222691758 -0.377075740633 -0.394939377569 -0.379038415917 -0.399052695666 -0.389727255455 -0.381911263048 -0.378413058726 -0.361887194533 -0.393225588003 -0.394973984201 -0.402956566960 -0.398595441054 -0.431430152499 -0.454855212354 -0.462967510035 -0.422527226533 -0.362457766541 -0.322286982019 -0.319593676372 -0.345318747292 -0.379532850748 -0.341835366624 -0.323842811456 -0.371160249662 -0.386234127713 -0.381805544751 -0.360274811832 -0.323846938511 -0.302745740578 -0.280491976088 -0.254050742175 -0.226320745603 -0.229371429153 -0.225036000391 -0.220383952494 -0.202553384057 -0.208684702513 -0.251572977219 -0.298192371570 -0.299256088666 -0.286513025837 -0.267290734377 -0.261599814388 -0.243045644247 -0.207639549558 -0.200038694761 -0.179482954212 -0.153695704840 -0.148411472264 -0.123853147366 -0.0581843272802 0.00916158532459 0.106184390275 0.223484634176 0.301812585270 0.345162594770 0.390223142963 0.459038474107 0.543408163736 0.623786677558 0.707539036895 0.832051567852 1.00726061761 1.10187275125 0.555273700913 0.715142288359 0.969164165164 0.968160238334 0.994630355731 1.01711328717 1.01691361781 1.02912675569 1.03205576379 1.04505101582 1.04989985370 1.08283748962 1.17724208800 1.22118489097 0.684529885351 0.683384900735 0.693184035444
# log_avg_NatM:
-3.00392587425
# m_dev:
 0.869436903059 0.896269618298 0.837258643840 0.909551749145 1.10730773823 1.22988142695 1.58996414303 1.25795661378 1.06238193787 1.18611809391 1.24933880504 0.995497379228 0.940562548084 1.12195073092 1.27354179087 1.45434603211 1.28980178889 1.29175439863 1.18714218346 1.33102521071 1.18929178513 1.19658168686 1.24990524232 1.15942233186 1.33515272493 1.21343460816 1.25405861242 1.24091528389 1.29667850603 1.33802637035 1.36159136663 1.04236460478 0.994890187167 1.08673178605 1.19652856122 1.46304525787 1.52775821831 1.15663875934 1.28994680002 1.64793468019 1.40814176041 1.20827679005 1.21014975900 1.02558787719 1.08108337396 1.10410625844 0.992942026122 1.07305734279 1.29948414981 1.28344805830 1.12640645085 0.944946572655 1.13224002030 1.11828579057 0.949221006401 0.667422329829 0.430079243751 0.240551467434 0.130772599973 0.0605680023955 0.0696250822470 0.00218949354102 -0.0725635832613 -0.0687506538344 -0.0926894912147 -0.0955054279302 -0.0943280384594 -0.177117256170 -0.285844571188 -0.424204017097 -0.628066016914 -0.799847751864 -0.962507684587 -1.15236131083 -1.37154211947 -1.58610360994 -1.77836902024 -1.96392492486 -2.12715013646 -2.27825534082 -2.41646564366 -2.53189726590 -2.63175677534 -2.73134670158 -2.81262673454 -2.87868900532 -2.94625500617 -3.00723110288 -3.06403126254 -3.12079797670 -3.15770476838 -3.20206407435 -3.23356250202 -3.26201561693 -3.28840809997 -3.31341826393 -3.32316881025
# log_avg_GrowthK:
-0.967584000000
# log_avg_Linf:
3.39608005922
# GrowthK_dev:
 0.00000000000 0.00000000000 0.00000000000 0.00000000000 0.00000000000 0.00000000000 0.00000000000 0.00000000000 0.00000000000 0.00000000000 0.00000000000 0.00000000000 0.00000000000 0.00000000000 0.00000000000 0.00000000000 0.00000000000 0.00000000000 0.00000000000 0.00000000000 0.00000000000 0.00000000000 0.00000000000 0.00000000000 0.00000000000 0.00000000000 0.00000000000 0.00000000000 0.00000000000 0.00000000000 0.00000000000 0.00000000000 0.00000000000 0.00000000000 0.00000000000 0.00000000000 0.00000000000 0.00000000000 0.00000000000 0.00000000000 0.00000000000 0.00000000000 0.00000000000 0.00000000000 0.00000000000 0.00000000000 0.00000000000 0.00000000000 0.00000000000 0.00000000000 0.00000000000 0.00000000000 0.00000000000 0.00000000000 0.00000000000 0.00000000000 0.00000000000 0.00000000000 0.00000000000 0.00000000000 0.00000000000 0.00000000000 0.00000000000 0.00000000000 0.00000000000 0.00000000000 0.00000000000 0.00000000000 0.00000000000 0.00000000000 0.00000000000 0.00000000000 0.00000000000 0.00000000000 0.00000000000 0.00000000000 0.00000000000 0.00000000000 0.00000000000 0.00000000000 0.00000000000 0.00000000000 0.00000000000 0.00000000000 0.00000000000 0.00000000000 0.00000000000 0.00000000000 0.00000000000 0.00000000000 0.00000000000 0.00000000000 0.00000000000 0.00000000000 0.00000000000 0.00000000000 0.00000000000
# Linf_dev:
 0.125309354674 0.0594588603050 0.0623717389116 0.0656326380512 0.0591662212735 0.0485213242414 0.0418133253085 0.0271336979993 0.0279167160692 0.0289488533519 0.0259592875383 0.0236415233984 0.0278326224460 0.0286073954318 0.0259959493375 0.0273303258871 0.0243758689504 0.0280803829983 0.0252043057326 0.0285389192890 0.0240855699286 0.0279204802025 0.0270042181316 0.0257413176205 0.0293788406172 0.0251531342381 0.0286672565416 0.0260298993228 0.0270756661839 0.0260668081906 0.0266050697998 0.0230641085983 0.0285294331957 0.0270535615337 0.0251023067457 0.0266660218790 0.0249828671229 0.0222653591155 0.0280821683474 0.0250456817191 0.0184658510775 0.0207281173173 0.0192445686937 0.0127771455433 0.0134919882523 0.00975661817153 0.00819420191158 0.0101896596652 0.0105586221314 0.00998960405883 0.0122978167753 0.0138628592605 0.0186603827754 0.0171025906467 0.0198699127368 0.0224567199567 0.0263103563063 0.0287093480451 0.0313816563091 0.0323666308829 0.0341604382102 0.0338949806994 0.0365374047666 0.0387986391589 0.0385334983223 0.0407347029459 0.0399764290961 0.0342320526320 0.0297959601652 0.0239302078090 0.0174486028623 0.0136703184199 0.00545567707858 -0.00382523765814 -0.0126836599596 -0.0178652532669 -0.0250016626862 -0.0339235218390 -0.0443722439062 -0.0534616190648 -0.0501689591554 -0.0470761982234 -0.515477111772 -0.0837201612594 -0.0551172234107 -0.0554587578713 -0.0529824335494 -0.0532423994978 -0.0550140258776 -0.0542928317437 -0.0568861446864 -0.0574419072200 -0.0576605635906 -0.0608287418813 -0.0529404359140 -0.0425765132461 -0.537925035633
# SelPars50:
2.12169328869
# SelPars95:
3.09107847318
# SelPars_dev50:
 -0.158316781191 -0.0989645579853 -0.0896555908347 -0.0804991984181 -0.0736053708008 -0.0694818757412 -0.0658977146553 -0.0599613763786 -0.0536925656454 -0.0509485602033 -0.0446546757497 -0.0328494926555 -0.0269918978093 -0.0210540422005 -0.0107580476745 -0.00389126157657 0.00294579257821 0.00580057090256 0.0157963602696 0.0188248044449 0.0325152847296 0.0335793481151 0.0346490546664 0.0412962586778 0.0479642069653 0.0536049177070 0.0509820026572 0.0524962292299 0.0577673138902 0.0689424189272 0.0687694464885 0.0838908112635 0.0960617918807 0.100664218219 0.111247514146 0.118556357084 0.140727177710 0.175603312924 0.183196385201 0.222471456132 0.276423555707 0.264994134417 0.233486252984 0.229834851338 0.242757466176 0.220465326034 0.191796550533 0.158929147312 0.109204150974 0.0887011128059 0.0718403999291 0.0621263394032 0.0503156435974 0.0824195932385 0.197378295533 0.209239606829 0.225584081043 0.242223186599 0.220709065558 0.172146278079 0.0824439806347 0.120490180486 0.144167367496 0.0831605081155 0.132344700312 0.0781697119340 0.0779041766421 0.0556053449212 0.0558415761857 -0.0226999059634 0.104397218991 0.0776153525307 0.00753734612020 -0.0654105173764 0.0113152106252 0.0283929963542 0.0512660062389 -0.0247877235017 0.109737614867 0.118596658574 0.115318958429 -0.658301801984 -0.0650982717995 0.0271846432388 0.0161479457907 0.0369027047082 -0.00556850652020 -0.0394955031832 -0.0791166459158 -0.219747609847 -0.233793206011 -0.288988635600 -0.302886661486 -0.0228752913205 -0.549363621557 -1.65567170472 -1.72843965979
# SelPars_dev95:
 -1.08050126786 -1.03202866691 -1.00330086508 -0.978530123651 -0.952948087648 -0.940782935240 -0.922790186688 -0.914634773941 -0.899324465345 -0.883551030987 -0.862792123940 -0.841502509572 -0.820319019402 -0.798468789796 -0.773807925212 -0.750543987936 -0.739141047453 -0.717788743142 -0.697816290870 -0.677985515416 -0.656879740630 -0.645014055082 -0.643828867200 -0.626777552853 -0.604137862574 -0.594905681939 -0.587685924444 -0.587278477311 -0.570483528504 -0.545941415625 -0.526776533616 -0.502779489340 -0.476454349443 -0.454319819244 -0.426287011999 -0.396618406443 -0.339255412825 -0.270408993412 -0.230435687595 -0.138473312879 -0.0373752560941 -0.0523195685294 -0.108509582094 -0.112989548484 -0.0807343670737 -0.112806781573 -0.169071283311 -0.241843176807 -0.349224485594 -0.404232342836 -0.442135330987 -0.459558007364 -0.447990650610 -0.318034230749 0.119786317783 0.197141981149 0.230927677147 0.277590850748 0.254726535147 0.165470131732 0.0167395890113 0.0805055242563 0.141311478852 0.0584802193852 0.137415161369 0.0808121499822 0.0590502572744 0.0476339963919 0.0834007424854 -0.000197004540959 0.228784292427 0.267861285965 0.233746711854 0.201837584832 0.382297012288 0.496256207515 0.634454907642 0.666990926918 0.939751523285 1.17034042775 1.54472915016 2.06092105482 1.81873263642 1.53979790894 1.29937077859 1.25114186593 1.22770553603 1.20793798244 1.16638396598 1.01922823308 1.00509730233 0.969445395717 0.989104573077 1.31973310562 1.47358093697 1.72855305915 1.65554511725
