# Number of parameters = 77 Objective function value = 19574.4324607507  Maximum gradient component = 0.0232346060600149
# srv_sel50:
0.965826775874
# srv_sel95:
1.08406487270
# stNatLen:
 10.8362402824 9.90485621780 8.52917549524 7.57363934529 6.92649699888 6.45094114213 6.08410050089 5.79384926573 5.56170692654 5.37618071732 5.22975318517 5.11736514271 5.03559131858 4.98217348626 4.95574803380
# log_avg_fmort_dir:
0.709283353912
# fmort_dir_dev:
 -0.0885478588036 -0.158083371162 -0.276678477352 -0.246261683110 -0.214905624260 -0.0602664653728 -0.108765801236 -0.143747985187 -0.207020122690 -0.00515221951096 -0.133392002091 -0.0522105396375 -0.0902292094698 -0.0211123830493 0.0646251221481 0.0404983121399 0.0878381444696 0.113203607925 0.159307652316 0.116977178190 0.254874859894 0.263211146384 0.216355233887 0.156736310644 0.293627347636 0.191914242937 0.198856633335 -0.351652048974
# mean_log_rec:
13.3204658598
# rec_dev:
 -2.36110902290 -2.02974934491 -1.66397248918 -1.43022384263 -1.47506031836 -1.35105845066 -0.896974681298 -0.520978771788 -0.232062096219 0.00294757887045 0.351632007569 0.589544455265 0.754046822040 0.616114652108 0.485114344973 0.465833366616 0.454850933057 0.493691511195 0.536677293253 0.661428043140 0.643689417353 0.631956189558 0.711275311294 0.848015022440 0.818273488191 0.872508160211 1.01179521624 1.01179520456
# log_avg_NatM:
-1.36837500000
# m_dev:
 0.00000000000 0.00000000000 0.00000000000 0.00000000000 0.00000000000 0.00000000000 0.00000000000 0.00000000000 0.00000000000 0.00000000000 0.00000000000 0.00000000000 0.00000000000 0.00000000000 0.00000000000 0.00000000000 0.00000000000 0.00000000000 0.00000000000 0.00000000000 0.00000000000 0.00000000000 0.00000000000 0.00000000000 0.00000000000 0.00000000000 0.00000000000 0.00000000000
# log_avg_GrowthK:
-1.19613400000
# log_avg_Linf:
3.45239700000
# GrowthK_dev:
 0.00000000000 0.00000000000 0.00000000000 0.00000000000 0.00000000000 0.00000000000 0.00000000000 0.00000000000 0.00000000000 0.00000000000 0.00000000000 0.00000000000 0.00000000000 0.00000000000 0.00000000000 0.00000000000 0.00000000000 0.00000000000 0.00000000000 0.00000000000 0.00000000000 0.00000000000 0.00000000000 0.00000000000 0.00000000000 0.00000000000 0.00000000000 0.00000000000
# Linf_dev:
 0.00000000000 0.00000000000 0.00000000000 0.00000000000 0.00000000000 0.00000000000 0.00000000000 0.00000000000 0.00000000000 0.00000000000 0.00000000000 0.00000000000 0.00000000000 0.00000000000 0.00000000000 0.00000000000 0.00000000000 0.00000000000 0.00000000000 0.00000000000 0.00000000000 0.00000000000 0.00000000000 0.00000000000 0.00000000000 0.00000000000 0.00000000000 0.00000000000
# SelPars50:
1.00888450148
# SelPars95:
1.10612951321
# SelPars_dev50:
 0.00000000000 0.00000000000 0.00000000000 0.00000000000 0.00000000000 0.00000000000 0.00000000000 0.00000000000 0.00000000000 0.00000000000 0.00000000000 0.00000000000 0.00000000000 0.00000000000 0.00000000000 0.00000000000 0.00000000000 0.00000000000 0.00000000000 0.00000000000 0.00000000000 0.00000000000 0.00000000000 0.00000000000 0.00000000000 0.00000000000 0.00000000000 0.00000000000
# SelPars_dev95:
 0.00000000000 0.00000000000 0.00000000000 0.00000000000 0.00000000000 0.00000000000 0.00000000000 0.00000000000 0.00000000000 0.00000000000 0.00000000000 0.00000000000 0.00000000000 0.00000000000 0.00000000000 0.00000000000 0.00000000000 0.00000000000 0.00000000000 0.00000000000 0.00000000000 0.00000000000 0.00000000000 0.00000000000 0.00000000000 0.00000000000 0.00000000000 0.00000000000
