#Simulated generalized assessment 
# 
#start/end year 
72 100 
#number of ages 
15 
#ages 
1 2 3 4 5 6 7 8 9 10 11 12 13 14 15 
#Number of length bins 
25 
#CPUE years 
29 
#years for CPUE 
72 73 74 75 76 77 78 79 80 81 82 83 84 85 86 87 88 89 90 91 92 93 94 95 96 97 98 99 100 
#survey years 
29 
#years for survey 
72 73 74 75 76 77 78 79 80 81 82 83 84 85 86 87 88 89 90 91 92 93 94 95 96 97 98 99 100 
#length freq from catch years 
29 
#years for length freq catch 
72 73 74 75 76 77 78 79 80 81 82 83 84 85 86 87 88 89 90 91 92 93 94 95 96 97 98 99 100 
#catch length sample sizes 
200 200 200 200 200 200 200 200 200 200 200 200 200 200 200 200 200 200 200 200 200 200 200 200 200 200 200 200 200 
#length freq from survey years 
29 
#years for length freq survey 
72 73 74 75 76 77 78 79 80 81 82 83 84 85 86 87 88 89 90 91 92 93 94 95 96 97 98 99 100 
#survey sample sizes 
200 200 200 200 200 200 200 200 200 200 200 200 200 200 200 200 200 200 200 200 200 200 200 200 200 200 200 200 200 
#total survey biomass 
23863.99 23489.42 11107.68 27953.67 33919.44 47514 44610.45 52447.03 107335.7 154238 188381.8 195768.7 232799.5 231737.5 148935.6 229114.7 223222.5 139929 196862.8 222776.7 239997.4 237135.9 268365.6 286751.2 349974.9 253962.4 211250.1 206600.7 306572.2 
#survey CV 
0.2 0.2 0.2 0.2 0.2 0.2 0.2 0.2 0.2 0.2 0.2 0.2 0.2 0.2 0.2 0.2 0.2 0.2 0.2 0.2 0.2 0.2 0.2 0.2 0.2 0.2 0.2 0.2 0.2 
#total CPUE 
25039.69 21388.88 10197.12 26343.05 20555.07 37866.81 44050.17 83888.27 136286.1 132180.2 101720.7 335563.9 165871.7 265563.8 262472.9 189829.1 155307.8 190506.2 202296.5 180348.9 165008.3 332697.6 239190.2 284383.7 338715.5 289551.1 261493.4 338698.6 268416.4 
#CPUE CV 
0.2 0.2 0.2 0.2 0.2 0.2 0.2 0.2 0.2 0.2 0.2 0.2 0.2 0.2 0.2 0.2 0.2 0.2 0.2 0.2 0.2 0.2 0.2 0.2 0.2 0.2 0.2 0.2 0.2 
#total catch biomass 
3831.528 4532.065 3503.377 3023.178 4036.043 7978.348 12665.31 15484.57 23244.73 36063.45 38818.35 55797.58 84790.22 91550.33 106147.3 89709.11 123780.9 65430.26 91700.69 76454.96 77982.63 100920.7 92859.49 101304.7 115355.1 130370.6 106662.1 97292.74 99868.68 
#catch CV 
0.1 0.1 0.1 0.1 0.1 0.1 0.1 0.1 0.1 0.1 0.1 0.1 0.1 0.1 0.1 0.1 0.1 0.1 0.1 0.1 0.1 0.1 0.1 0.1 0.1 0.1 0.1 0.1 0.1 
#Length Bins 
0.6062379 1.818714 3.03119 4.243665 5.456141 6.668617 7.881093 9.093569 10.30604 11.51852 12.731 13.94347 15.15595 16.36842 17.5809 18.79338 20.00585 21.21833 22.4308 23.64328 24.85575 26.06823 27.28071 28.49318 29.70566 
#catch length counts 
3.392813e-07 1.595816e-05 0.0005197467 0.01172161 0.18305 1.979438 14.82225 76.86485 276.1512 688.3698 1197.606 1487.441 1425.786 1275.079 1272.637 1318.028 1268.859 1166.847 1074.14 979.8206 865.1204 723.2186 551.2325 363.7286 196.9574 
4.66952e-07 2.196317e-05 0.0007153262 0.01613242 0.2519312 2.724291 20.39968 105.7859 380.0238 946.9825 1645.392 2033.512 1917.072 1649.288 1573.209 1582.813 1490.809 1337.874 1203.18 1079.677 945.195 787.612 599.2352 394.3437 212.7048 
9.769355e-12 4.605057e-10 1.512803e-08 3.527906e-07 6.229795e-06 9.831125e-05 0.001656502 0.02754415 0.3692432 3.588653 24.45824 115.9479 382.3357 881.7212 1443.985 1743.622 1680.748 1459.261 1255.165 1084.754 923.2875 755.3162 568.9679 372.5359 200.2701 
1.032238e-07 4.855151e-06 0.0001581291 0.003566209 0.0556914 0.6022206 4.509302 23.38025 83.9413 208.6857 359.2859 428.7787 358.2299 230.5256 198.7836 369.6008 727.4149 1097.429 1269.747 1205.153 1018.412 805.626 590.2571 380.1101 202.5284 
1.934265e-06 9.097848e-05 0.002963109 0.06682559 1.043576 11.28475 84.49801 438.1169 1573.007 3911.117 6736.423 8046.874 6697.436 3954.141 1765.894 717.403 371.0188 338.7208 478.4215 661.6032 743.2732 675.058 511.2184 325.9253 170.8338 
1.69698e-06 7.981777e-05 0.002599613 0.05862787 0.9155599 9.900555 74.13686 384.4655 1381.384 3444.598 6000.807 7489.549 7285.467 6671.869 6593.866 6142.468 4500.88 2442.653 1054.5 517.0026 438.6372 455.5213 404.12 281.9092 152.5647 
3.84593e-06 0.000180894 0.005891599 0.1328705 2.074962 22.43776 168.0121 871.1826 3128.599 7786.054 13459.29 16309.22 14339.99 10236.82 7453.616 6300.353 5503.142 4486.036 3234.765 1939.039 964.9068 473.8721 290.3379 195.4209 111.6171 
2.184366e-06 0.0001027421 0.003346242 0.07546629 1.178518 12.74415 95.43173 494.9319 1778.768 4440.232 7767.543 9846.128 10057.87 10168.76 11128.3 11243.89 9293.41 6497.216 4320.623 2881.933 1794.681 964.7464 450.2838 199.6022 88.39553 
7.014944e-06 0.0003299491 0.01074623 0.2423546 3.784712 40.92621 306.4504 1588.984 5705.879 14195.2 24505.18 29537.22 25463.92 17092.35 11080.55 8677.673 7821.387 7056.675 5847.918 4215.532 2627.928 1447.619 704.5448 296.713 107.7065 
8.190004e-06 0.0003852183 0.01254631 0.2829511 4.418691 47.78208 357.7951 1855.394 6665.117 16607.13 28843.25 35588.42 33339.52 28106.65 25570.05 23388.78 18222.65 11946.82 7548.14 5169.872 3595.265 2239.017 1171.63 505.9029 179.2555 
1.279231e-05 0.0006016885 0.0195966 0.4419529 6.901729 74.63245 558.8439 2897.789 10407.29 25907.42 44833.13 54554.74 48702.1 36316.21 28300.94 24637.49 20875.38 16187.53 11574.41 7531.122 4458.137 2482.393 1295.054 592.1635 221.5202 
1.263208e-05 0.0005941522 0.01935115 0.4364174 6.815289 73.69794 551.8527 2861.668 10279.42 25607.45 44439.3 54665.23 50692.22 41750.89 37156.06 34246.73 27998.66 20027.2 13620.08 9123.301 5743.136 3233.919 1598.2 687.2684 251.267 
2.528078e-05 0.001189086 0.03872776 0.8734089 13.63953 147.4921 1104.409 5726.638 20565.74 51183.24 88490.03 107284.7 94499.31 67720.77 49235.74 40478.16 33282.43 25491.94 18450.19 12488.33 7708.513 4304.376 2142.586 919.9573 329.2053 
2.051407e-05 0.0009648829 0.0314256 0.7087271 11.0678 119.6831 896.1954 4647.362 16695.01 41601.28 72274.86 89280.47 83978.22 71541.97 66138.83 61685.2 49517.81 33797.5 21582.94 13807.08 8595.71 4907.36 2463.934 1056.259 376.1527 
2.561433e-05 0.001204775 0.03923872 0.8849326 13.8195 149.4385 1118.992 5802.426 20840.41 51891.39 89882.38 109767.5 99269.69 76757.92 63284.29 57314.37 49458.82 38928.51 28400.82 18855.96 11169.46 5972.673 2897.159 1235.295 441.5591 
1.759433e-05 0.0008275525 0.02695284 0.607855 9.492539 102.6488 768.6424 3985.934 14319.17 35683.6 62011.24 76684.6 72404.77 62305.2 58569.17 55968.23 47009.45 34809.71 24660.19 17090.22 11007.48 6264.381 3067.826 1275.054 442.9318 
2.562683e-05 0.001205362 0.03925786 0.8853642 13.82623 149.5112 1119.531 5805.131 20848.78 51898.98 89804.97 109245.9 97423.21 72439.29 56246.69 49034.06 42070.02 33683.95 25564.58 18097.33 11652.13 6752.048 3445.608 1490.78 527.7862 
1.769422e-05 0.0008322508 0.02710586 0.6113059 9.546425 103.2314 772.9985 4008.405 14398.21 35863.93 62211.02 76397.21 70431.21 57155.08 49872.68 45352.72 36736.49 26047.09 17698.24 12117.92 8018.447 4828.489 2537.038 1126.333 409.8753 
2.041342e-05 0.0009601487 0.03127141 0.7052496 11.01349 119.0955 891.7872 4624.334 16609.87 41365.32 71702.63 87813.48 80204.94 63632.13 54225.45 49593.48 41979.81 31908.74 22701.27 15180.72 9385.472 5360.214 2785.835 1259.479 470.8511 
2.001098e-05 0.0009412198 0.03065491 0.691346 10.79637 116.7477 874.2074 4533.195 16282.8 40553.64 70315.09 86205.23 79023.8 63268.4 54488.86 49895.36 41864.26 31524.15 22601.17 15578.45 9927.996 5681.742 2873.829 1259.716 464.3896 
1.806082e-05 0.0008494939 0.02766746 0.6239713 9.744213 105.3701 789.013 4091.434 14696.24 36604.19 63480.96 77891.52 71611.9 57776.5 50308.11 46460.54 39249.09 29751.52 21414.58 14787.29 9487.78 5509.817 2825.356 1240.397 452.1307 
2.192168e-05 0.00103109 0.03358193 0.7573576 11.82723 127.8949 957.6757 4965.964 17836.49 44415.62 76959.3 94106.36 85486.39 66845.45 55793.34 50338.94 42430.33 32453.43 23662.21 16523.52 10690.66 6254.551 3234.895 1433.373 525.8474 
2.070338e-05 0.0009737874 0.03171562 0.7152676 11.16994 120.7874 904.4597 4690.12 16847.21 41966.77 72815.9 89509.29 82813.03 67862.69 60197.85 55907.92 46799.63 34829.33 24681.33 17017.62 11043.45 6525.253 3410.768 1525.637 564.3472 
2.390448e-05 0.001124352 0.03661939 0.82586 12.89699 139.4629 1044.295 5415.087 19449.15 48426.66 83876.95 102413.3 92546.49 71363.09 58424.38 52218.01 44130.29 34013.86 24884.95 17277.45 11072.77 6453.675 3359.083 1509.145 562.7895 
2.616034e-05 0.001230456 0.04007516 0.9037964 14.11408 152.6241 1142.847 5926.168 21285.41 53005.04 91849.53 112347.4 102154.1 80027.99 66750.68 59576.21 48881.04 35821.48 25079.48 17207.79 11157.59 6579.677 3429.069 1533.844 570.4747 
2.76703e-05 0.001301477 0.04238827 0.9559628 14.92874 161.4335 1208.815 6268.29 22514.97 56074.08 97216.91 119145 109084.1 87040.05 74553.75 67843.81 56353.48 41615.48 28959.39 19356.48 12128.68 6985.094 3614.763 1619.731 603.647 
2.527744e-05 0.001188929 0.03872264 0.8732937 13.63774 147.4733 1104.283 5726.292 20568.89 51234.41 88874.65 109149.4 100667.8 81870.19 72014.19 66824.62 56375.44 42451.31 30176.34 20442.12 12792.12 7248.011 3663.45 1609.014 592.9572 
2.182805e-05 0.001026686 0.0334385 0.7541229 11.77672 127.3489 953.5923 4944.897 17762.35 44246.04 76768.28 94357.54 87273.35 71510.1 63605.14 59668.64 51053.04 39293.43 28697.45 19948.67 12751.54 7320.603 3704.054 1610.214 584.0941 
2.482793e-05 0.001167786 0.03803403 0.8577637 13.39522 144.8506 1084.64 5624.354 20201.6 50308.4 87192.32 106726 97295.43 76817.53 65061.51 59424.52 50672.63 39381.57 29277.26 20825.1 13669.75 8059.214 4165.66 1832.979 666.312 
#survey length counts 
2.831246e-06 0.0001331682 0.0043372 0.09781486 1.52752 16.51802 123.6874 641.3876 2303.911 5739.146 9958.321 12243.77 11339.98 9343.798 8455.943 8266.046 7709.351 6893.922 6189.27 5549.567 4856.811 4046.617 3078.637 2025.953 1092.771 
5.455592e-11 2.570835e-09 8.434968e-08 1.957773e-06 3.401441e-05 0.0005156117 0.00825652 0.133341 1.769946 17.15552 116.8404 553.7939 1825.977 4210.529 6893.901 8319.807 8010.864 6943.963 5964.024 5150.047 4381.962 3584.315 2699.887 1767.743 950.3082 
4.835251e-07 2.274269e-05 0.0007407144 0.01670498 0.2608719 2.820946 21.12265 109.5187 393.2011 977.532 1682.951 2008.127 1674.812 1060.576 850.8506 1496.33 2918.549 4399.094 5089.13 4829.782 4081.006 3228.095 2365.036 1522.997 811.4716 
8.759228e-06 0.0004119919 0.0134183 0.3026166 4.725787 51.10246 382.6452 1983.989 7123.245 17710.88 30502.6 36425.76 30282.65 17800.63 7829.14 3056.227 1494.898 1323.261 1857.47 2566.783 2883.345 2618.664 1983.083 1264.298 662.68 
6.890278e-06 0.0003240855 0.01055525 0.2380477 3.717462 40.19931 301.0166 1560.998 5608.091 13978.6 24313.49 30165.15 28778.47 25265.66 23898.61 21791.36 15859.67 8589.601 3703.365 1811.618 1534.188 1592.547 1412.761 985.5179 533.3458 
1.506355e-05 0.0007085166 0.02307592 0.5204204 8.127108 87.88304 658.0593 3412.164 12253.37 30490.37 52677.92 63695.06 55557.94 38686.29 26864.04 21811.48 18742.36 15203.9 10944.97 6556.248 3261.42 1601.33 980.9631 660.2272 377.0918 
8.302245e-06 0.0003904976 0.01271825 0.2868289 4.479256 48.43726 362.7086 1881.03 6759.44 16864.17 29439.96 37031.35 36940.84 35706.89 37582.52 37342.23 30699.71 21414.11 14216.05 9471.35 5894.996 3168.286 1478.647 655.4316 290.2581 
2.624254e-05 0.001234323 0.04020107 0.9066358 14.15841 153.1028 1146.413 5944.258 21344.74 53096.95 91627.8 110284.3 94553.75 62296.27 38683.55 28923.34 25520.64 22889.04 18937.16 13643.1 8502.824 4683.243 2279.136 959.8052 348.4027 
2.560973e-05 0.001204558 0.03923168 0.8847737 13.81702 149.412 1118.801 5801.588 20839.57 51910.75 90062.03 110670.3 102238 83295.94 72643.2 64891.67 50149.53 32784.12 20676.15 14143.79 9830.528 6121.091 3202.875 1382.958 490.0172 
3.903288e-05 0.001835919 0.05979466 1.348521 21.05909 227.7241 1705.182 8841.841 31753.82 79033.96 136683.5 165916.8 146807.1 106672 79597.94 67101.91 56158.7 43378.82 30969.02 20135.71 11915.39 6633.678 3460.506 1582.27 591.8993 
3.801943e-05 0.001788251 0.05824215 1.313508 20.51232 221.8122 1660.931 8612.733 30935.96 77047.04 133579.9 163716.5 149898.9 119540 101986.5 91702.07 74325.95 53005.3 35990.25 24085.24 15155.29 8532.478 4216.493 1813.159 662.8889 
6.865314e-05 0.003229113 0.1051701 2.371851 37.03985 400.5331 2999.154 15551.24 55846.55 138971.8 240150.3 290607.2 254193.5 178310.7 124604.6 99121.49 80408.19 61328.4 44317.99 29976.13 18497.27 10327.42 5140.402 2207.076 789.7928 
5.4323e-05 0.002555092 0.08321768 1.87677 29.30847 316.9307 2373.189 12306.34 44205.96 110125.8 191130.7 235193.1 218340.8 180210.8 160345.9 146443.9 116724.4 79470.88 50677.79 32389.79 20155.65 11505.18 5776.321 2476.193 881.8114 
6.258459e-05 0.002943677 0.09587364 2.162193 33.76575 365.129 2734.071 14177.12 50917.44 126760.7 219423.6 267299 239580.2 180703 143448.9 126659.8 108294.4 84989.84 61932.35 41095.22 24336.93 13012.34 6311.593 2691.097 961.9335 
4.443217e-05 0.002089875 0.06806587 1.535058 23.97215 259.2258 1941.095 10065.73 36158.05 90083.28 156389.4 192652.5 179543.2 149763.7 135677.2 127097.8 106039.7 78335.2 55424.6 38383.49 24714.42 14063.46 6886.959 2862.326 994.3176 
5.889798e-05 0.002770277 0.0902261 2.034827 31.77674 343.6203 2573.005 13341.75 47914.51 119258.3 206256 250404.4 221682.1 161357.9 120885.6 102625.8 87164.54 69573.81 52742.55 37317.88 24022.43 13919.14 7102.806 3073.078 1087.97 
4.979545e-05 0.002342138 0.07628189 1.72035 26.86574 290.5155 2175.379 11280.33 40516.73 100899.1 174870.9 214028.3 195017.7 153541.6 128615.2 114110.9 91630.44 64774.81 43943.96 30060.83 19883.26 11971.44 6289.864 2792.375 1016.145 
5.357885e-05 0.002520091 0.08207771 1.85106 28.90697 312.5883 2340.654 12137.24 43592.89 108543.1 188005.8 229575.9 207524.5 160144.6 131170.5 116995.6 98150.71 74385.34 52851.02 35318.2 21828.64 12465.14 6478.114 2928.707 1094.879 
5.300546e-05 0.002493121 0.08119933 1.83125 28.59761 309.2432 2315.608 12007.41 43127.26 107390.3 186054 227403.2 206228.3 160488.5 132840.2 118682.5 98710.93 74113.16 53062.22 36548.15 23284.45 13323.97 6738.961 2953.909 1088.941 
5.150245e-05 0.002422427 0.07889686 1.779324 27.78671 300.4744 2249.949 11666.97 41904.92 104350.7 180816.1 221134.7 200976.4 157329.7 131423 118329.7 99069.24 74869.35 53811.7 37129.87 23815.09 13828.24 7090.558 3112.855 1134.643 
5.945596e-05 0.002796522 0.09108088 2.054104 32.07779 346.8762 2597.397 13468.47 48373.1 120434.2 208524.9 254267.4 228668.5 173972.6 139435.9 122506.5 102267 77972.93 56770.73 39615.2 25622.96 14988.86 7751.984 3434.821 1260.091 
5.477343e-05 0.002576278 0.08390769 1.892331 29.55148 319.5581 2392.851 12408.07 44568.11 110995.6 192419.4 235744.3 215590.3 171503.5 146272.2 132730.4 110209.9 81795.12 57883.96 39880.93 25871.93 15285.08 7989.198 3573.512 1321.868 
6.403987e-05 0.003012127 0.09810299 2.212471 34.55091 373.6194 2797.645 14506.75 52101.06 129704.6 224500.4 273391.2 244725 183808.1 144535.5 125703.5 105170.9 80798.45 59030.73 40956.46 26240.31 15292.14 7959.06 3575.727 1333.45 
7.013988e-05 0.003299042 0.1074476 2.423216 37.842 409.2081 3064.136 15888.71 57065.87 142079.3 246020.7 300073.5 270115.4 205909.4 164997 143465.7 116596.1 85176.02 59545.75 40823.81 26461.13 15602.22 8130.891 3636.938 1352.66 
7.111015e-05 0.003344679 0.108934 2.456737 38.36549 414.8691 3106.532 16108.67 57857.61 144067.7 249581.5 304972.4 276322.1 214473.4 176704.7 156946.1 129242.3 95168.71 66136.85 44173.82 27670.03 15933.57 8245.182 3694.504 1376.873 
6.502209e-05 0.003058326 0.09960766 2.246405 35.08085 379.3505 2840.575 14729.69 52906.35 131755.1 228362.1 279566.9 254993.3 201507.7 170520.8 154601.7 129371 97152.79 68971.09 46690.33 29208.55 16547.56 8363.45 3673.227 1353.657 
5.805374e-05 0.002730568 0.08893282 2.00566 31.32128 338.696 2536.156 13151.17 47237.12 117641.8 203934.8 249825.6 228398.7 181653.2 155307.6 142327.5 120788.9 92711.15 67621.8 46974.42 30017.91 17231.14 8718.161 3789.863 1374.738 
6.11807e-05 0.002877645 0.09372302 2.113691 33.00833 356.9388 2672.748 13859.26 49777.52 123939.5 214653.5 262021.4 236553.2 181931.8 148360.5 132265.5 111811 86651.6 64339.04 45736.82 30014.27 17693.68 9145.219 4024.041 1462.787 
6.03883e-05 0.002840375 0.09250914 2.086315 32.58081 352.3158 2638.132 13679.77 49133.09 122337 211892.1 258714.5 233756.1 180076.3 146790.8 129668.9 107098.9 80006.63 57385.21 40233.01 26613.67 16020.16 8493.025 3827.068 1416.832 
