# Number of parameters = 77 Objective function value = 21958.4908265905  Maximum gradient component = 0.000197200331205344
# srv_sel50:
0.288322687909
# srv_sel95:
1.88345692626
# stNatLen:
 10.3502763905 9.58223237188 8.31213016027 7.28735597060 6.53140936388 5.97155666387 5.54588403701 5.21449878829 4.95300827490 4.74620938214 4.58429908447 4.46078739380 4.37133993718 4.31311985664 4.28440871581
# log_avg_fmort_dir:
0.773522329516
# fmort_dir_dev:
 -0.403318732080 -0.244582639925 -0.275902905678 -0.163312443869 -0.275764694808 -0.182849583825 0.0702159444407 0.00966672483765 -0.316029043465 -0.0965287589758 0.182335607040 -0.110984282207 -0.0213293487605 0.189871944677 0.161866219937 0.252366771398 -0.00993499447473 0.130224538041 0.148328081828 0.133275088854 0.174302821833 0.0193472571863 0.176781785034 0.100515735143 0.0554895890798 0.0714392679779 0.150449031149 0.0740610196114
# mean_log_rec:
12.3779469463
# rec_dev:
 -1.81905576598 -1.53375911717 -1.30802405491 -1.04250474833 -1.02554308429 -1.29525979694 -0.953107822519 -0.129784907041 -0.162393951076 -0.188602400497 0.419505367688 0.666809893609 0.598945688463 0.335882241410 0.237490854887 0.388454162612 0.355392927309 0.427369592789 0.377138409449 0.432093090829 0.573228069936 0.517097032449 0.629173225324 0.640968437107 0.582122182305 0.613389326551 0.831487543476 0.831487602553
# log_avg_NatM:
-0.940144300000
# m_dev:
 0.00000000000 0.00000000000 0.00000000000 0.00000000000 0.00000000000 0.00000000000 0.00000000000 0.00000000000 0.00000000000 0.00000000000 0.00000000000 0.00000000000 0.00000000000 0.00000000000 0.00000000000 0.00000000000 0.00000000000 0.00000000000 0.00000000000 0.00000000000 0.00000000000 0.00000000000 0.00000000000 0.00000000000 0.00000000000 0.00000000000 0.00000000000 0.00000000000
# log_avg_GrowthK:
-1.02151300000
# log_avg_Linf:
3.36611700000
# GrowthK_dev:
 0.00000000000 0.00000000000 0.00000000000 0.00000000000 0.00000000000 0.00000000000 0.00000000000 0.00000000000 0.00000000000 0.00000000000 0.00000000000 0.00000000000 0.00000000000 0.00000000000 0.00000000000 0.00000000000 0.00000000000 0.00000000000 0.00000000000 0.00000000000 0.00000000000 0.00000000000 0.00000000000 0.00000000000 0.00000000000 0.00000000000 0.00000000000 0.00000000000
# Linf_dev:
 0.00000000000 0.00000000000 0.00000000000 0.00000000000 0.00000000000 0.00000000000 0.00000000000 0.00000000000 0.00000000000 0.00000000000 0.00000000000 0.00000000000 0.00000000000 0.00000000000 0.00000000000 0.00000000000 0.00000000000 0.00000000000 0.00000000000 0.00000000000 0.00000000000 0.00000000000 0.00000000000 0.00000000000 0.00000000000 0.00000000000 0.00000000000 0.00000000000
# SelPars50:
1.72138068616
# SelPars95:
2.79135044215
# SelPars_dev50:
 0.00000000000 0.00000000000 0.00000000000 0.00000000000 0.00000000000 0.00000000000 0.00000000000 0.00000000000 0.00000000000 0.00000000000 0.00000000000 0.00000000000 0.00000000000 0.00000000000 0.00000000000 0.00000000000 0.00000000000 0.00000000000 0.00000000000 0.00000000000 0.00000000000 0.00000000000 0.00000000000 0.00000000000 0.00000000000 0.00000000000 0.00000000000 0.00000000000
# SelPars_dev95:
 0.00000000000 0.00000000000 0.00000000000 0.00000000000 0.00000000000 0.00000000000 0.00000000000 0.00000000000 0.00000000000 0.00000000000 0.00000000000 0.00000000000 0.00000000000 0.00000000000 0.00000000000 0.00000000000 0.00000000000 0.00000000000 0.00000000000 0.00000000000 0.00000000000 0.00000000000 0.00000000000 0.00000000000 0.00000000000 0.00000000000 0.00000000000 0.00000000000
