# Number of parameters = 77 Objective function value = 25292.4708953125  Maximum gradient component = 0.0280209442952433
# srv_sel50:
0.864394490566
# srv_sel95:
1.00173081823
# stNatLen:
 12.2902556409 10.9700411009 9.82101265556 8.95609447446 8.31077488663 7.81817254191 7.43326455060 7.12766770496 6.88329028835 6.68827379608 6.53464239586 6.41694636068 6.33146405297 6.27572423573 6.24821799253
# log_avg_fmort_dir:
0.423606107273
# fmort_dir_dev:
 -0.162508937249 0.131269405984 0.152618300373 -0.0953972310081 0.130230239221 0.0646243283627 0.0296760915584 -0.0230359704373 0.00502193212283 0.0237437273588 0.154572526436 -0.0879323111855 -0.0490502725225 0.197624996281 -0.0360616936442 0.158088352979 -0.0205894183977 -0.288228567920 0.146486722473 0.139988957805 -0.0798675134519 -0.222030748045 0.0878984840775 -0.106183964945 -0.0949865416849 -0.0916556859516 -0.0688001440118 0.00448493542282
# mean_log_rec:
13.3696589206
# rec_dev:
 -0.706687772052 -0.708045821068 -0.706765061893 -0.562144871144 -0.606336527169 -0.537425268397 -0.444124844254 -0.385442416771 -0.364586437614 -0.285842171316 -0.232324134518 -0.118547949341 -0.0664018997371 0.00697935766958 0.155705822993 0.0637114700861 0.200531599885 0.476835802286 0.394748569266 0.211835149108 0.329817455138 0.447653090661 0.396275799164 0.525585634270 0.615797020030 0.661167680729 0.619015363094 0.619015360897
# log_avg_NatM:
-0.940144300000
# m_dev:
 0.00000000000 0.00000000000 0.00000000000 0.00000000000 0.00000000000 0.00000000000 0.00000000000 0.00000000000 0.00000000000 0.00000000000 0.00000000000 0.00000000000 0.00000000000 0.00000000000 0.00000000000 0.00000000000 0.00000000000 0.00000000000 0.00000000000 0.00000000000 0.00000000000 0.00000000000 0.00000000000 0.00000000000 0.00000000000 0.00000000000 0.00000000000 0.00000000000
# log_avg_GrowthK:
-1.02151300000
# log_avg_Linf:
3.36611700000
# GrowthK_dev:
 0.00000000000 0.00000000000 0.00000000000 0.00000000000 0.00000000000 0.00000000000 0.00000000000 0.00000000000 0.00000000000 0.00000000000 0.00000000000 0.00000000000 0.00000000000 0.00000000000 0.00000000000 0.00000000000 0.00000000000 0.00000000000 0.00000000000 0.00000000000 0.00000000000 0.00000000000 0.00000000000 0.00000000000 0.00000000000 0.00000000000 0.00000000000 0.00000000000
# Linf_dev:
 0.00000000000 0.00000000000 0.00000000000 0.00000000000 0.00000000000 0.00000000000 0.00000000000 0.00000000000 0.00000000000 0.00000000000 0.00000000000 0.00000000000 0.00000000000 0.00000000000 0.00000000000 0.00000000000 0.00000000000 0.00000000000 0.00000000000 0.00000000000 0.00000000000 0.00000000000 0.00000000000 0.00000000000 0.00000000000 0.00000000000 0.00000000000 0.00000000000
# SelPars50:
1.00205959450
# SelPars95:
1.02928886003
# SelPars_dev50:
 0.00000000000 0.00000000000 0.00000000000 0.00000000000 0.00000000000 0.00000000000 0.00000000000 0.00000000000 0.00000000000 0.00000000000 0.00000000000 0.00000000000 0.00000000000 0.00000000000 0.00000000000 0.00000000000 0.00000000000 0.00000000000 0.00000000000 0.00000000000 0.00000000000 0.00000000000 0.00000000000 0.00000000000 0.00000000000 0.00000000000 0.00000000000 0.00000000000
# SelPars_dev95:
 0.00000000000 0.00000000000 0.00000000000 0.00000000000 0.00000000000 0.00000000000 0.00000000000 0.00000000000 0.00000000000 0.00000000000 0.00000000000 0.00000000000 0.00000000000 0.00000000000 0.00000000000 0.00000000000 0.00000000000 0.00000000000 0.00000000000 0.00000000000 0.00000000000 0.00000000000 0.00000000000 0.00000000000 0.00000000000 0.00000000000 0.00000000000 0.00000000000
