# Number of parameters = 77 Objective function value = 22992.3321579096  Maximum gradient component = 2735.21874488671
# srv_sel50:
0.999989013056
# srv_sel95:
1.00005228091
# stNatLen:
 10.0739083697 8.90041528837 7.57619841632 6.56154319514 5.82842635262 5.28700214733 4.87121999016 4.54858830818 4.29714368241 4.09638874447 3.93886451889 3.81202938328 3.73502920648 3.67044296534 3.64735846204
# log_avg_fmort_dir:
0.445326376370
# fmort_dir_dev:
 -0.723380275980 -0.605929996841 -0.284250878989 -0.608296610739 -0.388689157551 -0.182008651783 -0.0250024570736 -0.180153374082 -0.274793365750 -0.0728222334572 -0.156742351667 -0.145336583936 -0.0901636265401 -0.0203384443086 0.181477186595 0.329373907778 0.286812205548 0.179612019449 0.318668087890 0.344205567214 0.154653927954 0.323143782009 0.302926058848 0.343195771090 0.446522470850 0.332431255346 0.308711101654 -0.0938253335263
# mean_log_rec:
13.5574270109
# rec_dev:
 -2.89132252690 -2.28031400567 -1.81966388977 -1.14053329692 -1.27592461352 -1.44834616175 -0.873479287030 -0.335508665946 -0.116544785514 -0.0114174949147 0.318356402570 0.675013272975 0.775888702815 0.707553525167 0.512747995124 0.407532263484 0.429140977916 0.520937771290 0.461967052305 0.502070293411 0.652095061434 0.712139830269 0.821031545205 0.905985581932 0.876541798234 0.896586666374 1.00920221422 1.00826377320
# log_avg_NatM:
-1.07516900000
# m_dev:
 0.00000000000 0.00000000000 0.00000000000 0.00000000000 0.00000000000 0.00000000000 0.00000000000 0.00000000000 0.00000000000 0.00000000000 0.00000000000 0.00000000000 0.00000000000 0.00000000000 0.00000000000 0.00000000000 0.00000000000 0.00000000000 0.00000000000 0.00000000000 0.00000000000 0.00000000000 0.00000000000 0.00000000000 0.00000000000 0.00000000000 0.00000000000 0.00000000000
# log_avg_GrowthK:
-1.20372700000
# log_avg_Linf:
3.45755400000
# GrowthK_dev:
 0.00000000000 0.00000000000 0.00000000000 0.00000000000 0.00000000000 0.00000000000 0.00000000000 0.00000000000 0.00000000000 0.00000000000 0.00000000000 0.00000000000 0.00000000000 0.00000000000 0.00000000000 0.00000000000 0.00000000000 0.00000000000 0.00000000000 0.00000000000 0.00000000000 0.00000000000 0.00000000000 0.00000000000 0.00000000000 0.00000000000 0.00000000000 0.00000000000
# Linf_dev:
 0.00000000000 0.00000000000 0.00000000000 0.00000000000 0.00000000000 0.00000000000 0.00000000000 0.00000000000 0.00000000000 0.00000000000 0.00000000000 0.00000000000 0.00000000000 0.00000000000 0.00000000000 0.00000000000 0.00000000000 0.00000000000 0.00000000000 0.00000000000 0.00000000000 0.00000000000 0.00000000000 0.00000000000 0.00000000000 0.00000000000 0.00000000000 0.00000000000
# SelPars50:
1.07108348660
# SelPars95:
1.47489276674
# SelPars_dev50:
 0.00000000000 0.00000000000 0.00000000000 0.00000000000 0.00000000000 0.00000000000 0.00000000000 0.00000000000 0.00000000000 0.00000000000 0.00000000000 0.00000000000 0.00000000000 0.00000000000 0.00000000000 0.00000000000 0.00000000000 0.00000000000 0.00000000000 0.00000000000 0.00000000000 0.00000000000 0.00000000000 0.00000000000 0.00000000000 0.00000000000 0.00000000000 0.00000000000
# SelPars_dev95:
 0.00000000000 0.00000000000 0.00000000000 0.00000000000 0.00000000000 0.00000000000 0.00000000000 0.00000000000 0.00000000000 0.00000000000 0.00000000000 0.00000000000 0.00000000000 0.00000000000 0.00000000000 0.00000000000 0.00000000000 0.00000000000 0.00000000000 0.00000000000 0.00000000000 0.00000000000 0.00000000000 0.00000000000 0.00000000000 0.00000000000 0.00000000000 0.00000000000
