# Number of parameters = 79 Objective function value = 19391.2514930748  Maximum gradient component = 14.0696060126077
# srv_sel50:
0.999995992936
# srv_sel95:
1.00001464610
# stNatLen:
 10.8297543372 9.42507420520 8.03888582850 7.10352725550 6.45575513783 5.97237417683 5.59593070812 5.29621876023 5.05548362189 4.86250089313 4.70983825810 4.59245160905 4.50691205706 4.45096157274 4.42325817258
# log_avg_fmort_dir:
0.592696617024
# fmort_dir_dev:
 -0.472715123941 -0.271100425756 -0.167337429746 -0.0599115420757 -0.453265956402 -0.174552453052 -0.0793289449898 -0.142840986555 -0.0817421261099 0.0632137666368 -0.100255184531 -0.0129921438383 -0.0656077278456 -0.0504987441394 0.118369553330 0.149438130472 0.138168925543 0.181167357744 0.231275163025 0.217573067353 0.186667211695 0.203620540454 0.265318429039 0.226315309452 0.321865211608 0.305938709433 0.302400020303 0.143238805801 -0.922421412907
# mean_log_rec:
13.6747236438
# rec_dev:
 -2.31626075958 -2.05558162028 -1.91713026229 -1.25275393217 -1.05322225382 -1.11730065175 -0.758100711389 -0.479384249075 -0.251170491965 -0.0552816502257 0.301169120724 0.487840555834 0.618590513489 0.575743306924 0.438591619958 0.450255932182 0.439676099232 0.387725811768 0.396707887126 0.416869895631 0.503253463129 0.593056036470 0.658621347124 0.762031708907 0.723460715290 0.724241549808 0.747117940184 1.01561654063 1.01561653813
# log_avg_NatM:
-1.06669500000
# m_dev:
 0.00000000000 0.00000000000 0.00000000000 0.00000000000 0.00000000000 0.00000000000 0.00000000000 0.00000000000 0.00000000000 0.00000000000 0.00000000000 0.00000000000 0.00000000000 0.00000000000 0.00000000000 0.00000000000 0.00000000000 0.00000000000 0.00000000000 0.00000000000 0.00000000000 0.00000000000 0.00000000000 0.00000000000 0.00000000000 0.00000000000 0.00000000000 0.00000000000 0.00000000000
# log_avg_GrowthK:
-1.19613400000
# log_avg_Linf:
3.45239700000
# GrowthK_dev:
 0.00000000000 0.00000000000 0.00000000000 0.00000000000 0.00000000000 0.00000000000 0.00000000000 0.00000000000 0.00000000000 0.00000000000 0.00000000000 0.00000000000 0.00000000000 0.00000000000 0.00000000000 0.00000000000 0.00000000000 0.00000000000 0.00000000000 0.00000000000 0.00000000000 0.00000000000 0.00000000000 0.00000000000 0.00000000000 0.00000000000 0.00000000000 0.00000000000 0.00000000000
# Linf_dev:
 0.00000000000 0.00000000000 0.00000000000 0.00000000000 0.00000000000 0.00000000000 0.00000000000 0.00000000000 0.00000000000 0.00000000000 0.00000000000 0.00000000000 0.00000000000 0.00000000000 0.00000000000 0.00000000000 0.00000000000 0.00000000000 0.00000000000 0.00000000000 0.00000000000 0.00000000000 0.00000000000 0.00000000000 0.00000000000 0.00000000000 0.00000000000 0.00000000000 0.00000000000
# SelPars50:
1.00477431173
# SelPars95:
1.13171985163
# SelPars_dev50:
 0.00000000000 0.00000000000 0.00000000000 0.00000000000 0.00000000000 0.00000000000 0.00000000000 0.00000000000 0.00000000000 0.00000000000 0.00000000000 0.00000000000 0.00000000000 0.00000000000 0.00000000000 0.00000000000 0.00000000000 0.00000000000 0.00000000000 0.00000000000 0.00000000000 0.00000000000 0.00000000000 0.00000000000 0.00000000000 0.00000000000 0.00000000000 0.00000000000 0.00000000000
# SelPars_dev95:
 0.00000000000 0.00000000000 0.00000000000 0.00000000000 0.00000000000 0.00000000000 0.00000000000 0.00000000000 0.00000000000 0.00000000000 0.00000000000 0.00000000000 0.00000000000 0.00000000000 0.00000000000 0.00000000000 0.00000000000 0.00000000000 0.00000000000 0.00000000000 0.00000000000 0.00000000000 0.00000000000 0.00000000000 0.00000000000 0.00000000000 0.00000000000 0.00000000000 0.00000000000
