# Number of parameters = 79 Objective function value = 21731.7496795949  Maximum gradient component = 0.0243061437309212
# srv_sel50:
1.07275935117
# srv_sel95:
2.12744868226
# stNatLen:
 11.3207334854 10.6112465602 8.72098039410 7.43807159671 6.60518810257 6.02193173220 5.58515645754 5.24596574073 4.97805550622 4.76580170912 4.59931225883 4.47208685198 4.37980425855 4.31965637980 4.28995047064
# log_avg_fmort_dir:
0.618029671923
# fmort_dir_dev:
 -1.11532606880 -0.665686311722 -0.566939930376 -0.511102139519 -0.478017284911 -0.521629402097 -0.236285627123 -0.188196929916 -0.263240034936 -0.188537817719 0.0661665862560 -0.121881256376 -0.0540809698357 -0.0498691155241 0.189220337092 0.325518818265 0.280659641764 0.216857460661 0.374808495865 0.334008971698 0.350701379675 0.418720146359 0.459518140727 0.532167724949 0.560466798609 0.553770838095 0.557472059277 0.576653772376 -0.835918282808
# mean_log_rec:
13.5804374113
# rec_dev:
 -2.03541022691 -1.85311625780 -1.69350469090 -1.41941855721 -1.24449646210 -1.10158140487 -0.819083857000 -0.453511984489 -0.105736814082 -0.0192488953577 0.209269674832 0.598249135983 0.626344103933 0.505407436113 0.411813413268 0.444790505824 0.449166734294 0.449193320086 0.413152004774 0.415834201484 0.484633288242 0.561437210736 0.672060950309 0.781600464191 0.756812068473 0.686125222031 0.646438814520 0.816390300824 0.816390300801
# log_avg_NatM:
-1.05607500000
# m_dev:
 0.00000000000 0.00000000000 0.00000000000 0.00000000000 0.00000000000 0.00000000000 0.00000000000 0.00000000000 0.00000000000 0.00000000000 0.00000000000 0.00000000000 0.00000000000 0.00000000000 0.00000000000 0.00000000000 0.00000000000 0.00000000000 0.00000000000 0.00000000000 0.00000000000 0.00000000000 0.00000000000 0.00000000000 0.00000000000 0.00000000000 0.00000000000 0.00000000000 0.00000000000
# log_avg_GrowthK:
-1.18630400000
# log_avg_Linf:
3.44583300000
# GrowthK_dev:
 0.00000000000 0.00000000000 0.00000000000 0.00000000000 0.00000000000 0.00000000000 0.00000000000 0.00000000000 0.00000000000 0.00000000000 0.00000000000 0.00000000000 0.00000000000 0.00000000000 0.00000000000 0.00000000000 0.00000000000 0.00000000000 0.00000000000 0.00000000000 0.00000000000 0.00000000000 0.00000000000 0.00000000000 0.00000000000 0.00000000000 0.00000000000 0.00000000000 0.00000000000
# Linf_dev:
 0.00000000000 0.00000000000 0.00000000000 0.00000000000 0.00000000000 0.00000000000 0.00000000000 0.00000000000 0.00000000000 0.00000000000 0.00000000000 0.00000000000 0.00000000000 0.00000000000 0.00000000000 0.00000000000 0.00000000000 0.00000000000 0.00000000000 0.00000000000 0.00000000000 0.00000000000 0.00000000000 0.00000000000 0.00000000000 0.00000000000 0.00000000000 0.00000000000 0.00000000000
# SelPars50:
1.04287521268
# SelPars95:
1.16222197806
# SelPars_dev50:
 0.00000000000 0.00000000000 0.00000000000 0.00000000000 0.00000000000 0.00000000000 0.00000000000 0.00000000000 0.00000000000 0.00000000000 0.00000000000 0.00000000000 0.00000000000 0.00000000000 0.00000000000 0.00000000000 0.00000000000 0.00000000000 0.00000000000 0.00000000000 0.00000000000 0.00000000000 0.00000000000 0.00000000000 0.00000000000 0.00000000000 0.00000000000 0.00000000000 0.00000000000
# SelPars_dev95:
 0.00000000000 0.00000000000 0.00000000000 0.00000000000 0.00000000000 0.00000000000 0.00000000000 0.00000000000 0.00000000000 0.00000000000 0.00000000000 0.00000000000 0.00000000000 0.00000000000 0.00000000000 0.00000000000 0.00000000000 0.00000000000 0.00000000000 0.00000000000 0.00000000000 0.00000000000 0.00000000000 0.00000000000 0.00000000000 0.00000000000 0.00000000000 0.00000000000 0.00000000000
