# Number of parameters = 77 Objective function value = 21684.3314254333  Maximum gradient component = 0.0413647076038450
# srv_sel50:
1.07908173616
# srv_sel95:
2.17556741182
# stNatLen:
 10.5791081137 10.2628105762 8.42721470633 7.10531248641 6.24969403284 5.65855318162 5.21970576955 4.88077690616 4.61406130616 4.40330276419 4.23830035314 4.11239263542 4.02116726508 3.96175774292 3.93245659814
# log_avg_fmort_dir:
0.706833356202
# fmort_dir_dev:
 -0.874614157227 -0.654277754815 -0.594650630936 -0.599194563319 -0.423275083396 -0.399512634604 -0.398560118326 -0.265163298756 -0.138844517559 -0.00497084342391 -0.00284020613194 -0.0157715760548 -0.0107015392211 -0.0490996219995 0.0229753731840 0.189879678709 0.244123072203 0.115460179857 0.299217997259 0.308706128507 0.286481971227 0.329664577461 0.359232989410 0.443014117792 0.419687608612 0.439521506919 0.453333369345 0.520177975282
# mean_log_rec:
13.2434251998
# rec_dev:
 -2.20317911331 -1.65773395251 -1.51683922845 -1.33809247992 -1.09528064124 -0.941651532666 -0.727535699824 -0.451342307383 -0.0624393888359 0.0311877162276 0.226138830689 0.613001705201 0.647693166115 0.487548639868 0.450492487046 0.406423552606 0.423557898017 0.492756605800 0.334302484597 0.469788894300 0.580476393552 0.612273580285 0.750554608983 0.824944469458 0.802484425115 0.674008164878 0.583230360704 0.583230360685
# log_avg_NatM:
-1.37331700000
# m_dev:
 0.00000000000 0.00000000000 0.00000000000 0.00000000000 0.00000000000 0.00000000000 0.00000000000 0.00000000000 0.00000000000 0.00000000000 0.00000000000 0.00000000000 0.00000000000 0.00000000000 0.00000000000 0.00000000000 0.00000000000 0.00000000000 0.00000000000 0.00000000000 0.00000000000 0.00000000000 0.00000000000 0.00000000000 0.00000000000 0.00000000000 0.00000000000 0.00000000000
# log_avg_GrowthK:
-1.18630400000
# log_avg_Linf:
3.44583300000
# GrowthK_dev:
 0.00000000000 0.00000000000 0.00000000000 0.00000000000 0.00000000000 0.00000000000 0.00000000000 0.00000000000 0.00000000000 0.00000000000 0.00000000000 0.00000000000 0.00000000000 0.00000000000 0.00000000000 0.00000000000 0.00000000000 0.00000000000 0.00000000000 0.00000000000 0.00000000000 0.00000000000 0.00000000000 0.00000000000 0.00000000000 0.00000000000 0.00000000000 0.00000000000
# Linf_dev:
 0.00000000000 0.00000000000 0.00000000000 0.00000000000 0.00000000000 0.00000000000 0.00000000000 0.00000000000 0.00000000000 0.00000000000 0.00000000000 0.00000000000 0.00000000000 0.00000000000 0.00000000000 0.00000000000 0.00000000000 0.00000000000 0.00000000000 0.00000000000 0.00000000000 0.00000000000 0.00000000000 0.00000000000 0.00000000000 0.00000000000 0.00000000000 0.00000000000
# SelPars50:
1.05697381666
# SelPars95:
1.20068699049
# SelPars_dev50:
 0.00000000000 0.00000000000 0.00000000000 0.00000000000 0.00000000000 0.00000000000 0.00000000000 0.00000000000 0.00000000000 0.00000000000 0.00000000000 0.00000000000 0.00000000000 0.00000000000 0.00000000000 0.00000000000 0.00000000000 0.00000000000 0.00000000000 0.00000000000 0.00000000000 0.00000000000 0.00000000000 0.00000000000 0.00000000000 0.00000000000 0.00000000000 0.00000000000
# SelPars_dev95:
 0.00000000000 0.00000000000 0.00000000000 0.00000000000 0.00000000000 0.00000000000 0.00000000000 0.00000000000 0.00000000000 0.00000000000 0.00000000000 0.00000000000 0.00000000000 0.00000000000 0.00000000000 0.00000000000 0.00000000000 0.00000000000 0.00000000000 0.00000000000 0.00000000000 0.00000000000 0.00000000000 0.00000000000 0.00000000000 0.00000000000 0.00000000000 0.00000000000
