# Number of parameters = 80 Objective function value = 22443.1535480715  Maximum gradient component = 0.000394355273296230
# srv_sel50:
1.57075729230
# srv_sel95:
2.99225157115
# stNatLen:
 11.5630368454 10.7809646369 8.88088358517 7.51782063232 6.62509376009 6.00244843798 5.53732786037 5.17664867124 4.89203247459 4.66667831099 4.48996990585 4.35494338152 4.25698064773 4.19309484886 4.16152962188
# log_avg_fmort_dir:
0.662590055785
# fmort_dir_dev:
 -1.30871347007 -0.804923985964 -0.837456955874 -0.794311733263 -0.697155816268 -0.528029669749 -0.495764982296 -0.310561769476 -0.237424696576 -0.289353970805 -0.145012687613 -0.00414566436227 -0.00678526616108 -0.134359560222 0.215536190702 0.242109561107 0.317280369522 0.337126734473 0.252612454196 0.432664456269 0.396639961068 0.498514735546 0.426797008802 0.557804616665 0.480634913200 0.625786810178 0.579424102787 0.594496111594 0.636572202593
# mean_log_rec:
13.9726075536
# rec_dev:
 -1.99485588331 -1.45709620617 -1.31450636397 -1.13017476188 -0.873452475081 -0.748980045904 -0.622722792116 -0.475681314826 -0.101374890348 0.0106516894458 0.176620128031 0.522438274162 0.603919136617 0.412238083333 0.322679803795 0.332256411925 0.263357976359 0.348568687871 0.270343649659 0.383672568301 0.477207924642 0.458255234934 0.564764237625 0.671947758932 0.655457600234 0.553095514412 0.541105967253 0.575132045633 0.575132040430
# log_avg_NatM:
-0.220840843279
# m_dev:
 0.00000000000 0.00000000000 0.00000000000 0.00000000000 0.00000000000 0.00000000000 0.00000000000 0.00000000000 0.00000000000 0.00000000000 0.00000000000 0.00000000000 0.00000000000 0.00000000000 0.00000000000 0.00000000000 0.00000000000 0.00000000000 0.00000000000 0.00000000000 0.00000000000 0.00000000000 0.00000000000 0.00000000000 0.00000000000 0.00000000000 0.00000000000 0.00000000000 0.00000000000
# log_avg_GrowthK:
-1.18630400000
# log_avg_Linf:
3.44583300000
# GrowthK_dev:
 0.00000000000 0.00000000000 0.00000000000 0.00000000000 0.00000000000 0.00000000000 0.00000000000 0.00000000000 0.00000000000 0.00000000000 0.00000000000 0.00000000000 0.00000000000 0.00000000000 0.00000000000 0.00000000000 0.00000000000 0.00000000000 0.00000000000 0.00000000000 0.00000000000 0.00000000000 0.00000000000 0.00000000000 0.00000000000 0.00000000000 0.00000000000 0.00000000000 0.00000000000
# Linf_dev:
 0.00000000000 0.00000000000 0.00000000000 0.00000000000 0.00000000000 0.00000000000 0.00000000000 0.00000000000 0.00000000000 0.00000000000 0.00000000000 0.00000000000 0.00000000000 0.00000000000 0.00000000000 0.00000000000 0.00000000000 0.00000000000 0.00000000000 0.00000000000 0.00000000000 0.00000000000 0.00000000000 0.00000000000 0.00000000000 0.00000000000 0.00000000000 0.00000000000 0.00000000000
# SelPars50:
1.58095840275
# SelPars95:
2.54332701079
# SelPars_dev50:
 0.00000000000 0.00000000000 0.00000000000 0.00000000000 0.00000000000 0.00000000000 0.00000000000 0.00000000000 0.00000000000 0.00000000000 0.00000000000 0.00000000000 0.00000000000 0.00000000000 0.00000000000 0.00000000000 0.00000000000 0.00000000000 0.00000000000 0.00000000000 0.00000000000 0.00000000000 0.00000000000 0.00000000000 0.00000000000 0.00000000000 0.00000000000 0.00000000000 0.00000000000
# SelPars_dev95:
 0.00000000000 0.00000000000 0.00000000000 0.00000000000 0.00000000000 0.00000000000 0.00000000000 0.00000000000 0.00000000000 0.00000000000 0.00000000000 0.00000000000 0.00000000000 0.00000000000 0.00000000000 0.00000000000 0.00000000000 0.00000000000 0.00000000000 0.00000000000 0.00000000000 0.00000000000 0.00000000000 0.00000000000 0.00000000000 0.00000000000 0.00000000000 0.00000000000 0.00000000000
