# Number of parameters = 79 Objective function value = 21697.3241045037  Maximum gradient component = 0.0163325474493012
# srv_sel50:
1.06546075277
# srv_sel95:
2.07827765106
# stNatLen:
 11.3847306906 10.8411639536 8.97538809710 7.70769705896 6.88739681083 6.31423023349 5.88569621641 5.55328313616 5.29094323106 5.08323424469 4.92039499473 4.79601801236 4.70584427776 4.64710125702 4.61811836726
# log_avg_fmort_dir:
0.656648277851
# fmort_dir_dev:
 -0.862124367222 -0.748232031940 -0.625444808897 -0.596931250641 -0.487806467016 -0.442113718962 -0.365425838622 -0.264061832019 -0.325117089890 -0.128162903387 -0.0114405719537 -0.0121425520029 0.0546269524429 0.0171620491807 0.148606334251 0.300824184988 0.160467031413 0.238625191608 0.344584116674 0.383843720793 0.355435702801 0.471280521244 0.539226122286 0.515936019136 0.573101476524 0.416734175821 0.498361435802 0.503269594612 -0.653081197022
# mean_log_rec:
13.5694738667
# rec_dev:
 -1.98340347904 -1.82730518973 -1.68976873988 -1.41742070103 -1.30103256240 -1.14010030376 -0.804520190821 -0.468785843794 -0.210910979582 -0.109393276764 0.269211185724 0.670595816314 0.660022122682 0.467984144025 0.396721029157 0.411071199946 0.406288169812 0.383071675857 0.397655461761 0.433591471975 0.480660139367 0.543865154462 0.613177493488 0.789497256845 0.775672233677 0.720242877134 0.710133568929 0.911590131438 0.911590134205
# log_avg_NatM:
-1.05607500000
# m_dev:
 0.00000000000 0.00000000000 0.00000000000 0.00000000000 0.00000000000 0.00000000000 0.00000000000 0.00000000000 0.00000000000 0.00000000000 0.00000000000 0.00000000000 0.00000000000 0.00000000000 0.00000000000 0.00000000000 0.00000000000 0.00000000000 0.00000000000 0.00000000000 0.00000000000 0.00000000000 0.00000000000 0.00000000000 0.00000000000 0.00000000000 0.00000000000 0.00000000000 0.00000000000
# log_avg_GrowthK:
-1.18630400000
# log_avg_Linf:
3.44583300000
# GrowthK_dev:
 0.00000000000 0.00000000000 0.00000000000 0.00000000000 0.00000000000 0.00000000000 0.00000000000 0.00000000000 0.00000000000 0.00000000000 0.00000000000 0.00000000000 0.00000000000 0.00000000000 0.00000000000 0.00000000000 0.00000000000 0.00000000000 0.00000000000 0.00000000000 0.00000000000 0.00000000000 0.00000000000 0.00000000000 0.00000000000 0.00000000000 0.00000000000 0.00000000000 0.00000000000
# Linf_dev:
 0.00000000000 0.00000000000 0.00000000000 0.00000000000 0.00000000000 0.00000000000 0.00000000000 0.00000000000 0.00000000000 0.00000000000 0.00000000000 0.00000000000 0.00000000000 0.00000000000 0.00000000000 0.00000000000 0.00000000000 0.00000000000 0.00000000000 0.00000000000 0.00000000000 0.00000000000 0.00000000000 0.00000000000 0.00000000000 0.00000000000 0.00000000000 0.00000000000 0.00000000000
# SelPars50:
1.05002770633
# SelPars95:
1.18517463190
# SelPars_dev50:
 0.00000000000 0.00000000000 0.00000000000 0.00000000000 0.00000000000 0.00000000000 0.00000000000 0.00000000000 0.00000000000 0.00000000000 0.00000000000 0.00000000000 0.00000000000 0.00000000000 0.00000000000 0.00000000000 0.00000000000 0.00000000000 0.00000000000 0.00000000000 0.00000000000 0.00000000000 0.00000000000 0.00000000000 0.00000000000 0.00000000000 0.00000000000 0.00000000000 0.00000000000
# SelPars_dev95:
 0.00000000000 0.00000000000 0.00000000000 0.00000000000 0.00000000000 0.00000000000 0.00000000000 0.00000000000 0.00000000000 0.00000000000 0.00000000000 0.00000000000 0.00000000000 0.00000000000 0.00000000000 0.00000000000 0.00000000000 0.00000000000 0.00000000000 0.00000000000 0.00000000000 0.00000000000 0.00000000000 0.00000000000 0.00000000000 0.00000000000 0.00000000000 0.00000000000 0.00000000000
