#Simulated generalized assessment 
# 
#start/end year 
73 100 
#number of ages 
15 
#ages 
1 2 3 4 5 6 7 8 9 10 11 12 13 14 15 
#Number of length bins 
25 
#CPUE years 
28 
#years for CPUE 
73 74 75 76 77 78 79 80 81 82 83 84 85 86 87 88 89 90 91 92 93 94 95 96 97 98 99 100 
#survey years 
28 
#years for survey 
73 74 75 76 77 78 79 80 81 82 83 84 85 86 87 88 89 90 91 92 93 94 95 96 97 98 99 100 
#length freq from catch years 
28 
#years for length freq catch 
73 74 75 76 77 78 79 80 81 82 83 84 85 86 87 88 89 90 91 92 93 94 95 96 97 98 99 100 
#catch length sample sizes 
200 200 200 200 200 200 200 200 200 200 200 200 200 200 200 200 200 200 200 200 200 200 200 200 200 200 200 200 
#length freq from survey years 
28 
#years for length freq survey 
73 74 75 76 77 78 79 80 81 82 83 84 85 86 87 88 89 90 91 92 93 94 95 96 97 98 99 100 
#survey sample sizes 
200 200 200 200 200 200 200 200 200 200 200 200 200 200 200 200 200 200 200 200 200 200 200 200 200 200 200 200 
#total survey biomass 
4264.063 5917.792 13460.96 14029.5 18050.82 20467.71 23275.79 44585.2 67941.46 77951.15 117975.5 116264.1 127902.3 190476.1 167311.5 157847.9 135734.4 145530.2 134148.8 178400.1 131474.4 149420.1 144955.5 235289.3 212936 211085.8 191197.8 206668.7 
#survey CV 
0.2 0.2 0.2 0.2 0.2 0.2 0.2 0.2 0.2 0.2 0.2 0.2 0.2 0.2 0.2 0.2 0.2 0.2 0.2 0.2 0.2 0.2 0.2 0.2 0.2 0.2 0.2 0.2 
#total CPUE 
3724.779 3612.671 7430.655 8226.897 14527.78 10598.27 18748.94 29104.98 41503.2 35952.77 51366.48 135364.3 95976.1 116150.3 165755.1 100432.4 130020.6 92758.55 100299.6 148655.3 114294.2 116839.6 148239.1 128599.5 153177.7 148781.5 129504.8 122694.1 
#CPUE CV 
0.2 0.2 0.2 0.2 0.2 0.2 0.2 0.2 0.2 0.2 0.2 0.2 0.2 0.2 0.2 0.2 0.2 0.2 0.2 0.2 0.2 0.2 0.2 0.2 0.2 0.2 0.2 0.2 
#total catch biomass 
2104.845 2890.801 4456.221 6015.757 6526.048 11249.61 13338.58 14462.18 20707.88 27058.63 43284.85 57279.42 79679.81 114041.8 110282.4 89083.76 77327.28 74479.39 103275.2 71871.85 79593.3 96223.63 92359.08 117516.4 108614.3 118835.4 119245.3 82753.9 
#catch CV 
0.1 0.1 0.1 0.1 0.1 0.1 0.1 0.1 0.1 0.1 0.1 0.1 0.1 0.1 0.1 0.1 0.1 0.1 0.1 0.1 0.1 0.1 0.1 0.1 0.1 0.1 0.1 0.1 
#Length Bins 
0.6062379 1.818714 3.03119 4.243665 5.456141 6.668617 7.881093 9.093569 10.30604 11.51852 12.731 13.94347 15.15595 16.36842 17.5809 18.79338 20.00585 21.21833 22.4308 23.64328 24.85575 26.06823 27.28071 28.49318 29.70566 
#catch length counts 
7.41412e-07 3.487245e-05 0.001135773 0.02561455 0.4000083 4.325536 32.38974 167.9586 603.3178 1502.876 2607.598 3205.222 2964.077 2421.488 2120.04 1898.165 1459.02 915.873 498.741 251.2166 116.2987 47.64574 16.92877 5.147388 1.310972 
7.676074e-07 3.610455e-05 0.001175902 0.02651956 0.4141413 4.478365 33.53411 173.8924 624.6282 1555.917 2699.331 3316.578 3062.582 2492.789 2171.99 1938.654 1487.283 931.2988 505.0721 252.971 116.2999 47.23626 16.60776 4.990411 1.255274 
1.736257e-06 8.166517e-05 0.002659781 0.05998478 0.936748 10.12959 75.84922 393.2907 1412.311 3514 6069.106 7328.699 6358.669 4340.952 2845.651 2055.689 1449.104 881.2627 470.3334 232.544 105.8545 42.64816 14.87291 4.428684 1.102804 
1.70798e-06 8.033514e-05 0.002616463 0.05900787 0.9214933 9.964676 74.61581 386.9246 1389.868 3462.285 6007.973 7387.895 6840.536 5599.492 4889.717 4300.133 3147.365 1772.318 796.3039 316.5022 121.297 44.63114 14.97261 4.379917 1.07865 
3.046895e-06 0.0001433112 0.004667553 0.1052651 1.643866 17.77607 133.1057 690.1856 2478.612 6168.557 10663.9 12924.61 11367.99 8095.627 5755.106 4464.899 3244.253 1983.283 1041.858 489.3861 201.2277 69.44881 20.07896 5.016608 1.101574 
3.80165e-06 0.0001788113 0.005823766 0.1313407 2.051073 22.17948 166.0792 861.184 3093.032 7700.893 13334.93 16265.49 14640.08 11132.94 8788.563 7280.699 5258.625 3004.289 1402.721 588.3116 234.0418 85.43991 27.00108 7.098206 1.51764 
4.419584e-06 0.0002078759 0.006770382 0.1526893 2.384463 25.78463 193.0749 1001.176 3595.952 8954.28 15513.76 18963.07 17196.85 13350.47 10882.36 9256.43 6844.152 4054.35 2000.575 881.5105 350.9182 121.6552 36.04012 9.156916 1.977419 
5.15528e-06 0.0002424795 0.0078974 0.1781064 2.781387 30.07681 225.2147 1167.834 4194.544 10444.82 18096.15 22119.4 20058.74 15572.93 12701.51 10827.51 8051.702 4832.939 2446.359 1119.547 465.715 168.5405 51.50176 13.15613 2.781088 
7.514908e-06 0.0003534651 0.01151212 0.2596276 4.054457 43.84321 328.2954 1702.312 6113.684 15218.15 26328.46 32004.48 28454.39 20910.45 15670.81 12601.75 9168.655 5467.823 2764.76 1270.633 535.3301 198.325 62.66864 16.63641 3.641299 
1.195143e-05 0.0005621378 0.01830846 0.4129021 6.448058 69.72659 522.1079 2707.275 9722.699 24199.63 41852.94 50809.21 44957.52 32574.58 23809.98 18708.99 13333.71 7702.305 3696.055 1597.67 643.7627 234.0033 73.9568 19.89483 4.454251 
1.444214e-05 0.0006792888 0.02212399 0.498952 7.791854 84.25798 630.922 3271.591 11750.54 29258.77 50683.78 61912.24 56014.32 43203.21 34845.45 29324.39 21382.79 12342.05 5831.294 2447.589 946.7363 327.7392 98.44831 25.39562 5.550438 
2.014649e-05 0.0009475938 0.03086251 0.6960277 10.86947 117.538 880.1193 4563.723 16390.64 40804.33 70627.28 86008.81 76968.51 57621.04 44490.64 36545.2 26780.93 15958.14 8000.736 3599.848 1458.999 510.4811 150.5443 37.42763 7.820083 
2.813019e-05 0.001323108 0.04309277 0.9718511 15.17685 164.1162 1228.894 6372.226 22885.68 56971.5 98596.02 119999.5 107161.9 79740.68 60933.89 49552.21 35924.8 21035.78 10282.34 4536.327 1848.532 668.5868 206.5812 53.43262 11.36152 
3.150998e-05 0.001482078 0.0482703 1.088618 17.00033 183.8348 1376.553 7138.034 25638.13 63843.99 110630 135306.8 122956.9 95968.87 78783.92 67192.74 49497.47 29010.17 14078.39 6124.533 2450.208 870.3765 266.1776 69.19122 15.02627 
2.847714e-05 0.001339427 0.04362428 0.9838381 15.36406 166.1411 1244.072 6451.251 23174.09 57734.82 100226.9 123445 114940.6 95461.22 85176.05 76661.65 58190.25 35260.34 17985.13 8268.404 3433.079 1234.511 375.6812 96.43984 20.69621 
2.192883e-05 0.001031427 0.03359289 0.7576049 11.8311 127.9373 958.0057 4967.947 17847.48 44481.13 77333.13 95786.32 90905.69 79011.94 74500.94 69487.89 54209.84 34220.8 18610.37 9216.614 4088.249 1554.767 496.6198 132.2109 28.9334 
2.407847e-05 0.001132535 0.03688592 0.831871 12.99086 140.4781 1051.899 5454.585 19591.92 48791.06 84568.78 103541.2 94450.49 74535.64 62432.68 54760.85 42399.38 27431.33 15647.15 8217.662 3873.896 1571.944 537.9594 153.0641 35.47522 
2.352723e-05 0.001106607 0.03604148 0.8128268 12.69347 137.2623 1027.824 5329.828 19145.05 47690.44 82744.62 101699.9 94017.67 76723.31 66992.2 59647.47 45306.24 27792.7 14653.67 7206.699 3336.832 1391.091 501.9209 152.1027 37.61083 
2.220106e-05 0.001044231 0.03400992 0.76701 11.97797 129.5252 969.8903 5029.448 18066.58 45008.97 78126.45 96185.33 89437.23 74058.05 65935.19 59557.73 45826.21 28634.61 15412.39 7606.07 3423.156 1358.914 470.0839 140.6047 35.44751 
2.082961e-05 0.0009797245 0.03190899 0.7196285 11.23804 121.5239 909.9751 4718.735 16950.22 42225.46 73278.98 90142.91 83582.85 68738.22 60703.75 54656.21 42158.72 26567.75 14524.39 7313.149 3353.117 1344.925 462.7852 135.3676 33.14432 
2.539494e-05 0.001194456 0.03890263 0.877353 13.70113 148.1586 1109.409 5752.765 20662.45 51452.27 89148.66 108993.8 98925.08 77008.9 63175.75 54410.19 41315.96 25908.3 14147.57 7144.47 3304.548 1344.534 470.3875 139.3829 34.25495 
2.679847e-05 0.001260471 0.04105271 0.9258427 14.45837 156.3472 1170.73 6070.833 21806.17 54313.23 94193.96 115577.1 106224.6 85411.83 73134.72 64309.34 48496.3 29472.28 15267.7 7299.566 3260.754 1309.332 458.333 136.9368 34.04961 
2.639114e-05 0.001241312 0.04042872 0.9117702 14.23861 153.9709 1152.938 5978.622 21475.64 53496.69 92823.89 114112.9 105574.1 86332.72 75636.32 67620.22 51691.47 32030.17 17018.55 8264.759 3653.585 1418.036 476.1802 137.6935 33.66717 
2.913274e-05 0.001370264 0.0446286 1.006488 15.71776 169.9658 1272.706 6599.632 23705.61 59044.34 102399.9 125651.1 115505.3 92952.32 79816.23 70687.61 54179.86 34021.13 18515.32 9261.228 4207.723 1666.67 563.9713 161.5097 38.55869 
2.983515e-05 0.001403302 0.04570461 1.030755 16.09673 174.0638 1303.394 6758.806 24277.92 60475.43 104920.2 128923.5 119085.8 96995.49 84556.48 75409.98 57673.3 35877.46 19265.13 9555.221 4362.013 1758.485 609.6823 178.6461 43.28043 
2.899919e-05 0.001363982 0.044424 1.001874 15.64571 169.1868 1266.878 6569.506 23598.78 58791.9 102055.3 125666.1 116916.9 96952.99 86491.93 78266.68 60368.31 37908.21 20593.88 10300.31 4704.722 1888.946 654.0075 192.887 47.39957 
2.74328e-05 0.001290307 0.04202445 0.9477579 14.80061 160.0483 1198.45 6214.703 22324.77 55622.86 96587.9 119092.5 111308 93343.63 84478.41 77221.29 60090.84 38258.63 21223.27 10858.71 5051.156 2054.27 716.9091 212.2128 52.24834 
2.248462e-05 0.001057568 0.0344443 0.7768065 12.13096 131.1799 982.288 5093.892 18300.29 45613.11 79324.59 98363.42 93703.75 82161.75 78299.94 73644.27 58048.71 37379.46 21063.48 10984.31 5213.904 2166.063 772.0734 232.7019 58.04574 
#survey length counts 
1.589965e-06 7.478431e-05 0.002435676 0.05493066 0.8578211 9.276124 69.45917 360.1693 1293.543 3220.186 5573.235 6784.616 6064.05 4525.401 3482.232 2869.298 2136.97 1323.568 712.7192 354.8858 162.5389 65.88664 23.14124 6.949553 1.747464 
3.676904e-06 0.0001729438 0.005632667 0.1270309 1.983768 21.45158 160.6264 832.8606 2990.613 7439.06 12834.87 15435.82 13188.97 8561.128 5020.058 3220.47 2139.297 1274.076 673.4555 330.7967 149.9689 60.29449 21.00392 6.250444 1.55588 
3.526561e-06 0.0001658724 0.005402356 0.1218368 1.902657 20.57455 154.0614 798.8624 2869.132 7142.795 12364.13 15060.64 13488.92 10116.64 7811.779 6355.232 4522.159 2522.748 1127.053 445.1662 169.6249 62.1927 20.82901 6.088334 1.498791 
6.227999e-06 0.0002929351 0.009540702 0.215167 3.360139 36.33507 272.0726 1410.733 5065.843 12603.31 21759.78 26239.63 22649.1 15207.01 9627.687 6720.582 4657.37 2800.801 1459.473 681.617 279.2472 96.18499 27.77718 6.934444 1.521849 
7.835541e-06 0.0003685461 0.0120033 0.2707049 4.227443 45.71378 342.3008 1774.908 6374.03 15862.49 27417.87 33209.16 29139.16 20589.2 14382.99 10869.57 7569.277 4271.892 1981.212 825.6093 326.7243 118.917 37.52704 9.858414 2.10696 
9.09019e-06 0.0004275587 0.01392531 0.3140509 4.904354 53.03362 397.1118 2059.129 7394.898 18404.81 31824.32 38603.68 34058.7 24470.08 17637.61 13740.7 9819.503 5748.885 2817.394 1234 489.0932 169.1379 50.03995 12.70369 2.741946 
1.048436e-05 0.000493134 0.01606105 0.3622173 5.656542 61.16746 458.0174 2374.941 8529.075 21227.7 36706.06 44528.21 39295.35 28255.24 20404.09 15946.64 11465.45 6801.595 3419.134 1555.495 644.3895 232.6775 71.01731 18.12904 3.830669 
1.546089e-05 0.0007272058 0.02368461 0.534148 8.341483 90.20119 675.417 3502.158 12576.42 31292.98 54055.89 65317.58 56809.74 39074.06 25970.82 18911.74 13195.79 7756.972 3892.341 1777.801 745.8024 275.6591 87.00164 23.08042 5.04967 
2.485772e-05 0.001169187 0.03807967 0.8587928 13.41127 145.0237 1085.921 5630.673 20219.7 50308.07 86881.44 104880.7 90890.49 61792.91 40076.59 28405.6 19361.98 11017.24 5246.472 2253.121 903.3993 327.4643 103.3503 27.78107 6.217215 
3.001398e-05 0.001411713 0.04597856 1.036933 16.19319 175.1063 1311.182 6798.809 24416.19 60766.25 105058.8 127372.5 112159.9 80107.95 57083.17 43908.36 30913.22 17632.78 8275.435 3451.804 1328.537 458.5695 137.5398 35.44989 7.744009 
4.135866e-05 0.001945312 0.06335754 1.428873 22.31389 241.2928 1806.778 9368.515 33643.48 83719.53 144665.4 175026.9 152950.8 106761.9 73020.96 54539.8 38444.41 22603.91 11250.22 5031.536 2030.663 708.8441 208.7836 51.8678 10.83188 
5.789986e-05 0.00272333 0.08869707 2.000343 31.23822 337.7967 2529.388 13115.38 47098.6 117198.5 202494.7 244891.1 213669.9 148411 100485 74202.91 51699.82 29865.94 14492.46 6353.699 2577.155 929.7284 286.8975 74.15406 15.76088 
6.589926e-05 0.003099584 0.1009514 2.27671 35.55408 384.4669 2878.86 14927.66 53609.62 133429.1 230734.5 279972 247282.8 178232 129121.4 100821.7 71787.92 41586.06 20043.25 8664.732 3449.96 1222.201 373.2506 96.94832 21.04441 
5.959303e-05 0.002802969 0.09129086 2.05884 32.15175 347.6759 2603.385 13499.52 48484.65 120712 209006.2 254847.6 229100.5 173705.9 136816.6 114016.6 84164.72 50485.95 25578.61 11688.85 4832.827 1733.839 526.9871 135.1814 28.99662 
4.573235e-05 0.002151029 0.07005762 1.579977 24.67361 266.8107 1997.878 10359.91 37210.93 92668.11 160615.1 196623 179272.1 141242.9 117842.8 102543.6 78066.12 48815.4 26368.3 12984.6 5738.599 2178.197 695.0337 184.9166 40.45145 
5.087751e-05 0.002393033 0.0779395 1.757733 27.44952 296.8276 2222.625 11524.94 41389.88 103019.7 178178.7 216344.7 191564.9 139196.4 102672.9 82478.73 61736.72 39446.19 22329.33 11660.51 5478.176 2219.038 758.6979 215.7492 49.98629 
5.004704e-05 0.002353971 0.0766673 1.729042 27.00147 291.9828 2186.353 11336.98 40716.64 101361.6 175430.2 213569.5 190909.3 142488.4 109553.2 89901.69 66259.41 40200.89 21041.13 10281.81 4740.219 1971.785 710.6792 215.2436 53.20685 
4.675693e-05 0.002199221 0.07162718 1.615374 25.22639 272.7879 2042.625 10591.76 38040.96 94708.31 163967.8 199863.4 179460.7 135661.2 106502.6 88959.33 66520.44 41125.18 21978.43 10782.02 4833.655 1914.873 661.6679 197.7803 49.84303 
4.472068e-05 0.002103445 0.06850783 1.545025 24.12778 260.908 1953.667 10130.45 36383.71 90578.06 156787.9 190974.4 171039 128379.7 99717.38 82785.09 61974.85 38620.87 20957.39 10488.19 4790.273 1917.479 659.0952 192.6688 47.15632 
5.439282e-05 0.002558376 0.08332463 1.879181 29.3461 317.3364 2376.191 12321.17 44248.63 110127.6 190420.1 230961.9 203707.2 146277.5 105557.3 82955.75 60780.49 37624.54 20385.06 10230.93 4713.67 1913.987 668.9061 198.0874 48.66474 
5.7715e-05 0.002714635 0.08841389 1.993957 31.1385 336.7188 2521.331 13073.89 46953.75 116878.9 202221.2 245876.7 218795.8 161202.1 121346.1 97974.31 71557.54 42989.2 22105.39 10499.89 4669.339 1870.49 653.9888 195.2674 48.53573 
5.813095e-05 0.0027342 0.0890511 2.008328 31.36292 339.1457 2539.507 13168.2 47293.35 117733.1 203759.7 248033.6 221641.4 165286.4 126989 104366.6 77334.83 47372.04 24980.19 12053.7 5305.964 2054.681 689.1276 199.1268 48.66708 
6.355105e-05 0.002989135 0.09735417 2.195583 34.28718 370.7673 2776.284 14395.9 51701.57 128696.8 222664.8 270718 240858.7 177415.6 133695.5 108586.3 80559.42 49981.01 26992.15 13417.17 6071.651 2399.954 811.2054 232.1614 55.40383 
6.58654e-05 0.003097991 0.1008995 2.27554 35.53582 384.2697 2877.392 14920.23 53585.43 133393.8 230843.7 280908.5 250716.6 186335.8 142400.6 116633.8 86421.88 53135.42 28312.46 13951.56 6341.99 2551.031 883.4598 258.701 62.65142 
6.468868e-05 0.003042644 0.09909691 2.234886 34.90096 377.4047 2825.991 14653.78 52629.68 131026.3 226826.2 276395.6 247901 186817.7 145988 121627.3 91014.26 56503.45 30459.43 15136.83 6885.145 2758.356 953.9228 281.1537 69.06261 
6.17214e-05 0.002903077 0.09455131 2.132372 33.30005 360.0932 2696.366 13981.67 50216.49 125025.3 216485.1 264018.4 237522.5 180536.5 143031.6 120532.9 91057.77 57318.9 31548.74 16039.04 7431.044 3015.858 1051.324 311.0014 76.54086 
5.056383e-05 0.002378279 0.07745899 1.746896 27.28031 294.9984 2208.947 11454.41 41142.24 102459.1 177589.7 217425 198312.9 156424.1 130824.2 114321.9 87800.13 55950.48 31287.97 16214.3 7666.536 3178.599 1131.781 340.9071 85.00535 
5.41796e-05 0.002548347 0.08299799 1.871815 29.23107 316.0928 2366.886 12273.08 44078.23 109726.1 189880.6 231038.7 206147.2 153165.7 117326.9 97202.32 74176.03 48395.06 28197.18 15228.36 7425.68 3152.557 1147.506 353.2774 89.94248 
