# Number of parameters = 77 Objective function value = 19602.4227332076  Maximum gradient component = 0.00847117911774861
# srv_sel50:
0.987500192550
# srv_sel95:
1.03000293283
# stNatLen:
 10.5967200593 9.49380521065 8.08800318605 7.12701895441 6.47687642097 5.99913111988 5.63057130731 5.33892901041 5.10564948378 4.91919516114 4.77201941984 4.65904333817 4.57682901372 4.52310844195 4.49651907962
# log_avg_fmort_dir:
0.698256021669
# fmort_dir_dev:
 -0.294686434488 -0.255967810406 -0.242574116655 -0.265954503688 -0.216990057797 -0.0520943116992 -0.149725827203 -0.190062429896 -0.249260589109 -0.130252663963 -0.111101209960 -0.135098115094 -0.116025134754 0.0407354731612 0.0734214570751 0.127677716638 0.121589766056 0.140266105539 0.0963732791004 0.114057351108 0.191910272787 0.207803519663 0.131628489982 0.216450814050 0.305208038334 0.248767060728 0.253097349469 0.140806511024
# mean_log_rec:
13.2863434251
# rec_dev:
 -2.39905322679 -2.02712118406 -1.64210819107 -1.36562227227 -1.44175005580 -1.38672753410 -0.940516596256 -0.520152262844 -0.225336901323 0.00542052027835 0.323859887505 0.612299187800 0.767138952881 0.628563526623 0.579463395383 0.538135247793 0.481560645749 0.468168006242 0.518415882032 0.609698798704 0.672082940793 0.713231801769 0.840306670602 0.873160293301 0.855131227429 0.842834600476 0.809458319703 0.809458319443
# log_avg_NatM:
-1.36837500000
# m_dev:
 0.00000000000 0.00000000000 0.00000000000 0.00000000000 0.00000000000 0.00000000000 0.00000000000 0.00000000000 0.00000000000 0.00000000000 0.00000000000 0.00000000000 0.00000000000 0.00000000000 0.00000000000 0.00000000000 0.00000000000 0.00000000000 0.00000000000 0.00000000000 0.00000000000 0.00000000000 0.00000000000 0.00000000000 0.00000000000 0.00000000000 0.00000000000 0.00000000000
# log_avg_GrowthK:
-1.19613400000
# log_avg_Linf:
3.45239700000
# GrowthK_dev:
 0.00000000000 0.00000000000 0.00000000000 0.00000000000 0.00000000000 0.00000000000 0.00000000000 0.00000000000 0.00000000000 0.00000000000 0.00000000000 0.00000000000 0.00000000000 0.00000000000 0.00000000000 0.00000000000 0.00000000000 0.00000000000 0.00000000000 0.00000000000 0.00000000000 0.00000000000 0.00000000000 0.00000000000 0.00000000000 0.00000000000 0.00000000000 0.00000000000
# Linf_dev:
 0.00000000000 0.00000000000 0.00000000000 0.00000000000 0.00000000000 0.00000000000 0.00000000000 0.00000000000 0.00000000000 0.00000000000 0.00000000000 0.00000000000 0.00000000000 0.00000000000 0.00000000000 0.00000000000 0.00000000000 0.00000000000 0.00000000000 0.00000000000 0.00000000000 0.00000000000 0.00000000000 0.00000000000 0.00000000000 0.00000000000 0.00000000000 0.00000000000
# SelPars50:
1.00884825851
# SelPars95:
1.11875659146
# SelPars_dev50:
 0.00000000000 0.00000000000 0.00000000000 0.00000000000 0.00000000000 0.00000000000 0.00000000000 0.00000000000 0.00000000000 0.00000000000 0.00000000000 0.00000000000 0.00000000000 0.00000000000 0.00000000000 0.00000000000 0.00000000000 0.00000000000 0.00000000000 0.00000000000 0.00000000000 0.00000000000 0.00000000000 0.00000000000 0.00000000000 0.00000000000 0.00000000000 0.00000000000
# SelPars_dev95:
 0.00000000000 0.00000000000 0.00000000000 0.00000000000 0.00000000000 0.00000000000 0.00000000000 0.00000000000 0.00000000000 0.00000000000 0.00000000000 0.00000000000 0.00000000000 0.00000000000 0.00000000000 0.00000000000 0.00000000000 0.00000000000 0.00000000000 0.00000000000 0.00000000000 0.00000000000 0.00000000000 0.00000000000 0.00000000000 0.00000000000 0.00000000000 0.00000000000
