#Simulated generalized assessment 
# 
#start/end year 
72 100 
#number of ages 
15 
#ages 
1 2 3 4 5 6 7 8 9 10 11 12 13 14 15 
#Number of length bins 
25 
#CPUE years 
29 
#years for CPUE 
72 73 74 75 76 77 78 79 80 81 82 83 84 85 86 87 88 89 90 91 92 93 94 95 96 97 98 99 100 
#survey years 
29 
#years for survey 
72 73 74 75 76 77 78 79 80 81 82 83 84 85 86 87 88 89 90 91 92 93 94 95 96 97 98 99 100 
#length freq from catch years 
29 
#years for length freq catch 
72 73 74 75 76 77 78 79 80 81 82 83 84 85 86 87 88 89 90 91 92 93 94 95 96 97 98 99 100 
#catch length sample sizes 
200 200 200 200 200 200 200 200 200 200 200 200 200 200 200 200 200 200 200 200 200 200 200 200 200 200 200 200 200 
#length freq from survey years 
29 
#years for length freq survey 
72 73 74 75 76 77 78 79 80 81 82 83 84 85 86 87 88 89 90 91 92 93 94 95 96 97 98 99 100 
#survey sample sizes 
200 200 200 200 200 200 200 200 200 200 200 200 200 200 200 200 200 200 200 200 200 200 200 200 200 200 200 200 200 
#total survey biomass 
12566.07 9503.554 8650.52 6132.026 14321.37 19775.42 25443.65 35033.01 52889.4 58826.16 106593.8 100170.3 118331 158636.5 139124 86940.52 137408.1 197957.3 187711.3 206672.8 144720.5 278564.7 194950.2 201129.9 261040.1 240840.3 236464.9 210108.3 235427.4 
#survey CV 
0.2 0.2 0.2 0.2 0.2 0.2 0.2 0.2 0.2 0.2 0.2 0.2 0.2 0.2 0.2 0.2 0.2 0.2 0.2 0.2 0.2 0.2 0.2 0.2 0.2 0.2 0.2 0.2 0.2 
#total CPUE 
8564.236 7146.24 5221.739 6869.47 12243.46 21829.44 22558.34 38471.63 34069.27 56450.66 136862.1 160647.2 161589.3 247686.4 185696.7 133656.8 158062.6 197483.2 166070.7 179884.5 135270.9 223578.4 196235.2 285070.8 225030.4 334581.6 339938 346880.7 191325 
#CPUE CV 
0.2 0.2 0.2 0.2 0.2 0.2 0.2 0.2 0.2 0.2 0.2 0.2 0.2 0.2 0.2 0.2 0.2 0.2 0.2 0.2 0.2 0.2 0.2 0.2 0.2 0.2 0.2 0.2 0.2 
#total catch biomass 
3388.87 4083.958 3550.425 3360.105 4728.435 8488.225 12782.52 19298.07 29653.42 44127.16 52048.61 75544.4 90719.3 119726.5 128097.2 151627.3 122919.3 113101.6 134791.9 127787.2 134377.7 148889.7 160309.6 177632.2 189953.4 182907.7 197674.8 217144.9 198312.6 
#catch CV 
0.1 0.1 0.1 0.1 0.1 0.1 0.1 0.1 0.1 0.1 0.1 0.1 0.1 0.1 0.1 0.1 0.1 0.1 0.1 0.1 0.1 0.1 0.1 0.1 0.1 0.1 0.1 0.1 0.1 
#Length Bins 
0.7268801 2.18064 3.634401 5.088161 6.541921 7.995682 9.449442 10.9032 12.35696 13.81072 15.26448 16.71824 18.172 19.62576 21.07952 22.53328 23.98704 25.44081 26.89457 28.34833 29.80209 31.25585 32.70961 34.16337 35.61713 
#catch length counts 
9.260755e-08 1.005609e-05 0.0006437994 0.02430029 0.5407735 7.09549 54.90515 250.8546 680.806 1130.605 1304.613 1439.097 1779.443 1998.43 1932.694 1712.098 1374.232 992.9632 648.1922 365.1998 165.2378 55.95265 13.32556 2.123864 0.218492 
1.025631e-07 1.113715e-05 0.0007130099 0.02691265 0.5989091 7.858321 60.80896 277.8439 754.1654 1252.565 1442.895 1582.022 1963.332 2280.947 2331.926 2132.595 1682.744 1149.806 699.0509 368.0559 155.9123 49.1203 10.79857 1.580944 0.1491077 
9.034183e-09 9.810078e-07 6.280551e-05 0.002370706 0.05276871 0.6931263 5.392098 25.2832 77.23195 195.4863 525.4772 1260.167 2142.751 2575.048 2495.772 2157.653 1642.205 1082.042 620.3883 301.8491 117.4516 34.0187 6.87576 0.923881 0.07981745 
1.14832e-07 1.24694e-05 0.0007983015 0.03013192 0.6705418 8.79766 68.0559 310.4524 835.8349 1333.903 1292.638 879.1387 761.4608 1212.367 1854.496 2016.565 1564.257 953.5272 497.4206 221.3002 78.59349 20.71039 3.809274 0.4666371 0.03680531 
3.019116e-07 3.278405e-05 0.002098863 0.07922194 1.762998 23.13276 179.0154 818.0982 2221.57 3688.408 4195.922 4298.148 4523.765 3849.29 2317.485 1218.64 808.7641 575.6949 328.766 141.7468 46.03531 10.94746 1.817264 0.2013628 0.01440167 
6.158282e-07 6.68717e-05 0.004281184 0.1615939 3.596081 47.18419 365.1032 1667.664 4517.061 7409.177 8034.292 7415.4 7460.007 7251.541 5915.992 3901.313 1958.475 755.511 265.2971 93.78432 28.40789 6.282155 0.9490356 0.09484014 0.006114525 
1.137265e-06 0.0001234936 0.007906167 0.2984192 6.640949 87.1347 674.1858 3078.353 8323.362 13536.82 14155.57 11801.84 10581.78 9938.204 8357.501 5894.878 3229.716 1306.078 395.6206 96.02103 20.07175 3.539282 0.4702363 0.04257442 0.002490411 
1.392274e-06 0.0001511846 0.009678972 0.3653345 8.130128 106.6775 825.5138 3771.72 10226.34 16826.39 18370.59 16972.19 16606.93 15358.47 11930.19 7762.423 4075.6 1647.124 506.1687 117.6162 20.4779 2.678703 0.2638929 0.01902916 0.0009491112 
2.266846e-06 0.0002461528 0.01575892 0.5948231 13.23713 173.6864 1343.998 6139.248 16626.16 27203.24 29015.03 25249.33 23453.39 22050.41 18086.91 12080.82 6134.968 2298.23 649.6503 141.3165 23.14242 2.736139 0.2263247 0.01289042 0.0005004228 
3.564353e-06 0.0003870469 0.02477909 0.9352919 20.81397 273.1076 2113.458 9656.358 26174.24 42957.94 46228.45 40767.76 37618.6 33992.06 26324.72 16676.72 8156.398 2958.324 798.285 161.8339 24.33724 2.63517 0.1986274 0.0101097 0.0003393664 
5.192202e-06 0.0005638122 0.03609576 1.362443 30.31987 397.8416 3078.813 14068.35 38141.99 62617.1 67293.96 58833.08 53500.94 47901.92 36540.3 22094.53 9867.333 3132.838 722.01 125.9076 16.72083 1.63058 0.1114468 0.005145124 0.0001562227 
6.457345e-06 0.000701192 0.04489097 1.694425 37.70819 494.8072 3829.818 17510.89 47589.77 78829.66 87200.91 80945.42 77329.53 69558.11 51934.67 30360.09 12993.95 3895.237 822.433 126.0846 14.28397 1.184069 0.06987136 0.002839538 7.699056e-05 
9.399435e-06 0.001020668 0.06534415 2.466436 54.8886 720.2398 5574.31 25479.01 69139.94 113751.2 122615.3 106930.1 96296.22 86068.77 65325.53 38081.33 15734.77 4423.347 853.648 117.0244 11.65789 0.8383219 0.04245841 0.001475162 3.435633e-05 
1.067581e-05 0.001159269 0.07421757 2.801382 62.34392 818.1363 6334.037 28987.64 79033.17 132277.2 150398.7 145513.5 141074.2 124144.9 88914.87 49265.43 19892.29 5609.922 1098.731 150.7978 14.49943 0.9650328 0.04380349 0.001337353 2.708081e-05 
8.691744e-06 0.0009438224 0.06042461 2.280777 50.75956 666.1902 5159.836 23650.86 64853.56 110743.6 133571.3 144294.9 155997.2 149108 113038.9 63232.53 24429.45 6322.386 1110.555 137.0428 12.12926 0.7606732 0.03273636 0.0009373093 1.746698e-05 
8.932133e-06 0.0009699259 0.06209579 2.343857 52.16328 684.6012 5301.921 24290.47 66460.73 112462.6 131812.1 135924.2 145075 143741.4 114017.1 65653.06 25787.65 6770.372 1200.986 146.5604 12.38325 0.7189341 0.02828307 0.0007423601 1.278493e-05 
1.051692e-05 0.001142015 0.07311319 2.759722 61.4187 806.0755 6242.634 28596.34 78169.56 131635.3 151203.4 147728.3 145842.3 133910.9 99588.55 54812.42 21048.54 5518.945 993.5026 123.6835 10.57439 0.6097031 0.02325695 0.0005779219 9.245445e-06 
1.12552e-05 0.001222185 0.07824591 2.953482 65.73249 862.76 6683.383 30641.34 83982.15 142508.1 166537.4 165739.5 161937.2 142199.1 99323.69 51007.93 18220.82 4433.924 742.9729 87.21006 7.164576 0.4031824 0.01510624 0.0003677194 5.711241e-06 
1.068787e-05 0.00116058 0.07430214 2.804649 62.42222 819.4041 6349.849 29146.29 80177.35 137520.6 164955.7 170805.8 171757.8 152119.7 105381.3 52827.3 18176.44 4210.033 662.7743 72.18249 5.466953 0.2843703 0.00993896 0.000228175 3.372891e-06 
1.037035e-05 0.001126103 0.0720951 2.721372 60.57089 795.1899 6164.292 28323.39 78144.46 135106.6 164943 175155.8 179910.3 161698.7 113006.1 56904.41 19698.31 4611.948 733.0088 79.4563 5.844003 0.2878828 0.009359355 0.0001980925 2.695161e-06 
1.451146e-05 0.00157578 0.1008841 3.808042 84.75508 1112.564 8620.941 39547.88 108472 183765.5 211729.8 202736.1 190499.8 164241.8 112216.5 55309.55 18768.28 4331.522 683.1667 73.7342 5.384831 0.2610306 0.00823937 0.000166741 2.137931e-06 
1.505903e-05 0.001635245 0.104692 3.951885 87.96408 1154.998 8957.261 41197.69 113887.9 197226.5 238585 241904 226455.5 181019.4 112094.3 50577 15966.43 3468.317 519.081 53.56208 3.766154 0.17665 0.005404377 0.0001058257 1.307096e-06 
1.903192e-05 0.002066657 0.1323122 4.994499 111.1718 1459.712 11319.4 52037.48 143560.8 246795.5 292806.7 289055.4 269089.7 218745.7 136418.4 60062.04 17891.7 3571.669 483.5897 45.04357 2.885357 0.1249809 0.003573863 6.596513e-05 7.719328e-07 
2.401467e-05 0.002607736 0.1669544 6.302288 140.2891 1842.302 14291.92 65771.3 181910.6 314360.5 375289 368132.8 330993.1 254859.8 150265.6 63003.84 18003.42 3449.671 444.0905 38.63475 2.268694 0.08902086 0.002299761 3.850596e-05 4.117086e-07 
2.196458e-05 0.002385133 0.1527056 5.764738 128.344 1686.227 13098.92 60516.48 169214.8 300858.8 381427.2 405073.3 381852.8 293206.8 166544.6 65724.8 17353.51 3025.473 350.7318 27.41066 1.452255 0.05169952 0.00121439 1.846346e-05 1.788254e-07 
2.442374e-05 0.002652177 0.1698034 6.410227 142.7158 1875.019 14563.34 67233.77 187475.9 330429 410977.1 428102.3 405253.3 318320.5 184088.2 72817.05 18995.44 3232.974 360.735 26.62468 1.30471 0.04225823 0.0008953602 1.225711e-05 1.070841e-07 
2.802501e-05 0.003043255 0.1948443 7.355782 163.781 2152.216 16724.47 77294.46 215979.3 381650.6 473461.3 482470.8 436166.8 324612.7 179186.1 68620.41 17596.04 2979.324 332.3493 24.4079 1.174 0.03663155 0.0007334344 9.329713e-06 7.47685e-08 
2.849378e-05 0.003094191 0.198111 7.479667 166.5721 2190.021 17041 79026.99 222693.9 401084.7 514631.1 542775.6 494263.1 359086.4 189686.7 68733.91 16575.76 2635.309 276.9693 19.31155 0.88968 0.02674901 0.0005165434 6.31193e-06 4.822976e-08 
2.690687e-05 0.002921903 0.1870862 7.064016 157.3488 2069.851 16127.03 75027.9 213031.6 390098.4 515590.3 563209.9 524440.4 381433.8 197552.5 68877.48 15723.35 2332.836 226.1534 14.4443 0.6093185 0.0168639 0.0003022219 3.454882e-06 2.484964e-08 
#survey length counts 
3.520915e-07 3.823299e-05 0.002447708 0.09238892 2.055992 26.97585 208.7076 952.8021 2575.467 4193.454 4455.015 4022.1 4217.888 4649.916 4725.488 4353.705 3472.579 2399.443 1481.888 800.6359 352.4164 116.7329 27.2387 4.263046 0.4320189 
3.558442e-08 3.864052e-06 0.0002473807 0.009337565 0.2078131 2.727829 21.15133 97.63021 278.3666 568.4315 1136.558 2362.699 3899.435 4679.223 4550.157 3965.481 3053.533 2039.571 1191.26 595.8507 241.1725 73.51402 15.78541 2.268944 0.2107107 
6.692221e-07 7.266964e-05 0.00465237 0.1756038 3.907799 51.27079 396.5986 1808.821 4865.226 7726.728 7295.478 4289.052 2162.498 2159.297 3110.877 3433.312 2710.281 1677.923 892.3581 408.7355 151.2151 41.97062 8.205455 1.075697 0.09123221 
8.93709e-07 9.704628e-05 0.006212984 0.2345096 5.218706 68.47296 529.7739 2418.66 6537.602 10629.96 11151.59 9426.962 8315.351 6674.189 3982.527 2075.673 1376.327 1001.501 589.5208 263.1794 89.2037 22.35825 3.946331 0.4680499 0.03600145 
1.10438e-06 0.0001199227 0.007677554 0.2897901 6.448915 84.61499 654.6936 2989.56 8087.618 13198.16 14048.08 12424.76 12052.85 11638.68 9573.978 6426.35 3297.411 1293.553 459.8881 167.0114 52.91822 12.36595 1.988013 0.2126703 0.01474544 
1.83703e-06 0.0001994798 0.01277087 0.4820376 10.72712 140.7473 1088.958 4971.377 13432.56 21787.27 22568.23 18395.67 16148.88 15124.44 12824.55 9204.594 5166.688 2146.825 668.789 167.1116 36.20939 6.711062 0.9485227 0.09198708 0.005787697 
2.236444e-06 0.0002428515 0.01554756 0.5868451 13.05956 171.3549 1325.922 6056.335 16401.86 26868.83 28910.9 25935.47 24855.19 22985.29 18014.55 11913.81 6401.355 2658.838 843.6303 203.5315 36.98447 5.079212 0.5297373 0.04080734 0.002188759 
3.280216e-06 0.0003561928 0.02280377 0.8607317 19.15457 251.327 1944.691 8881.459 24035.25 39224.98 41510.76 35588.93 32770.72 30941.75 25688.72 17511.29 9127.219 3517.661 1026.464 232.0056 39.77669 4.95541 0.4343386 0.02636157 0.001097024 
4.484138e-06 0.0004869247 0.03117334 1.176643 26.18492 343.5776 2658.672 12145.42 32902.29 53905.1 57766.23 50732.21 47027.75 42950.94 33719.14 21802.14 10951.78 4094.079 1143.095 241.1835 38.00493 4.34025 0.3470664 0.01883219 0.0006767303 
6.400383e-06 0.0006950065 0.04449493 1.67947 37.37487 490.4075 3794.988 17338.11 46982.96 77019.66 82534.51 72099.81 66107.47 59967.19 46494.15 28783.88 13238.86 4339.136 1034.757 187.7133 26.12909 2.689745 0.1951747 0.009610656 0.0003124362 
7.60938e-06 0.0008262894 0.05289981 1.996718 44.43531 583.0709 4512.722 20629.4 56032.89 92681.95 102321.2 95244.98 92123.98 84126.23 63923.54 38306.23 16910.32 5244.343 1148.56 183.4739 21.79179 1.906175 0.1194066 0.00517759 0.0001503812 
1.150107e-05 0.001248882 0.07995455 3.017906 67.16085 881.2606 6820.174 31168.27 84535.27 138901.7 149432.3 130527 118826.9 107842.4 83472.95 50010.36 21356.32 6220.614 1246.781 178.2733 18.63599 1.414875 0.07606219 0.002818266 7.028565e-05 
1.233091e-05 0.001338993 0.08572366 3.235679 72.00856 944.9422 7315.2 33469.87 91193.43 152416.6 173145.5 168560.8 166013 148634.4 108555.6 61770.25 25774.23 7539.037 1536.928 220.6143 22.30259 1.56836 0.07555927 0.00245906 5.328644e-05 
1.01718e-05 0.001104539 0.07071383 2.669144 59.40213 779.5905 6037.447 27663.83 75786.61 129167.2 155615.9 169213 185680.2 180572.9 140009.8 80725.7 32305.86 8680.274 1586.816 204.7189 19.06254 1.265209 0.05788508 0.001768001 3.524907e-05 
1.032915e-05 0.001121626 0.07180774 2.710434 60.32091 791.6362 6130.202 28076.47 76757.74 129679.9 151844.8 157476.7 170462.5 171994.9 139854 83157.64 33873.92 9246.758 1710.923 218.7907 19.47276 1.196714 0.05005693 0.001402548 2.587081e-05 
1.202863e-05 0.00130617 0.08362248 3.156394 70.24599 921.8952 7138.85 32692.14 89300.77 150182 172462.7 169686.4 170228.2 159362 121477.2 69013.92 27486 7498.86 1410.271 184.3705 16.63989 1.01731 0.04129816 0.001095712 1.877014e-05 
1.311515e-05 0.001424154 0.0911761 3.441531 76.59337 1005.268 7786.317 35685.34 97723.76 165582.5 193482.1 194079.7 192914.2 172917.1 123905.6 65729.65 24367.71 6172.484 1080.701 133.2729 11.57214 0.6917633 0.02763635 0.0007193805 1.197572e-05 
1.310184e-05 0.00142271 0.09108388 3.43808 76.51881 1004.389 7782.054 35704.12 98111.71 167963.5 201339.8 210003.1 214704.4 194192.5 138197.9 71658.98 25618.54 6183.811 1018.233 116.5912 9.337684 0.5162811 0.01926039 0.00047352 7.514735e-06 
1.26019e-05 0.001368422 0.0876086 3.306933 73.60222 966.2004 7488.491 34390.15 94771.45 163533.4 199564.9 213571.5 223097.2 204915.5 147275.6 76776.22 27639.55 6753.948 1125.157 128.4917 10.0064 0.5242165 0.01819378 0.0004124508 6.027521e-06 
1.719056e-05 0.001866699 0.1195089 4.511036 100.3995 1317.851 10210.07 46819.67 128306.4 217067.2 250078.8 241203.1 230636.4 203568.1 143251.4 73162.24 25835.52 6228.475 1031.045 117.439 9.097471 0.4697164 0.01584386 0.0003435733 4.731527e-06 
1.804048e-05 0.001958994 0.1254186 4.734217 105.3745 1383.483 10726.76 49308.91 136152.7 235406.2 285014.5 291918.5 278720 228176.9 145427.7 67962.44 22331.84 5070.344 797.0748 86.88805 6.489086 0.3246789 0.01063072 0.0002233496 2.965894e-06 
2.238441e-05 0.002430698 0.1556182 5.874186 130.7484 1716.613 13308.67 61151.3 168528.2 289304.2 343481.1 342261.3 325025.2 271193.5 174608.6 79812.86 24779.02 5172.491 735.5815 72.38341 4.92761 0.2279357 0.006985155 0.000138531 1.745255e-06 
2.721331e-05 0.002955068 0.1891906 7.14157 158.9656 2087.36 16189.08 74461.45 205733.6 355123.7 424715.5 421374.2 387192.8 306298.4 186506.3 81219.62 24211.07 4857.736 657.7298 60.49938 3.775993 0.1582077 0.004380695 7.885569e-05 9.08582e-07 
2.570001e-05 0.002790754 0.1786736 6.74489 150.1568 1972.516 15317.36 70709.74 197430.1 350483.8 445306.9 478835.2 461539.9 364356.9 213976.3 87789.78 24193.37 4416.911 538.4233 44.49088 2.506767 0.09536394 0.002402305 3.927367e-05 4.098808e-07 
2.875008e-05 0.003121964 0.1998793 7.54544 167.9798 2206.616 17132.94 79037.59 220087.2 387289.7 482377.4 508077.5 491782.4 397857.4 238395.9 98189.47 26766.43 4776.097 560.9844 43.80099 2.282262 0.07895526 0.001793515 2.640225e-05 2.486352e-07 
3.266811e-05 0.003547436 0.2271219 8.574087 190.8939 2508.082 19482.43 89969.65 251052.4 443025.5 550791.2 568163.5 525647 403040.2 230509.6 91942.26 24659.7 4384.521 515.8907 40.15198 2.055708 0.06852699 0.001470286 2.009445e-05 1.734143e-07 
3.263728e-05 0.003544118 0.2269148 8.566815 190.7648 2507.548 19502.36 90354.49 254213.5 457255.2 588507.8 629309.9 587206.8 439978.3 241022.7 91017.91 22966.22 3835.343 425.411 31.47036 1.545803 0.04974049 0.001030777 1.354382e-05 1.114589e-07 
3.035689e-05 0.003296523 0.2110681 7.969117 177.4883 2334.145 18175.77 84464.75 239404.3 437805.4 580696.3 643718.9 614908.8 461967.4 248500.8 90390.98 21603.44 3367.642 344.5403 23.34739 1.050483 0.03114596 0.0005998555 7.385736e-06 5.730702e-08 
3.630379e-05 0.003942311 0.2524158 9.530123 212.2429 2790.599 21713.71 100654.7 283103.5 506864.8 642440.1 669521.5 609084.6 443421.8 231713.6 81417.13 18663.17 2768.549 266.9458 16.85474 0.6988298 0.01893919 0.0003321293 3.723821e-06 2.638659e-08 
