# Number of parameters = 77 Objective function value = 26563.8814404226  Maximum gradient component = 88.4664288714725
# srv_sel50:
0.999886336953
# srv_sel95:
1.00057075490
# stNatLen:
 11.6481998420 11.0196615331 9.31856513695 8.03275151137 7.13974903526 6.50022356221 6.02321744307 5.65625700845 5.36890552472 5.14279049279 4.96633000231 4.83199150041 4.73481004880 4.67157955750 4.64041835425
# log_avg_fmort_dir:
0.903031196065
# fmort_dir_dev:
 -1.14520279347 -0.875927877933 -0.908932163386 -1.32096376851 -0.653647508453 -0.570649668823 -0.360649220532 -0.433543729733 -0.0972193953881 -0.198784085691 -0.195105653485 -0.124125816111 0.160614131571 -0.0652222680806 0.0850161111921 0.205345393502 0.234228722258 0.346333992851 0.342365228918 0.412750160742 0.499310591865 0.495508251377 0.535609659836 0.658387515328 0.821776140404 0.693649374760 0.717059316199 0.742019358791
# mean_log_rec:
14.1367675376
# rec_dev:
 -2.67857438335 -2.31493469856 -2.36350145353 -1.61387834717 -1.15202570287 -0.699831888839 -0.413615026647 -0.156971275920 -0.105269764417 0.0887222698339 0.377457297647 0.527519812418 0.358756523402 0.388885188173 0.453451365654 0.534987529468 0.612108114663 0.573341951826 0.595918948655 0.608681802172 0.670911430085 0.882384693636 0.905984858263 0.918908097858 0.811884770944 0.796726405149 0.695984798256 0.695986683207
# log_avg_NatM:
-1.36448700000
# m_dev:
 0.00000000000 0.00000000000 0.00000000000 0.00000000000 0.00000000000 0.00000000000 0.00000000000 0.00000000000 0.00000000000 0.00000000000 0.00000000000 0.00000000000 0.00000000000 0.00000000000 0.00000000000 0.00000000000 0.00000000000 0.00000000000 0.00000000000 0.00000000000 0.00000000000 0.00000000000 0.00000000000 0.00000000000 0.00000000000 0.00000000000 0.00000000000 0.00000000000
# log_avg_GrowthK:
-1.20372700000
# log_avg_Linf:
3.45755400000
# GrowthK_dev:
 0.00000000000 0.00000000000 0.00000000000 0.00000000000 0.00000000000 0.00000000000 0.00000000000 0.00000000000 0.00000000000 0.00000000000 0.00000000000 0.00000000000 0.00000000000 0.00000000000 0.00000000000 0.00000000000 0.00000000000 0.00000000000 0.00000000000 0.00000000000 0.00000000000 0.00000000000 0.00000000000 0.00000000000 0.00000000000 0.00000000000 0.00000000000 0.00000000000
# Linf_dev:
 0.00000000000 0.00000000000 0.00000000000 0.00000000000 0.00000000000 0.00000000000 0.00000000000 0.00000000000 0.00000000000 0.00000000000 0.00000000000 0.00000000000 0.00000000000 0.00000000000 0.00000000000 0.00000000000 0.00000000000 0.00000000000 0.00000000000 0.00000000000 0.00000000000 0.00000000000 0.00000000000 0.00000000000 0.00000000000 0.00000000000 0.00000000000 0.00000000000
# SelPars50:
1.06905372484
# SelPars95:
1.32934698939
# SelPars_dev50:
 0.00000000000 0.00000000000 0.00000000000 0.00000000000 0.00000000000 0.00000000000 0.00000000000 0.00000000000 0.00000000000 0.00000000000 0.00000000000 0.00000000000 0.00000000000 0.00000000000 0.00000000000 0.00000000000 0.00000000000 0.00000000000 0.00000000000 0.00000000000 0.00000000000 0.00000000000 0.00000000000 0.00000000000 0.00000000000 0.00000000000 0.00000000000 0.00000000000
# SelPars_dev95:
 0.00000000000 0.00000000000 0.00000000000 0.00000000000 0.00000000000 0.00000000000 0.00000000000 0.00000000000 0.00000000000 0.00000000000 0.00000000000 0.00000000000 0.00000000000 0.00000000000 0.00000000000 0.00000000000 0.00000000000 0.00000000000 0.00000000000 0.00000000000 0.00000000000 0.00000000000 0.00000000000 0.00000000000 0.00000000000 0.00000000000 0.00000000000 0.00000000000
