# Number of parameters = 78 Objective function value = 19320.2868113352  Maximum gradient component = 0.00212781192891718
# srv_sel50:
2.12055577449
# srv_sel95:
5.52818727798
# stNatLen:
 11.8988777106 10.0781387780 8.67546430471 7.68970906114 6.98296343957 6.45555449851 6.04836783350 5.72728713542 5.47162609330 5.26818909606 5.10823946387 4.98586582729 4.89705748056 4.83916419976 4.81057965962
# log_avg_fmort_dir:
0.600234624361
# fmort_dir_dev:
 -0.568325435548 -0.107487673171 -0.000481679776449 0.0729396939631 -0.199591314758 0.0205112854470 0.0518609826653 -0.193173069694 -0.234365730179 -0.151857523233 -0.0683103277014 -0.0555643146426 0.00741500115382 0.0278184695277 0.205677916332 0.205138998042 0.249383680168 0.191847227810 0.0969467568569 0.0846031694066 0.0522286695472 0.0179748965522 -0.0835673598798 0.0527118926253 -0.104116160701 0.0246998188497 0.151040536197 0.254041594141
# mean_log_rec:
14.4337052996
# rec_dev:
 -2.08437427965 -2.15948356668 -2.09835463982 -1.75348461308 -1.51353403294 -1.36172141049 -0.998859603473 -0.462941742518 -0.0345643450717 0.159078872957 0.432522838378 0.705607959187 0.781160248242 0.651927154128 0.497412313018 0.471237754083 0.516213114937 0.597372413848 0.629783137864 0.643353301859 0.705129766825 0.776034145070 0.911074743687 0.962194346746 0.931889522101 0.780420857312 0.657452869823 0.657452873651
# log_avg_NatM:
0.414047768308
# m_dev:
 0.00000000000 0.00000000000 0.00000000000 0.00000000000 0.00000000000 0.00000000000 0.00000000000 0.00000000000 0.00000000000 0.00000000000 0.00000000000 0.00000000000 0.00000000000 0.00000000000 0.00000000000 0.00000000000 0.00000000000 0.00000000000 0.00000000000 0.00000000000 0.00000000000 0.00000000000 0.00000000000 0.00000000000 0.00000000000 0.00000000000 0.00000000000 0.00000000000
# log_avg_GrowthK:
-1.02151300000
# log_avg_Linf:
3.36611700000
# GrowthK_dev:
 0.00000000000 0.00000000000 0.00000000000 0.00000000000 0.00000000000 0.00000000000 0.00000000000 0.00000000000 0.00000000000 0.00000000000 0.00000000000 0.00000000000 0.00000000000 0.00000000000 0.00000000000 0.00000000000 0.00000000000 0.00000000000 0.00000000000 0.00000000000 0.00000000000 0.00000000000 0.00000000000 0.00000000000 0.00000000000 0.00000000000 0.00000000000 0.00000000000
# Linf_dev:
 0.00000000000 0.00000000000 0.00000000000 0.00000000000 0.00000000000 0.00000000000 0.00000000000 0.00000000000 0.00000000000 0.00000000000 0.00000000000 0.00000000000 0.00000000000 0.00000000000 0.00000000000 0.00000000000 0.00000000000 0.00000000000 0.00000000000 0.00000000000 0.00000000000 0.00000000000 0.00000000000 0.00000000000 0.00000000000 0.00000000000 0.00000000000 0.00000000000
# SelPars50:
2.34854380726
# SelPars95:
5.22706633634
# SelPars_dev50:
 0.00000000000 0.00000000000 0.00000000000 0.00000000000 0.00000000000 0.00000000000 0.00000000000 0.00000000000 0.00000000000 0.00000000000 0.00000000000 0.00000000000 0.00000000000 0.00000000000 0.00000000000 0.00000000000 0.00000000000 0.00000000000 0.00000000000 0.00000000000 0.00000000000 0.00000000000 0.00000000000 0.00000000000 0.00000000000 0.00000000000 0.00000000000 0.00000000000
# SelPars_dev95:
 0.00000000000 0.00000000000 0.00000000000 0.00000000000 0.00000000000 0.00000000000 0.00000000000 0.00000000000 0.00000000000 0.00000000000 0.00000000000 0.00000000000 0.00000000000 0.00000000000 0.00000000000 0.00000000000 0.00000000000 0.00000000000 0.00000000000 0.00000000000 0.00000000000 0.00000000000 0.00000000000 0.00000000000 0.00000000000 0.00000000000 0.00000000000 0.00000000000
