# Number of parameters = 77 Objective function value = 25100.4791109522  Maximum gradient component = 0.000842986368786597
# srv_sel50:
0.856745082327
# srv_sel95:
0.976280254716
# stNatLen:
 10.0071041313 8.73793110087 7.63286738236 6.80339664035 6.18436643107 5.71103309615 5.34040887097 5.04556669468 4.80938413086 4.62064073973 4.47178362110 4.35764539282 4.27469200639 4.22057340269 4.19385198434
# log_avg_fmort_dir:
0.468057899112
# fmort_dir_dev:
 -0.278701610527 0.0524003919855 -0.203384608867 -0.135624640149 0.00570891324607 0.0545146041034 0.0804057264348 -0.0815229054297 -0.0452512363447 -0.0384857280936 0.126400183687 -0.0863481598151 0.0897933137453 0.0854798735479 0.0599210876885 0.181761216363 -0.0243454632361 0.0720978254938 -0.0657661928147 -0.00607972226177 -0.0118273441979 0.0171539361118 -0.160219310499 0.0141574231672 -0.0223551948847 0.0737921207392 0.0355573214378 0.210768179368
# mean_log_rec:
13.1705320196
# rec_dev:
 -2.54825443875 -2.30005989293 -1.92044310113 -1.40614860494 -1.19630246756 -1.08182453942 -0.871987991933 -0.433347567904 -0.148169854706 0.179034260392 0.495885375948 0.793481950629 0.837216679702 0.673263757343 0.612340168186 0.574895004457 0.563397077239 0.459778629967 0.546532596079 0.664210343455 0.691632263811 0.698825989516 0.853452517351 0.833372401038 0.781713073828 0.642677668308 0.502414341829 0.502414360189
# log_avg_NatM:
-0.940144300000
# m_dev:
 0.00000000000 0.00000000000 0.00000000000 0.00000000000 0.00000000000 0.00000000000 0.00000000000 0.00000000000 0.00000000000 0.00000000000 0.00000000000 0.00000000000 0.00000000000 0.00000000000 0.00000000000 0.00000000000 0.00000000000 0.00000000000 0.00000000000 0.00000000000 0.00000000000 0.00000000000 0.00000000000 0.00000000000 0.00000000000 0.00000000000 0.00000000000 0.00000000000
# log_avg_GrowthK:
-1.02151300000
# log_avg_Linf:
3.36611700000
# GrowthK_dev:
 0.00000000000 0.00000000000 0.00000000000 0.00000000000 0.00000000000 0.00000000000 0.00000000000 0.00000000000 0.00000000000 0.00000000000 0.00000000000 0.00000000000 0.00000000000 0.00000000000 0.00000000000 0.00000000000 0.00000000000 0.00000000000 0.00000000000 0.00000000000 0.00000000000 0.00000000000 0.00000000000 0.00000000000 0.00000000000 0.00000000000 0.00000000000 0.00000000000
# Linf_dev:
 0.00000000000 0.00000000000 0.00000000000 0.00000000000 0.00000000000 0.00000000000 0.00000000000 0.00000000000 0.00000000000 0.00000000000 0.00000000000 0.00000000000 0.00000000000 0.00000000000 0.00000000000 0.00000000000 0.00000000000 0.00000000000 0.00000000000 0.00000000000 0.00000000000 0.00000000000 0.00000000000 0.00000000000 0.00000000000 0.00000000000 0.00000000000 0.00000000000
# SelPars50:
1.08499608960
# SelPars95:
1.98142002788
# SelPars_dev50:
 0.00000000000 0.00000000000 0.00000000000 0.00000000000 0.00000000000 0.00000000000 0.00000000000 0.00000000000 0.00000000000 0.00000000000 0.00000000000 0.00000000000 0.00000000000 0.00000000000 0.00000000000 0.00000000000 0.00000000000 0.00000000000 0.00000000000 0.00000000000 0.00000000000 0.00000000000 0.00000000000 0.00000000000 0.00000000000 0.00000000000 0.00000000000 0.00000000000
# SelPars_dev95:
 0.00000000000 0.00000000000 0.00000000000 0.00000000000 0.00000000000 0.00000000000 0.00000000000 0.00000000000 0.00000000000 0.00000000000 0.00000000000 0.00000000000 0.00000000000 0.00000000000 0.00000000000 0.00000000000 0.00000000000 0.00000000000 0.00000000000 0.00000000000 0.00000000000 0.00000000000 0.00000000000 0.00000000000 0.00000000000 0.00000000000 0.00000000000 0.00000000000
