#Simulated generalized assessment 
# 
#start/end year 
71 99 
#number of ages 
15 
#ages 
1 2 3 4 5 6 7 8 9 10 11 12 13 14 15 
#Number of length bins 
25 
#CPUE years 
29 
#years for CPUE 
71 72 73 74 75 76 77 78 79 80 81 82 83 84 85 86 87 88 89 90 91 92 93 94 95 96 97 98 99 
#survey years 
29 
#years for survey 
71 72 73 74 75 76 77 78 79 80 81 82 83 84 85 86 87 88 89 90 91 92 93 94 95 96 97 98 99 
#length freq from catch years 
29 
#years for length freq catch 
71 72 73 74 75 76 77 78 79 80 81 82 83 84 85 86 87 88 89 90 91 92 93 94 95 96 97 98 99 
#catch length sample sizes 
200 200 200 200 200 200 200 200 200 200 200 200 200 200 200 200 200 200 200 200 200 200 200 200 200 200 200 200 200 
#length freq from survey years 
29 
#years for length freq survey 
71 72 73 74 75 76 77 78 79 80 81 82 83 84 85 86 87 88 89 90 91 92 93 94 95 96 97 98 99 
#survey sample sizes 
200 200 200 200 200 200 200 200 200 200 200 200 200 200 200 200 200 200 200 200 200 200 200 200 200 200 200 200 200 
#total survey biomass 
8002.557 7155.11 8010.154 7134.945 13463.87 13758.39 20847.26 17627.04 37076.69 38355.76 51884.82 118524.5 118738.2 153079 122111.4 119890.5 96951.22 108668.9 114855.9 114669.9 142843.8 115295.2 116229 123795.4 197276.5 141065 145543.6 150050.2 176861.7 
#survey CV 
0.2 0.2 0.2 0.2 0.2 0.2 0.2 0.2 0.2 0.2 0.2 0.2 0.2 0.2 0.2 0.2 0.2 0.2 0.2 0.2 0.2 0.2 0.2 0.2 0.2 0.2 0.2 0.2 0.2 
#total CPUE 
7441.618 8239.677 6628.602 6792.056 9099.147 13654.73 13194.29 16735.63 38085.42 57669.47 57458.85 77598.29 101153.6 115684.7 139979.1 92658.27 102857.6 101473.1 98770.91 113853.2 104105.7 119497.6 110036.5 178625.8 221130.5 129496.7 142660.2 122611.4 145909.4 
#CPUE CV 
0.2 0.2 0.2 0.2 0.2 0.2 0.2 0.2 0.2 0.2 0.2 0.2 0.2 0.2 0.2 0.2 0.2 0.2 0.2 0.2 0.2 0.2 0.2 0.2 0.2 0.2 0.2 0.2 0.2 
#total catch biomass 
5318.248 5535.792 5756.627 5345.055 5935.907 10039.05 10839.23 11468.94 18924.8 33230.53 44451.36 58851.34 73862.99 98824.91 110615.9 96466.13 94385.95 78543.5 89510.11 85077.32 88051.9 94449.24 96215.31 103384.4 113055.5 123290.9 121339.7 105294.8 1.166216 
#catch CV 
0.05 0.05 0.05 0.05 0.05 0.05 0.05 0.05 0.05 0.05 0.05 0.05 0.05 0.05 0.05 0.05 0.05 0.05 0.05 0.05 0.05 0.05 0.05 0.05 0.05 0.05 0.05 0.05 0.05 
#Length Bins 
0.6062379 1.818714 3.03119 4.243665 5.456141 6.668617 7.881093 9.093569 10.30604 11.51852 12.731 13.94347 15.15595 16.36842 17.5809 18.79338 20.00585 21.21833 22.4308 23.64328 24.85575 26.06823 27.28071 28.49318 29.70566 
#catch length counts 
5.500978e-35 2.692348e-28 3.029473e-22 7.83696e-17 4.660933e-12 6.372984e-08 0.0002003353 0.1447828 24.05586 918.9028 8069.805 16293.17 7582.656 1333.868 3236.872 4528.272 1638.888 742.3143 543.5358 193.8657 78.2249 23.24253 5.056166 0.6767771 0.04618573 
5.539243e-35 2.711075e-28 3.050545e-22 7.891473e-17 4.693354e-12 6.417314e-08 0.0002017288 0.1457898 24.22319 925.2946 8125.938 16406.5 7634.701 1324.573 3145.96 4399.928 1589.578 710.9488 517.9912 181.1726 71.14575 20.50029 4.327161 0.5655506 0.0376685 
7.285502e-35 3.565748e-28 4.012237e-22 1.037928e-16 6.172945e-12 8.440387e-08 0.0002653243 0.1917504 31.85961 1216.996 10687.66 21578.63 10035.25 1574.498 3113.911 4345.551 1563.002 677.3978 489.9754 169.9375 65.7948 18.49989 3.772664 0.476645 0.03087963 
5.306265e-35 2.597049e-28 2.922241e-22 7.559561e-17 4.495954e-12 6.147405e-08 0.0001932442 0.139658 23.20437 886.3772 7784.165 15716.5 7319.389 1422.897 3954.243 5534.722 1938.725 676.8112 464.5616 157.8973 59.80828 16.58791 3.306005 0.4040598 0.02528494 
7.8438e-35 3.838997e-28 4.3197e-22 1.117466e-16 6.645987e-12 9.087186e-08 0.0002856565 0.2064446 34.30105 1310.256 11506.67 23232.21 10801.15 1612.581 2848.32 3971.867 1472.555 775.3961 571.1083 172.5985 56.45 15.05971 2.930785 0.3500932 0.02126106 
1.315746e-34 6.439666e-28 7.246015e-22 1.874476e-16 1.114821e-11 1.524316e-07 0.0004791701 0.3462973 57.53778 2197.869 19301.69 38970.49 18115.65 2636.4 4358.791 6062.481 2098.827 653.6815 441.6999 168.4487 68.35465 16.62523 2.861755 0.3264754 0.01931602 
1.283482e-34 6.281757e-28 7.068333e-22 1.828511e-16 1.087484e-11 1.486938e-07 0.0004674202 0.3378056 56.12687 2143.974 18828.38 38015.04 17689.16 3042.851 7128.75 9957.423 3425.093 992.1393 631.0109 179.9448 56.25143 16.26493 3.134564 0.3278888 0.01789118 
1.333463e-34 6.526376e-28 7.343583e-22 1.899716e-16 1.129832e-11 1.544841e-07 0.0004856221 0.3509602 58.31253 2227.463 19561.58 39495.35 18373.56 3043.283 6685.529 9340.545 3345.351 1402.822 981.1273 269.4672 73.04298 16.08065 2.752316 0.3192925 0.01754107 
2.596036e-34 1.27058e-27 1.429677e-21 3.698439e-16 2.1996e-11 3.007556e-07 0.0009454277 0.6832627 113.5251 4336.511 38083.24 76890.75 35734.17 4964.1 7148.924 9926.753 3522.284 1375.173 967.8157 321.1764 111.3783 23.70566 3.28297 0.3121912 0.01690041 
4.699098e-34 2.299883e-27 2.587865e-21 6.694562e-16 3.981507e-11 5.443991e-07 0.001711323 1.236777 205.4922 7849.539 68934.65 139180.4 64687.28 9109.838 13699.08 19017.58 6469.86 1640.821 1007.093 321.2768 112.2901 28.65054 4.647123 0.4015945 0.01788914 
6.075488e-34 2.97353e-27 3.345864e-21 8.655434e-16 5.14771e-11 7.038564e-07 0.002212579 1.599035 265.682 10148.71 89125.96 179947.3 83675.87 12876.59 24419.38 34018.08 11606.84 3051.367 1856.828 480.0217 120.4003 28.76112 5.028185 0.5062678 0.02321864 
7.277391e-34 3.561779e-27 4.00777e-21 1.036772e-15 6.166073e-11 8.430991e-07 0.002650289 1.91537 318.2414 12156.41 106757.6 215546.2 100246.3 15875.1 32005.63 44641.77 15548.17 5132.942 3371.742 884.3755 216.3511 41.3829 5.559175 0.544891 0.02757228 
1.000996e-33 4.89918e-27 5.512636e-21 1.426067e-15 8.481354e-11 1.159672e-06 0.003645439 2.634566 437.7369 16720.99 146843.7 296480.6 137841.7 20618.88 36590.86 50959.42 17859.34 6258.724 4224.889 1232.047 359.9989 70.77537 8.562128 0.661196 0.02899411 
1.251306e-33 6.124277e-27 6.891134e-21 1.782671e-15 1.060221e-10 1.449661e-06 0.004557022 3.29337 547.198 20902.26 183563.6 370619.3 172353.5 26916.21 52710.38 73483.28 25425.91 7858.818 5136.744 1545.744 484.236 107.042 14.82344 1.12823 0.04205193 
1.316102e-33 6.441407e-27 7.247975e-21 1.874983e-15 1.115122e-10 1.524728e-06 0.004792997 3.463909 575.5334 21984.63 193069.1 389811.4 181337.3 29872.96 64984.67 90730.13 31713.02 10838.78 7242.844 2050.136 591.9751 134.7115 20.50739 1.763629 0.0699282 
9.472231e-34 4.636001e-27 5.216502e-21 1.34946e-15 8.025743e-11 1.097375e-06 0.003449609 2.49304 414.2221 15822.75 138955.4 280555.8 130650.4 25180.78 69247.94 96942.53 34347.45 13235.51 9164.528 2725.394 832.7212 180.4058 26.26489 2.378261 0.1042505 
9.997916e-34 4.893287e-27 5.506005e-21 1.424351e-15 8.471151e-11 1.158277e-06 0.003641053 2.631397 437.2103 16700.87 146667.1 296124.7 137761.2 22860.63 50389.42 70456.53 26041.45 13473.37 9956.433 3161.384 1061.508 243.3058 36.25619 3.172288 0.139656 
8.96006e-34 4.385328e-27 4.934441e-21 1.276493e-15 7.591784e-11 1.038039e-06 0.003263086 2.358239 391.8247 14967.2 131442 265385.2 123505 21666.47 52357.21 73209.14 25987.43 10188.83 7303.592 2760.84 1124.971 282.544 46.09169 4.22827 0.1861889 
9.70286e-34 4.748878e-27 5.343513e-21 1.382316e-15 8.221153e-11 1.124094e-06 0.0035336 2.55374 424.3075 16208 142338.7 287385.5 133692 22089.15 48310.44 67502.62 24329.34 10694.72 7683.272 2475.836 906.0086 266.8523 52.00285 5.304537 0.2500831 
9.239047e-34 4.521873e-27 5.088084e-21 1.316239e-15 7.828168e-11 1.070361e-06 0.003364687 2.431667 404.0249 15433.23 135534.6 273648.3 127342.6 22130.52 52701.55 73679.42 26152.82 10240.18 7237.382 2477.56 925.5057 241.0983 46.76812 5.571193 0.300893 
9.666356e-34 4.731011e-27 5.32341e-21 1.377116e-15 8.190223e-11 1.119865e-06 0.003520305 2.544132 422.7112 16147.02 141803.2 286304.5 133214.5 22682.96 52262.43 73064.04 26296.59 11442.86 8203.735 2635.392 933.026 250.7453 47.10596 5.370637 0.3133234 
1.04166e-33 5.098202e-27 5.736578e-21 1.483999e-15 8.825896e-11 1.206782e-06 0.003793529 2.741591 455.5193 17400.25 152809 308525.4 143526.2 23711.35 51847.63 72431.49 25903.85 10759.53 7697.843 2620.111 971.4724 248.6716 45.33109 5.119491 0.2908108 
1.071478e-33 5.244141e-27 5.900791e-21 1.526479e-15 9.078542e-11 1.241327e-06 0.003902121 2.820071 468.5588 17898.34 157183.3 317357.3 147661 25089.35 57601.78 80500.47 28594.63 11259.25 7934.413 2633.14 966.023 259.0193 47.85512 5.223413 0.290338 
1.150349e-33 5.630163e-27 6.33515e-21 1.638843e-15 9.746815e-11 1.332701e-06 0.004189357 3.027657 503.0495 19215.84 168753.5 340718.1 158536.9 27110.78 62908.35 87944.43 31508.55 13260.74 9446.349 3042.42 1071.365 281.0944 52.46436 5.86904 0.3228305 
1.229195e-33 6.016058e-27 6.769364e-21 1.751171e-15 1.041487e-10 1.424045e-06 0.004476497 3.235174 537.5288 20532.91 180320 364071.1 169398.3 28840.52 66435.79 92871.71 33322.93 14182.9 10174.43 3399.753 1236.903 315.5502 56.76265 6.303975 0.3516678 
1.365496e-33 6.683158e-27 7.519996e-21 1.945352e-15 1.156974e-10 1.581952e-06 0.004972881 3.593912 597.1335 22809.73 200315.1 404441.6 188174.3 31824.87 72497.72 101331.8 36331.24 15378.51 11028.91 3713.01 1375.581 362.911 65.98767 7.123096 0.3898058 
1.196603e-33 5.856542e-27 6.589875e-21 1.704738e-15 1.013872e-10 1.386286e-06 0.004357803 3.149394 523.2762 19988.48 175538.8 354418.5 164995.4 30431.34 79058.88 110645.1 39595.95 16524.88 11811.12 3964.046 1467.196 391.6492 73.10711 8.054491 0.4368445 
1.10031e-33 5.385256e-27 6.059576e-21 1.567555e-15 9.322837e-11 1.27473e-06 0.004007124 2.895957 481.1673 18379.97 161412.9 325897.8 151708.6 27735.35 71188.61 99678.36 36569.97 18095.51 13347.86 4447.868 1630.98 434.1751 81.51192 9.158288 0.5070759 
1.167604e-38 5.714611e-32 6.430172e-26 1.663425e-20 9.893009e-16 1.35269e-11 4.252194e-08 3.073069e-05 0.005105948 0.1950407 1.712847 3.458296 1.610298 0.3056988 0.8249374 1.155621 0.4239817 0.2100001 0.1570925 0.05800538 0.02346721 0.00627147 0.001169452 0.0001317047 7.390784e-06 
#survey length counts 
7.838685e-35 3.836493e-28 4.316883e-22 1.116737e-16 6.641652e-12 9.08126e-08 0.0002854702 0.2063099 34.27868 1309.402 11499.16 23217.14 10803.1 1850.384 4305.076 6020.071 2179.608 989.6131 723.3997 253.7887 99.98786 28.85496 6.097975 0.7975564 0.05314481 
1.01907e-34 4.987643e-28 5.612176e-22 1.451817e-16 8.634499e-12 1.180612e-07 0.0003711263 0.2682138 44.5641 1702.291 14949.52 30183.43 14036.14 2180.807 4224.059 5893.536 2124.241 934.6727 678.3797 235.9964 91.67133 25.81477 5.270759 0.6663948 0.04319217 
7.398373e-35 3.620991e-28 4.074397e-22 1.054008e-16 6.26858e-12 8.57115e-08 0.0002694348 0.1947211 32.35319 1235.85 10853.24 21913.06 10204.21 1957.22 5350.342 7488.009 2627.169 930.8351 641.636 218.7384 83.13047 23.09136 4.607717 0.5635589 0.03528211 
1.10337e-34 5.400233e-28 6.076428e-22 1.571915e-16 9.348765e-12 1.278275e-07 0.0004018267 0.290401 48.25054 1843.109 16186.18 32680.24 15192.97 2247.728 3880.542 5409.857 2010.983 1075.056 793.9491 240.561 78.96754 21.10112 4.11154 0.4914914 0.02986181 
1.832217e-34 8.967434e-28 1.00903e-21 2.610265e-16 1.552422e-11 2.122657e-07 0.0006672592 0.4822296 80.12313 3060.6 26878.19 54267.6 25225.51 3642.362 5893.238 8194.261 2840.802 897.7178 609.5554 233.2368 94.91929 23.11676 3.984475 0.4549109 0.02692751 
1.766301e-34 8.644817e-28 9.727286e-22 2.516357e-16 1.496572e-11 2.046292e-07 0.0006432535 0.4648807 77.24058 2950.491 25911.21 52315.45 24341.85 4145.135 9551.697 13339.83 4594.429 1350.144 863.0273 246.714 77.4295 22.42689 4.326633 0.4528947 0.02472474 
1.846338e-34 9.036545e-28 1.016806e-21 2.630382e-16 1.564387e-11 2.139016e-07 0.0006724016 0.4859461 80.74063 3084.188 27085.34 54686 25438.79 4171.601 8999.297 12571.19 4511.611 1920.831 1347.966 371.0439 100.9633 22.26401 3.816152 0.4430363 0.02434935 
3.573535e-34 1.748998e-27 1.968e-21 5.09103e-16 3.027826e-11 4.140006e-07 0.001301414 0.9405349 156.2712 5969.359 52422.91 105842.8 49187.74 6790.938 9582.319 13301.54 4728.599 1874.355 1324.151 440.7086 153.326 32.67543 4.53131 0.4312818 0.02335989 
6.446036e-34 3.154888e-27 3.54993e-21 9.183334e-16 5.461672e-11 7.467851e-07 0.002347525 1.696562 281.8861 10767.69 94561.81 190922 88732.49 12418.23 18313.79 25416.25 8655.942 2225.917 1374.233 439.6648 154.2057 39.40328 6.398325 0.5533095 0.02466109 
8.348848e-34 4.086183e-27 4.597838e-21 1.189417e-15 7.07391e-11 9.672294e-07 0.003040494 2.197371 365.0964 13946.21 122475.6 247281 114980.8 17552.19 32685.75 45524 15550.06 4145.709 2536.643 657.1206 165.4957 39.60581 6.932768 0.6985026 0.03204868 
9.880323e-34 4.835733e-27 5.441244e-21 1.407599e-15 8.371515e-11 1.144653e-06 0.003598228 2.600447 432.068 16504.44 144942 292641.3 136095.6 21389.49 42453.47 59205.16 20652.09 6920.513 4565.883 1200.074 294.7297 56.46327 7.596226 0.7452136 0.03772641 
1.379275e-33 6.750593e-27 7.595875e-21 1.964981e-15 1.168648e-10 1.597915e-06 0.005023059 3.630175 603.1588 23039.89 202336.3 408521.2 189924.1 28191.3 49078.19 68334.4 23987.87 8532.943 5783.959 1690.889 495.8495 97.61427 11.82454 0.9139244 0.04010074 
1.719453e-33 8.415531e-27 9.46929e-21 2.449616e-15 1.456878e-10 1.992018e-06 0.006261925 4.525507 751.9193 28722.35 252239.7 509277.7 236824 36678.41 70550.67 98334.98 34072.35 10686.47 7018.18 2117.458 665.7131 147.3678 20.43247 1.556247 0.05803664 
1.818782e-33 8.901679e-27 1.001631e-20 2.591125e-15 1.541039e-10 2.107093e-06 0.006623664 4.786936 795.3562 30381.58 266811.1 538698.4 250583.2 40880.43 87348.05 121932.8 42686.87 14807.57 9936.727 2819.353 817.1711 186.2495 28.38814 2.443073 0.09691267 
1.312099e-33 6.421816e-27 7.22593e-21 1.86928e-15 1.111731e-10 1.520091e-06 0.004778419 3.453373 573.7829 21917.77 192481.8 388627.3 180961.1 34440.83 93237.36 130513.2 46326.84 18122.75 12595.68 3755.293 1151.524 249.8332 36.42081 3.300403 0.1447394 
1.381893e-33 6.76341e-27 7.610297e-21 1.968712e-15 1.170867e-10 1.600949e-06 0.005032596 3.637068 604.304 23083.63 202720.5 409297.9 190399.2 31284.96 67738.52 94701.7 35094.41 18437.58 13663.14 4350.242 1465.715 336.4246 50.19446 4.39512 0.1935882 
1.251872e-33 6.127046e-27 6.894251e-21 1.783478e-15 1.060701e-10 1.450317e-06 0.004559083 3.294859 547.4455 20911.71 183646.7 370787.9 172543.8 29912.27 70956.84 99201.71 35279.76 14041.44 10104.15 3831.99 1566.056 393.8478 64.325 5.905022 0.2601479 
1.363045e-33 6.671159e-27 7.506494e-21 1.941859e-15 1.154896e-10 1.579112e-06 0.004963953 3.587459 596.0614 22768.78 199955.4 403715.1 187795.6 30683.23 65744.98 91846.53 33174.1 14804.49 10670.9 3448.241 1266.355 373.574 72.87692 7.438472 0.3508423 
1.311122e-33 6.417036e-27 7.220551e-21 1.867888e-15 1.110903e-10 1.518959e-06 0.004774862 3.450803 573.3558 21901.45 192338.6 388337 180697.6 30993.76 72274.06 101024.9 35925.26 14277.1 10128.31 3477.593 1303.299 340.0184 66.04176 7.872465 0.4253468 
1.352285e-33 6.618499e-27 7.447241e-21 1.926531e-15 1.14578e-10 1.566647e-06 0.004924769 3.559141 591.3563 22589.05 198377 400528.6 186348.2 31369.87 70898.22 99101.61 35743.31 15790.65 11358.65 3659.105 1299.994 349.9031 65.81248 7.508908 0.438271 
1.480745e-33 7.247219e-27 8.154686e-21 2.10954e-15 1.254623e-10 1.71547e-06 0.005392594 3.897239 647.5318 24734.88 217221.7 438576.2 204010.5 33296.03 71197.58 99442.77 35634.28 15023.65 10786.41 3682.268 1369.751 351.1301 64.08929 7.243215 0.411638 
1.554222e-33 7.60684e-27 8.559338e-21 2.21422e-15 1.31688e-10 1.800595e-06 0.005660185 4.090628 679.6636 25962.28 228000.7 460339.6 214168.5 35865.66 80332.73 112242.3 39942.52 15959.44 11287.65 3756.785 1382.9 371.3497 68.68945 7.502851 0.4172362 
1.661912e-33 8.133908e-27 9.152403e-21 2.36764e-15 1.408124e-10 1.925356e-06 0.006052372 4.374062 726.7566 27761.17 243798.6 492235.9 229017.5 38606.5 87461.09 122242.8 43883.95 18743.75 13397.49 4327.012 1528.974 401.7679 75.07887 8.40476 0.4625184 
1.788208e-33 8.752041e-27 9.847936e-21 2.547568e-15 1.515134e-10 2.071672e-06 0.00651232 4.706467 781.9862 29870.87 262325.9 529643.1 246413.9 41336.29 92861.38 129783.3 46660.37 20153.82 14506.51 4861.342 1774.508 453.36 81.65425 9.075026 0.5064828 
1.982275e-33 9.701863e-27 1.091669e-20 2.824045e-15 1.679565e-10 2.296502e-06 0.007219074 5.21724 866.8518 33112.62 290795.1 587123 273145.3 45532.46 101168.9 141374.2 50789.02 21817.16 15699.63 5300.916 1970.367 520.5931 94.7717 10.23754 0.5605071 
1.762738e-33 8.627379e-27 9.707665e-21 2.511281e-15 1.493553e-10 2.042164e-06 0.00641956 4.63943 770.8478 29445.39 258589.4 522100.1 243027.6 44028.58 111575.5 156122.8 55979.23 23704.92 17000.87 5722.411 2125.041 568.0939 106.1698 11.70529 0.6351389 
1.648247e-33 8.067028e-27 9.077149e-21 2.348173e-15 1.396546e-10 1.909525e-06 0.006002607 4.338097 720.7809 27532.9 241794 488189.4 227227.2 40752.35 101786.1 142491.2 52400.03 26307.34 19460.2 6503.187 2392.576 637.8638 119.8966 13.48048 0.7467211 
1.734471e-33 8.489035e-27 9.551997e-21 2.471012e-15 1.469603e-10 2.009417e-06 0.006316619 4.565034 758.4868 28973.22 254442.8 513727.3 239057.4 41379.19 97919.69 136998.9 50311.34 25069.48 18779.44 6951.739 2819.449 754.4185 140.833 15.87126 0.8910184 
1.734471e-33 8.489035e-27 9.551997e-21 2.471012e-15 1.469603e-10 2.009417e-06 0.006316619 4.565034 758.4868 28973.22 254442.8 513727.3 239057.4 41379.19 97919.69 136998.9 50311.34 25069.48 18779.44 6951.739 2819.449 754.4185 140.833 15.87126 0.8910184 
