#Simulated generalized assessment 
# 
#start/end year 
71 99 
#number of ages 
15 
#ages 
1 2 3 4 5 6 7 8 9 10 11 12 13 14 15 
#Number of length bins 
25 
#CPUE years 
29 
#years for CPUE 
71 72 73 74 75 76 77 78 79 80 81 82 83 84 85 86 87 88 89 90 91 92 93 94 95 96 97 98 99 
#survey years 
29 
#years for survey 
71 72 73 74 75 76 77 78 79 80 81 82 83 84 85 86 87 88 89 90 91 92 93 94 95 96 97 98 99 
#length freq from catch years 
29 
#years for length freq catch 
71 72 73 74 75 76 77 78 79 80 81 82 83 84 85 86 87 88 89 90 91 92 93 94 95 96 97 98 99 
#catch length sample sizes 
200 200 200 200 200 200 200 200 200 200 200 200 200 200 200 200 200 200 200 200 200 200 200 200 200 200 200 200 200 
#length freq from survey years 
29 
#years for length freq survey 
71 72 73 74 75 76 77 78 79 80 81 82 83 84 85 86 87 88 89 90 91 92 93 94 95 96 97 98 99 
#survey sample sizes 
200 200 200 200 200 200 200 200 200 200 200 200 200 200 200 200 200 200 200 200 200 200 200 200 200 200 200 200 200 
#total survey biomass 
5753.074 8231.865 7425.822 10541.07 21631.38 18926.25 28595.8 40311.23 56075.4 66020.27 106043.6 71380.05 140625.6 172782.7 121599.1 107046.7 82731.84 96329.11 100540.8 145583.5 140845 102619.8 119785.6 124894.6 188106.1 149297.5 145556.7 115636.2 117465.6 
#survey CV 
0.2 0.2 0.2 0.2 0.2 0.2 0.2 0.2 0.2 0.2 0.2 0.2 0.2 0.2 0.2 0.2 0.2 0.2 0.2 0.2 0.2 0.2 0.2 0.2 0.2 0.2 0.2 0.2 0.2 
#total CPUE 
5855.66 6620.639 6317.365 12025.05 31788.77 20958.49 35030.84 38538.77 62566.28 65218.75 71524.24 91441.53 137303.2 116871.5 132786.3 125982.8 125291.7 116986.7 92938.7 110567.7 146980.3 228140.4 223898.3 146178.7 148250.4 181137.6 147061.9 166859.6 193767.9 
#CPUE CV 
0.2 0.2 0.2 0.2 0.2 0.2 0.2 0.2 0.2 0.2 0.2 0.2 0.2 0.2 0.2 0.2 0.2 0.2 0.2 0.2 0.2 0.2 0.2 0.2 0.2 0.2 0.2 0.2 0.2 
#total catch biomass 
4633.175 4622.786 6251.345 7133.09 9053.907 21154.25 20231.26 20635.33 31067.47 34444.06 47366.71 54881.12 82482.57 95676.27 101789 93993.53 79471.48 79124 77339.2 77065.21 72981.63 82875.86 92019.71 90089.61 112184.5 111651.9 110756.4 97204.45 60918.52 
#catch CV 
0.05 0.05 0.05 0.05 0.05 0.05 0.05 0.05 0.05 0.05 0.05 0.05 0.05 0.05 0.05 0.05 0.05 0.05 0.05 0.05 0.05 0.05 0.05 0.05 0.05 0.05 0.05 0.05 0.05 
#Length Bins 
0.7268035 2.18041 3.634017 5.087624 6.541231 7.994838 9.448445 10.90205 12.35566 13.80927 15.26287 16.71648 18.17009 19.62369 21.0773 22.53091 23.98451 25.43812 26.89173 28.34534 29.79894 31.25255 32.70616 34.15976 35.61337 
#catch length counts 
5.756792e-37 7.990048e-29 1.340496e-21 2.7185e-15 6.664082e-10 1.974689e-05 0.07073016 30.62372 1602.723 10139.3 7766.451 1449.668 5053.421 4281.118 1206.013 927.8296 286.7783 92.43636 18.70007 2.276578 0.1224811 0.002102961 8.496963e-06 6.482752e-09 8.096994e-13 
5.900197e-37 8.189084e-29 1.373889e-21 2.786219e-15 6.830088e-10 2.02388e-05 0.07249208 31.38657 1642.648 10391.88 7961.478 1526.62 5149.206 4128.238 1184.701 856.4988 251.4963 74.95637 13.85036 1.468274 0.06477351 0.000864802 2.62024e-06 1.462566e-09 1.314434e-13 
1.15745e-36 1.606464e-28 2.695176e-21 5.465763e-15 1.339867e-09 3.970272e-05 0.1422087 61.57145 3222.405 20385.86 15606.03 2290.184 5195.703 3925.17 1143.096 771.6824 217.9302 59.91879 9.928925 0.9066107 0.03266654 0.0003371591 7.60655e-07 3.094196e-10 2.000559e-14 
9.71042e-37 1.347742e-28 2.261117e-21 4.5855e-15 1.124081e-09 3.330859e-05 0.1193059 51.65535 2703.435 17102.77 13116.41 2997.912 10232.84 7179.816 1416.686 717.1902 193.692 49.1409 7.309436 0.5658966 0.0164618 0.0001309226 2.194199e-07 6.482413e-11 3.006806e-15 
1.631974e-36 2.265073e-28 3.800129e-21 7.706586e-15 1.889179e-09 5.597982e-05 0.2005106 86.81418 4543.508 28743.59 22017.85 3685.728 8848.78 5981.862 2152.209 1259.607 228.8226 42.83398 5.638658 0.3689941 0.008566795 5.20505e-05 6.467504e-08 1.387635e-11 4.613901e-16 
4.471959e-36 6.206784e-28 1.041317e-20 2.11177e-14 5.176754e-09 0.0001533967 0.549442 237.8894 12450.19 78763.51 60302.23 8497.099 14613.11 9008.771 2061.031 1018.958 285.6893 52.39165 4.499987 0.2289706 0.004210748 1.94156e-05 1.778794e-08 2.767014e-12 6.598794e-17 
1.995742e-36 2.769958e-28 4.647179e-21 9.424385e-15 2.310277e-09 6.845773e-05 0.2452045 106.1651 5556.257 35151.13 27106.51 11129.63 39886.86 22724.04 3826.81 1382.558 255.8302 47.29597 4.555119 0.161539 0.002073035 7.102161e-06 4.779128e-09 5.373267e-13 9.17401e-18 
4.587031e-36 6.366497e-28 1.068112e-20 2.166109e-14 5.309962e-09 0.0001573439 0.5635802 244.0108 12770.55 80790.43 61897.92 9847.303 17766.35 10728.77 6838.69 3133.839 402.0633 46.11403 3.564609 0.1227936 0.001165849 2.66884e-06 1.260388e-09 1.014787e-13 1.237778e-18 
5.505767e-36 7.641642e-28 1.282044e-20 2.599959e-14 6.373494e-09 0.0001888583 0.6764597 292.8837 15328.37 96972.64 74475.46 17308.81 41307.8 20470.85 4036.501 1799.91 618.5175 76.7198 3.525579 0.08490618 0.0006765873 1.171915e-06 3.737863e-10 2.028157e-14 1.715376e-19 
7.309642e-36 1.01453e-27 1.702085e-20 3.451793e-14 8.461665e-09 0.0002507346 0.8980906 388.8422 20350.45 128744.4 98897.14 22518.82 48912.54 23566.34 7493.139 2527.009 379.8939 67.23357 4.421165 0.07354633 0.0003724727 4.806801e-07 1.156627e-10 4.429018e-15 2.532737e-20 
8.937754e-36 1.240501e-27 2.081198e-20 4.220628e-14 1.034637e-08 0.000306582 1.098127 475.451 24883.21 157421.1 121086.9 30680.33 65522.89 29309.11 8863.532 2967.157 518.7375 52.97245 3.148655 0.06443701 0.0002652838 2.183573e-07 3.538836e-11 9.782298e-16 4.056222e-21 
1.329361e-35 1.845066e-27 3.095481e-20 6.277573e-14 1.538873e-08 0.0004559962 1.633304 707.1644 37010.17 234141.3 180048.3 41932.93 78120.54 33100.83 10819.36 3279.422 537.8075 54.06897 2.292074 0.03617306 0.0001486937 1.077475e-07 1.23356e-11 2.226335e-16 6.198504e-22 
1.743871e-35 2.420378e-27 4.060687e-20 8.234991e-14 2.018711e-08 0.000598181 2.142587 927.6662 48550.36 307152.2 236647.2 62798.11 115731.9 44897.5 12790.04 3543.906 566.8115 50.80706 1.898341 0.02223361 6.600221e-05 4.012588e-08 3.9846e-12 5.701693e-17 1.13064e-22 
2.119867e-35 2.942235e-27 4.93621e-20 1.001053e-13 2.453965e-08 0.0007271546 2.604549 1127.68 59018.29 373381.6 288273.5 84783.93 150471.8 56126.44 17753.37 4318.846 584.6819 46.77603 1.506445 0.01437741 3.169738e-05 1.355712e-08 9.969424e-13 1.129209e-17 1.803015e-23 
2.143862e-35 2.975539e-27 4.992084e-20 1.012385e-13 2.481742e-08 0.0007353855 2.634031 1140.445 59686.34 377617.5 292801 104950.7 184209.3 66296.57 22440.67 5247.004 686.2249 45.02418 1.185186 0.009180006 1.575362e-05 4.989147e-09 2.596653e-13 2.061818e-18 2.368938e-24 
1.649216e-35 2.289003e-27 3.840278e-20 7.788007e-14 1.909138e-08 0.0005657125 2.02629 877.3138 45915.13 290503.8 226805.9 102789.4 176881.5 63733 24198.94 5443.305 700.2159 41.73065 0.8890204 0.005287308 6.960089e-06 1.665697e-09 6.397321e-14 3.655369e-19 2.960158e-25 
1.887168e-35 2.619265e-27 4.39436e-20 8.911674e-14 2.184592e-08 0.0006473346 2.318647 1003.894 52539.85 332414.8 258584.8 93958.15 138839.4 52986.57 23318.98 5335.509 695.7173 38.44821 0.7068261 0.003306354 3.236197e-06 5.701194e-10 1.611778e-14 6.740948e-20 3.956896e-26 
1.846505e-35 2.562827e-27 4.299674e-20 8.719653e-14 2.13752e-08 0.0006333863 2.268687 982.2631 51407.79 325268 254519.7 107398.8 150594.6 48815.37 17259.32 4170.335 570.8787 30.35523 0.4931818 0.001895891 1.430958e-06 1.85653e-10 3.787549e-15 1.139468e-20 4.819176e-27 
1.801468e-35 2.500318e-27 4.194803e-20 8.506975e-14 2.085385e-08 0.0006179377 2.213352 958.3051 50153.94 317350.6 249517.5 112937.4 147555 49157.45 17480 3349.898 410.5991 21.52395 0.317988 0.001029975 6.185118e-07 6.122005e-11 9.227099e-16 2.006091e-21 6.059497e-28 
1.8221e-35 2.528955e-27 4.242847e-20 8.604408e-14 2.109269e-08 0.0006250151 2.238702 969.2808 50728.39 321001 253264.9 116177.1 139027.1 45737.5 15913.62 2956.771 302.2248 12.98804 0.1699968 0.0004730834 2.310829e-07 1.786002e-11 2.041704e-16 3.295169e-22 7.266594e-29 
2.061859e-35 2.861724e-27 4.801136e-20 9.736608e-14 2.386815e-08 0.0007072569 2.533279 1096.822 57403.46 363252.8 286926.8 125000.1 134528.5 42464.66 13740.79 2413.753 224.9272 7.885016 0.08023183 0.0001804518 7.16576e-08 4.393311e-12 3.878594e-17 4.733951e-23 7.771624e-30 
2.308233e-35 3.203676e-27 5.37483e-20 1.090005e-13 2.672018e-08 0.0007917679 2.835984 1227.883 64262.75 406697.3 323342.3 149975.5 149122.8 43730.69 12615.39 2001.417 165.5527 4.943337 0.03943112 6.642911e-05 1.995806e-08 9.419846e-13 6.412341e-18 5.977956e-24 7.403431e-31 
2.723773e-35 3.780417e-27 6.342434e-20 1.286233e-13 3.153048e-08 0.0009343059 3.346532 1448.933 75831.74 479950.3 382830.1 174398.3 157931.4 45735.05 12161.95 1661.222 115.8376 2.869444 0.0183034 2.34785e-05 5.182928e-09 1.782299e-13 8.913161e-19 6.167666e-25 5.699864e-32 
2.882783e-35 4.001113e-27 6.712697e-20 1.361321e-13 3.337119e-08 0.0009888495 3.541898 1533.52 80258.94 508077.4 410612.3 213254.3 181635.5 50099.53 12197.54 1507.164 86.92589 1.7029 0.008464801 8.306633e-06 1.36984e-09 3.441746e-14 1.239939e-19 6.153517e-26 4.088791e-33 
3.368123e-35 4.674733e-27 7.842834e-20 1.590511e-13 3.89895e-08 0.00115533 4.138205 1791.7 93771.39 593684.2 481183.1 239399.8 187060.2 54103.39 12530.43 1371.652 66.79655 1.032553 0.003870284 2.830364e-06 3.460084e-10 6.394421e-15 1.678076e-20 6.008877e-27 2.859219e-34 
3.656825e-35 5.075431e-27 8.515089e-20 1.726843e-13 4.233152e-08 0.00125436 4.492915 1945.278 101809.6 644745.1 528656.5 279145.2 201238.1 53715.13 11483 1185.61 49.01818 0.6024078 0.001710924 9.180473e-07 8.138408e-11 1.088878e-15 2.068419e-21 5.353338e-28 1.835937e-35 
3.726194e-35 5.171712e-27 8.676619e-20 1.759601e-13 4.313455e-08 0.001278155 4.578145 1982.18 103741.8 657266.7 548963.2 321250.5 219473.4 59302.1 11542.89 1046.85 37.61066 0.3757715 0.0008157449 3.235961e-07 2.077987e-11 1.991539e-16 2.699198e-22 4.984189e-29 1.220994e-36 
3.343301e-35 4.640281e-27 7.785034e-20 1.578789e-13 3.870216e-08 0.001146816 4.107708 1778.497 93082.83 590077.4 503416.8 321563.4 208673.3 57625.77 10620.61 863.3069 25.78085 0.2083748 0.0003529782 1.050131e-07 4.929324e-12 3.404315e-17 3.296289e-23 4.325721e-30 7.511041e-38 
1.948503e-35 2.704394e-27 4.537182e-20 9.201314e-14 2.255594e-08 0.0006683737 2.394006 1036.523 54249.34 343865.3 291819.8 179542.3 118650.5 34588.27 6386.775 503.8231 13.64342 0.09495128 0.0001357659 3.37566e-08 1.305776e-12 7.326403e-18 5.704215e-24 5.981194e-31 8.266575e-39 
#survey length counts 
8.052979e-37 1.1177e-28 1.875174e-21 3.802816e-15 9.322155e-10 2.762325e-05 0.09894199 42.83847 2241.995 14183.51 10863.75 2001.122 6884.777 5831.005 1630.34 1245.651 373.5364 116.5461 22.85527 2.682768 0.1376944 0.002257463 8.77708e-06 6.482015e-09 7.863014e-13 
1.566635e-36 2.174386e-28 3.647984e-21 7.398039e-15 1.813542e-09 5.373857e-05 0.1924828 83.33842 4361.601 27592.73 21120.25 3019.085 6958.042 5567.367 1577.565 1131.492 326.3229 94.52401 16.71937 1.704502 0.07218074 0.0009224728 2.685236e-06 1.450137e-09 1.268177e-13 
1.308821e-36 1.816557e-28 3.047652e-21 6.180577e-15 1.515096e-09 4.489506e-05 0.1608068 69.62379 3643.832 23051.99 17672.66 3884.477 13770.54 10284.13 2007.789 1064.02 293.426 78.87349 12.61565 1.100242 0.03796258 0.0003767964 8.191024e-07 3.222772e-10 2.025735e-14 
2.148183e-36 2.981536e-28 5.002145e-21 1.014425e-14 2.486743e-09 7.368675e-05 0.2639339 114.2743 5980.661 37835.42 28976.44 4728.994 11769.89 8447.348 2942.604 1875.033 354.4672 69.0094 9.819017 0.7308373 0.02031338 0.0001551165 2.512189e-07 7.199854e-11 3.249772e-15 
5.816444e-36 8.07284e-28 1.354386e-20 2.746669e-14 6.733135e-09 0.0001995151 0.7146306 309.4104 16193.31 102443.5 78421.27 10862.23 19396.45 12774.47 2867.292 1502.368 432.832 87.38431 8.098964 0.4670187 0.01036953 6.050502e-05 7.257105e-08 1.512116e-11 4.903455e-16 
2.568217e-36 3.564515e-28 5.980214e-21 1.212775e-14 2.972976e-09 8.809472e-05 0.315541 136.6183 7150.06 45234.01 34849.31 13839.17 52882.84 32320.27 5415.711 2077.43 395.9072 77.69739 8.414483 0.3452114 0.005324671 2.317094e-05 2.049596e-08 3.094647e-12 7.195916e-17 
5.890345e-36 8.17541e-28 1.371595e-20 2.781566e-14 6.818682e-09 0.00020205 0.7237103 313.3416 16399.05 103745.3 79468.5 12441.74 23678.12 15032.63 9368.613 4805.834 649.5564 79.01386 6.690409 0.2715907 0.003169923 9.216221e-06 5.723781e-09 6.200995e-13 1.03164e-17 
6.984343e-36 9.693807e-28 1.626337e-20 3.298179e-14 8.085098e-09 0.0002395762 0.8581231 371.5377 19444.8 123014.4 94432.81 21535.11 54920.67 29258.77 5684.937 2628.749 960.6604 136.224 6.935534 0.1931295 0.00190294 4.243816e-06 1.784966e-09 1.303042e-13 1.504555e-18 
9.243651e-36 1.282958e-27 2.152428e-20 4.36508e-14 1.070048e-08 0.0003170748 1.13571 491.7234 25734.84 162807.6 125005.4 28026.96 65323.35 33612.81 10520.6 3924.205 600.7631 114.682 8.932191 0.1777245 0.001102026 1.828931e-06 5.835671e-10 3.01315e-14 2.35138e-19 
1.115194e-35 1.547816e-27 2.596783e-20 5.266223e-14 1.290953e-08 0.0003825329 1.37017 593.2365 31047.64 196419.1 150996.7 37792.96 87112.38 41651.98 12440.56 4542.11 838.4466 94.22415 6.259797 0.1576835 0.0008223738 8.721585e-07 1.869713e-10 6.9801e-15 3.954719e-20 
1.658252e-35 2.301545e-27 3.861319e-20 7.830677e-14 1.919598e-08 0.0005688121 2.037392 882.1205 46166.68 292068 224472.4 51832.75 104567.1 47234.52 15344.03 5094.366 879.1166 98.67416 4.807514 0.09093229 0.0004765338 4.536085e-07 6.914545e-11 1.684235e-15 6.410496e-21 
2.174393e-35 3.017915e-27 5.063178e-20 1.026802e-13 2.517085e-08 0.0007458583 2.671543 1156.686 60536.34 382979.1 294862.7 77795.45 155967 64661.5 18393.86 5552.422 943.6068 94.7856 4.123232 0.05890473 0.0002214756 1.768371e-07 2.356878e-11 4.573492e-16 1.239043e-21 
2.648836e-35 3.67641e-27 6.16794e-20 1.250846e-13 3.066301e-08 0.0009086012 3.254462 1409.07 73745.1 466548 359892.7 105579.9 204557.7 81133.98 25877.94 6915.177 995.7558 89.54307 3.390094 0.03986828 0.0001124558 6.324544e-08 6.244203e-12 9.628605e-17 2.108898e-22 
2.641497e-35 3.666224e-27 6.150852e-20 1.24738e-13 3.057806e-08 0.0009060839 3.245445 1405.166 73540.79 465265.2 360332.7 129455 248875.9 94762.64 32641.18 8353.4 1181.152 87.85275 2.72737 0.02622382 5.797945e-05 2.427386e-08 1.69997e-12 1.839363e-17 2.905873e-23 
2.057024e-35 2.855014e-27 4.789878e-20 9.713775e-14 2.381218e-08 0.0007055983 2.527339 1094.25 57268.73 362331 282395.8 128793.6 243159.9 91872.31 35965.01 8829.38 1238.675 84.64563 2.154183 0.01597242 2.720309e-05 8.641679e-09 4.47879e-13 3.492125e-18 3.889636e-24 
2.334043e-35 3.239498e-27 5.43493e-20 1.102193e-13 2.701896e-08 0.0008006212 2.867695 1241.613 64981.1 411122.7 319377.9 117222.2 190369.2 75206.51 34681.5 8613.721 1240.567 79.25312 1.762108 0.01038007 1.320488e-05 3.095618e-09 1.183672e-13 6.767225e-19 5.469152e-25 
2.305612e-35 3.200037e-27 5.368727e-20 1.088767e-13 2.668984e-08 0.0007908688 2.832763 1226.489 64189.58 406131.4 317239.3 135833.9 209857.7 71097.99 26114.08 6787.613 1039.513 64.54949 1.28299 0.006269449 6.192534e-06 1.07301e-09 2.966107e-14 1.221474e-19 7.121539e-26 
2.239233e-35 3.107907e-27 5.214159e-20 1.057421e-13 2.592143e-08 0.0007680995 2.751207 1191.178 62341.57 394455.6 309523.1 142872.1 205793 71135.05 26838.04 5558.181 752.7677 46.49909 0.8506877 0.003535912 2.797169e-06 3.713762e-10 7.603226e-15 2.265532e-20 9.440073e-27 
2.261086e-35 3.138238e-27 5.265046e-20 1.067741e-13 2.617441e-08 0.0007755955 2.778057 1202.803 62950 398321.9 313605.8 147377.2 194595.3 66241.91 24610.44 4971.212 570.8978 28.76881 0.4685277 0.001688749 1.09407e-06 1.139383e-10 1.774406e-15 3.93172e-21 1.19712e-27 
2.57998e-35 3.580841e-27 6.007604e-20 1.21833e-13 2.986593e-08 0.0008849821 3.169862 1372.441 71828.22 454513.8 358269.4 160475.8 190788.4 62338.93 21650.06 4141.057 438.5206 18.27521 0.2317892 0.0006769214 3.584256e-07 2.974602e-11 3.588823e-16 6.026253e-22 1.367769e-28 
2.878581e-35 3.995281e-27 6.702912e-20 1.359337e-13 3.332255e-08 0.0009874081 3.536735 1531.284 80141.54 507159.9 402284 192833.5 211982.7 64539.11 20068.49 3479.231 329.0576 11.81031 0.1185996 0.0002603568 1.044998e-07 6.69594e-12 6.248049e-17 8.032544e-23 1.377581e-29 
3.435493e-35 4.768238e-27 7.999708e-20 1.622325e-13 3.976938e-08 0.001178439 4.220979 1827.538 95646.41 605319.6 481703 227634.8 227913.3 68571.38 19851.73 2980.625 238.954 7.165758 0.05800212 9.755433e-05 2.885929e-08 1.349556e-12 9.268329e-18 8.863637e-24 1.136716e-30 
3.64279e-35 5.055952e-27 8.482409e-20 1.720215e-13 4.216906e-08 0.001249546 4.475672 1937.811 101417.9 641962.2 517359.4 280364.7 263820.9 75804.58 20173.33 2764.241 185.2115 4.419119 0.02802126 3.62268e-05 8.034462e-09 2.750934e-13 1.362598e-18 9.35502e-25 8.637081e-32 
4.240385e-35 5.885375e-27 9.873938e-20 2.002415e-13 4.908684e-08 0.001454533 5.2099 2255.707 118055.6 747350.4 604102.6 314777.5 271306.3 81854.83 20925.81 2556.902 146.0417 2.775776 0.01333889 1.289366e-05 2.125624e-09 5.364525e-14 1.938266e-19 9.609129e-26 6.355712e-33 
4.691042e-35 6.510857e-27 1.092331e-19 2.215226e-13 5.430366e-08 0.001609117 5.763594 2495.438 130602.8 826969.3 676078.4 375608.5 298685 83498.48 19690.22 2293.262 112.4188 1.712913 0.006276295 4.467064e-06 5.351364e-10 9.793851e-15 2.565061e-20 9.201366e-27 4.38975e-34 
4.729965e-35 6.564879e-27 1.101395e-19 2.233606e-13 5.475423e-08 0.001622468 5.811416 2516.143 131687.3 834153 694416.1 429976.1 323109.3 91903.33 19886.9 2042.925 87.77366 1.098211 0.003094294 1.634197e-06 1.42122e-10 1.865618e-15 3.489681e-21 8.939705e-28 3.049226e-35 
4.291945e-35 5.956937e-27 9.993997e-20 2.026762e-13 4.96837e-08 0.001472219 5.273248 2283.135 119493.6 757298.7 643752.7 437187.9 311035 90868.65 18716.09 1742.252 62.67515 0.6386511 0.001413068 5.61911e-07 3.579968e-11 3.390756e-16 4.53464e-22 8.2598e-29 1.997761e-36 
4.162005e-35 5.776589e-27 9.691426e-20 1.965402e-13 4.817951e-08 0.001427647 5.113599 2214.013 115877 734634.7 629274.4 414568 276932.9 84410.13 16769.45 1455.767 44.83385 0.3652065 0.0006247781 1.886085e-07 8.941515e-12 6.187497e-17 5.96829e-23 7.778214e-30 1.339303e-37 
4.162005e-35 5.776589e-27 9.691426e-20 1.965402e-13 4.817951e-08 0.001427647 5.113599 2214.013 115877 734634.7 629286.8 415160.8 279102.5 83036.35 15513.4 1233.025 33.5357 0.2339991 0.0003351068 8.340179e-08 3.22823e-12 1.812102e-17 1.411346e-23 1.480258e-30 2.046274e-38 
