# Number of parameters = 80 Objective function value = 21725.8367523872  Maximum gradient component = 0.000542348530332309
# srv_sel50:
1.11344052457
# srv_sel95:
2.22485398254
# stNatLen:
 11.4499058129 10.6863026608 8.77596822795 7.47891493774 6.63572718447 6.04439693398 5.60112376695 5.25665371575 4.98444684579 4.76871481365 4.59944922520 4.47006829650 4.37619621769 4.31499278061 4.28475958319
# log_avg_fmort_dir:
0.616682286045
# fmort_dir_dev:
 -1.22399670963 -0.667772790659 -0.604861565310 -0.533071337103 -0.509864430731 -0.474045275798 -0.243280177851 -0.171180172947 -0.224928562604 -0.192331009397 -0.114628839582 -0.0293277764626 -0.0314834367296 0.0712927110229 0.0942226172016 0.126842188155 0.287774672902 0.310212545383 0.356752071738 0.340996133915 0.381499860983 0.422663509778 0.397547255779 0.444969878903 0.469412260020 0.519573904829 0.472834824282 0.551115080018 -0.226937430104
# mean_log_rec:
13.6388844010
# rec_dev:
 -1.96598380547 -1.80920926282 -1.66982822997 -1.41113074189 -1.26957520968 -1.09405318332 -0.781618490817 -0.378474325808 -0.104919428329 -0.0417654454431 0.230116384203 0.612305398967 0.665813977104 0.432297078859 0.390068760186 0.437206932843 0.400675698747 0.386283666453 0.436622916172 0.509468122875 0.532881509379 0.592731628172 0.654086431964 0.701726363787 0.697861317553 0.648932758944 0.644163334953 0.776657914660 0.776657927719
# log_avg_NatM:
-0.554820999982
# m_dev:
 0.00000000000 0.00000000000 0.00000000000 0.00000000000 0.00000000000 0.00000000000 0.00000000000 0.00000000000 0.00000000000 0.00000000000 0.00000000000 0.00000000000 0.00000000000 0.00000000000 0.00000000000 0.00000000000 0.00000000000 0.00000000000 0.00000000000 0.00000000000 0.00000000000 0.00000000000 0.00000000000 0.00000000000 0.00000000000 0.00000000000 0.00000000000 0.00000000000 0.00000000000
# log_avg_GrowthK:
-1.18630400000
# log_avg_Linf:
3.44583300000
# GrowthK_dev:
 0.00000000000 0.00000000000 0.00000000000 0.00000000000 0.00000000000 0.00000000000 0.00000000000 0.00000000000 0.00000000000 0.00000000000 0.00000000000 0.00000000000 0.00000000000 0.00000000000 0.00000000000 0.00000000000 0.00000000000 0.00000000000 0.00000000000 0.00000000000 0.00000000000 0.00000000000 0.00000000000 0.00000000000 0.00000000000 0.00000000000 0.00000000000 0.00000000000 0.00000000000
# Linf_dev:
 0.00000000000 0.00000000000 0.00000000000 0.00000000000 0.00000000000 0.00000000000 0.00000000000 0.00000000000 0.00000000000 0.00000000000 0.00000000000 0.00000000000 0.00000000000 0.00000000000 0.00000000000 0.00000000000 0.00000000000 0.00000000000 0.00000000000 0.00000000000 0.00000000000 0.00000000000 0.00000000000 0.00000000000 0.00000000000 0.00000000000 0.00000000000 0.00000000000 0.00000000000
# SelPars50:
1.04473034164
# SelPars95:
1.16344504877
# SelPars_dev50:
 0.00000000000 0.00000000000 0.00000000000 0.00000000000 0.00000000000 0.00000000000 0.00000000000 0.00000000000 0.00000000000 0.00000000000 0.00000000000 0.00000000000 0.00000000000 0.00000000000 0.00000000000 0.00000000000 0.00000000000 0.00000000000 0.00000000000 0.00000000000 0.00000000000 0.00000000000 0.00000000000 0.00000000000 0.00000000000 0.00000000000 0.00000000000 0.00000000000 0.00000000000
# SelPars_dev95:
 0.00000000000 0.00000000000 0.00000000000 0.00000000000 0.00000000000 0.00000000000 0.00000000000 0.00000000000 0.00000000000 0.00000000000 0.00000000000 0.00000000000 0.00000000000 0.00000000000 0.00000000000 0.00000000000 0.00000000000 0.00000000000 0.00000000000 0.00000000000 0.00000000000 0.00000000000 0.00000000000 0.00000000000 0.00000000000 0.00000000000 0.00000000000 0.00000000000 0.00000000000
