# Number of parameters = 78 Objective function value = 21945.0000232397  Maximum gradient component = 0.000414643495659686
# srv_sel50:
1.54383792009
# srv_sel95:
3.76626313799
# stNatLen:
 11.2091306737 9.86758258256 8.46994157764 7.40692295534 6.62542143152 6.04537607063 5.60355499175 5.25928513207 4.98755570767 4.77267734423 4.60447822698 4.47619786109 4.38331075335 4.32285372752 4.29303886564
# log_avg_fmort_dir:
0.930404917458
# fmort_dir_dev:
 -0.596615047519 -0.301166871364 -0.314875132761 -0.246296709789 -0.307653694532 -0.0892714366674 0.0415200775625 -0.103528990660 -0.350035601782 -0.153987221826 0.0687529129469 -0.0973340162442 -0.113315643976 0.108581204619 0.272506608544 0.210751604831 0.134358288267 0.262365786931 0.172498055838 0.170162135642 0.193587300557 0.0366345358830 0.192118883439 -0.000257525345241 0.243554377118 0.360324766100 0.173848771415 0.0327725827731
# mean_log_rec:
13.2470572252
# rec_dev:
 -1.79042238426 -1.54084911799 -1.28702108771 -0.999911141871 -1.03905243089 -1.27032375375 -0.827459020550 -0.0707886685819 -0.198710440739 -0.207762552349 0.417126995193 0.655375640012 0.578905434265 0.358914604753 0.313344069720 0.415990030157 0.267198213942 0.336251131594 0.345285502229 0.367485523756 0.508358945693 0.467720664145 0.645666391372 0.708459645509 0.577856046974 0.574816014999 0.846772864101 0.846772880286
# log_avg_NatM:
0.00906686107871
# m_dev:
 0.00000000000 0.00000000000 0.00000000000 0.00000000000 0.00000000000 0.00000000000 0.00000000000 0.00000000000 0.00000000000 0.00000000000 0.00000000000 0.00000000000 0.00000000000 0.00000000000 0.00000000000 0.00000000000 0.00000000000 0.00000000000 0.00000000000 0.00000000000 0.00000000000 0.00000000000 0.00000000000 0.00000000000 0.00000000000 0.00000000000 0.00000000000 0.00000000000
# log_avg_GrowthK:
-1.02151300000
# log_avg_Linf:
3.36611700000
# GrowthK_dev:
 0.00000000000 0.00000000000 0.00000000000 0.00000000000 0.00000000000 0.00000000000 0.00000000000 0.00000000000 0.00000000000 0.00000000000 0.00000000000 0.00000000000 0.00000000000 0.00000000000 0.00000000000 0.00000000000 0.00000000000 0.00000000000 0.00000000000 0.00000000000 0.00000000000 0.00000000000 0.00000000000 0.00000000000 0.00000000000 0.00000000000 0.00000000000 0.00000000000
# Linf_dev:
 0.00000000000 0.00000000000 0.00000000000 0.00000000000 0.00000000000 0.00000000000 0.00000000000 0.00000000000 0.00000000000 0.00000000000 0.00000000000 0.00000000000 0.00000000000 0.00000000000 0.00000000000 0.00000000000 0.00000000000 0.00000000000 0.00000000000 0.00000000000 0.00000000000 0.00000000000 0.00000000000 0.00000000000 0.00000000000 0.00000000000 0.00000000000 0.00000000000
# SelPars50:
2.13521148395
# SelPars95:
3.28836549810
# SelPars_dev50:
 0.00000000000 0.00000000000 0.00000000000 0.00000000000 0.00000000000 0.00000000000 0.00000000000 0.00000000000 0.00000000000 0.00000000000 0.00000000000 0.00000000000 0.00000000000 0.00000000000 0.00000000000 0.00000000000 0.00000000000 0.00000000000 0.00000000000 0.00000000000 0.00000000000 0.00000000000 0.00000000000 0.00000000000 0.00000000000 0.00000000000 0.00000000000 0.00000000000
# SelPars_dev95:
 0.00000000000 0.00000000000 0.00000000000 0.00000000000 0.00000000000 0.00000000000 0.00000000000 0.00000000000 0.00000000000 0.00000000000 0.00000000000 0.00000000000 0.00000000000 0.00000000000 0.00000000000 0.00000000000 0.00000000000 0.00000000000 0.00000000000 0.00000000000 0.00000000000 0.00000000000 0.00000000000 0.00000000000 0.00000000000 0.00000000000 0.00000000000 0.00000000000
