# Number of parameters = 78 Objective function value = 19330.0582349890  Maximum gradient component = 0.000861477609011957
# srv_sel50:
2.67797356355
# srv_sel95:
6.16402958659
# stNatLen:
 12.1544023175 10.2605417330 8.80074470119 7.77326491604 7.03606256517 6.48672968844 6.06378230113 5.73123466600 5.46710605307 5.25735396740 5.09269525821 4.96686542232 4.87562589158 4.81618267762 4.78684623605
# log_avg_fmort_dir:
0.533025981990
# fmort_dir_dev:
 -0.354056264552 -0.0278096342908 0.0830020231366 -0.0158541924337 -0.267134665451 0.0216226625667 0.0695242772667 -0.237000987081 -0.466559234091 -0.218783288646 -0.108045143530 -0.0263662190265 0.0119220335252 0.132094378411 0.286701938777 0.212619693174 0.189966061843 0.181118216818 0.140858355982 0.142234389058 0.0890011704719 0.0865251902024 0.164852519114 0.0513895585760 -0.116696542283 0.0447383459869 0.0387393081128 -0.108603951636
# mean_log_rec:
14.6810415202
# rec_dev:
 -2.11224229852 -2.13270917991 -2.14400133501 -1.66243037105 -1.44426889302 -1.42099485767 -1.01458967922 -0.361878260105 -0.00422224330267 0.157130901119 0.438492827717 0.616334836458 0.701398937824 0.624421411269 0.511634021502 0.555302130313 0.540444956983 0.535475770597 0.519489775658 0.584509366843 0.634930369221 0.671589229788 0.827620563378 0.980283436580 0.956664718228 0.839475970585 0.801068939185 0.801068954564
# log_avg_NatM:
0.500443631060
# m_dev:
 0.00000000000 0.00000000000 0.00000000000 0.00000000000 0.00000000000 0.00000000000 0.00000000000 0.00000000000 0.00000000000 0.00000000000 0.00000000000 0.00000000000 0.00000000000 0.00000000000 0.00000000000 0.00000000000 0.00000000000 0.00000000000 0.00000000000 0.00000000000 0.00000000000 0.00000000000 0.00000000000 0.00000000000 0.00000000000 0.00000000000 0.00000000000 0.00000000000
# log_avg_GrowthK:
-1.02151300000
# log_avg_Linf:
3.36611700000
# GrowthK_dev:
 0.00000000000 0.00000000000 0.00000000000 0.00000000000 0.00000000000 0.00000000000 0.00000000000 0.00000000000 0.00000000000 0.00000000000 0.00000000000 0.00000000000 0.00000000000 0.00000000000 0.00000000000 0.00000000000 0.00000000000 0.00000000000 0.00000000000 0.00000000000 0.00000000000 0.00000000000 0.00000000000 0.00000000000 0.00000000000 0.00000000000 0.00000000000 0.00000000000
# Linf_dev:
 0.00000000000 0.00000000000 0.00000000000 0.00000000000 0.00000000000 0.00000000000 0.00000000000 0.00000000000 0.00000000000 0.00000000000 0.00000000000 0.00000000000 0.00000000000 0.00000000000 0.00000000000 0.00000000000 0.00000000000 0.00000000000 0.00000000000 0.00000000000 0.00000000000 0.00000000000 0.00000000000 0.00000000000 0.00000000000 0.00000000000 0.00000000000 0.00000000000
# SelPars50:
2.42028435346
# SelPars95:
5.12583394077
# SelPars_dev50:
 0.00000000000 0.00000000000 0.00000000000 0.00000000000 0.00000000000 0.00000000000 0.00000000000 0.00000000000 0.00000000000 0.00000000000 0.00000000000 0.00000000000 0.00000000000 0.00000000000 0.00000000000 0.00000000000 0.00000000000 0.00000000000 0.00000000000 0.00000000000 0.00000000000 0.00000000000 0.00000000000 0.00000000000 0.00000000000 0.00000000000 0.00000000000 0.00000000000
# SelPars_dev95:
 0.00000000000 0.00000000000 0.00000000000 0.00000000000 0.00000000000 0.00000000000 0.00000000000 0.00000000000 0.00000000000 0.00000000000 0.00000000000 0.00000000000 0.00000000000 0.00000000000 0.00000000000 0.00000000000 0.00000000000 0.00000000000 0.00000000000 0.00000000000 0.00000000000 0.00000000000 0.00000000000 0.00000000000 0.00000000000 0.00000000000 0.00000000000 0.00000000000
