# Number of parameters = 79 Objective function value = 21703.4756952919  Maximum gradient component = 0.0345316063906186
# srv_sel50:
1.08164792893
# srv_sel95:
2.21935738615
# stNatLen:
 11.3236450916 10.6323340409 8.74176787136 7.45666721077 6.62277205672 6.03896969727 5.60185032882 5.26242223261 4.99433922237 4.78195577075 4.61536768938 4.48806759627 4.39572947909 4.33553920237 4.30581574348
# log_avg_fmort_dir:
0.630397971713
# fmort_dir_dev:
 -1.07730126087 -0.631568619203 -0.637904647694 -0.526076064798 -0.506936730568 -0.366581072158 -0.354939214579 -0.172094566995 -0.166816531721 -0.141929872631 -0.0721276781183 -0.0945487770074 -0.0395429714353 -0.0136142856671 0.170980679214 0.155952442543 0.259508757680 0.111213032472 0.370153216223 0.341411331703 0.437013624663 0.364863678902 0.436364647223 0.339949965546 0.504835128094 0.547444395045 0.472134269777 0.731014012096 -0.440856887741
# mean_log_rec:
13.5557301736
# rec_dev:
 -2.03764701339 -1.90053102464 -1.71436125268 -1.36249150976 -1.27011950768 -1.13782081514 -0.736323273951 -0.377410371059 -0.120763953979 -0.0190886616329 0.313481898494 0.662940175865 0.665937761632 0.496447648410 0.400298180224 0.416698333277 0.400403494697 0.490904608170 0.504568249570 0.520134709192 0.510619541458 0.567828228188 0.642082282018 0.795077059636 0.801195357744 0.704699935899 0.625760337814 0.578739790837 0.578739790784
# log_avg_NatM:
-1.05607500000
# m_dev:
 0.00000000000 0.00000000000 0.00000000000 0.00000000000 0.00000000000 0.00000000000 0.00000000000 0.00000000000 0.00000000000 0.00000000000 0.00000000000 0.00000000000 0.00000000000 0.00000000000 0.00000000000 0.00000000000 0.00000000000 0.00000000000 0.00000000000 0.00000000000 0.00000000000 0.00000000000 0.00000000000 0.00000000000 0.00000000000 0.00000000000 0.00000000000 0.00000000000 0.00000000000
# log_avg_GrowthK:
-1.18630400000
# log_avg_Linf:
3.44583300000
# GrowthK_dev:
 0.00000000000 0.00000000000 0.00000000000 0.00000000000 0.00000000000 0.00000000000 0.00000000000 0.00000000000 0.00000000000 0.00000000000 0.00000000000 0.00000000000 0.00000000000 0.00000000000 0.00000000000 0.00000000000 0.00000000000 0.00000000000 0.00000000000 0.00000000000 0.00000000000 0.00000000000 0.00000000000 0.00000000000 0.00000000000 0.00000000000 0.00000000000 0.00000000000 0.00000000000
# Linf_dev:
 0.00000000000 0.00000000000 0.00000000000 0.00000000000 0.00000000000 0.00000000000 0.00000000000 0.00000000000 0.00000000000 0.00000000000 0.00000000000 0.00000000000 0.00000000000 0.00000000000 0.00000000000 0.00000000000 0.00000000000 0.00000000000 0.00000000000 0.00000000000 0.00000000000 0.00000000000 0.00000000000 0.00000000000 0.00000000000 0.00000000000 0.00000000000 0.00000000000 0.00000000000
# SelPars50:
1.04186120476
# SelPars95:
1.15938870203
# SelPars_dev50:
 0.00000000000 0.00000000000 0.00000000000 0.00000000000 0.00000000000 0.00000000000 0.00000000000 0.00000000000 0.00000000000 0.00000000000 0.00000000000 0.00000000000 0.00000000000 0.00000000000 0.00000000000 0.00000000000 0.00000000000 0.00000000000 0.00000000000 0.00000000000 0.00000000000 0.00000000000 0.00000000000 0.00000000000 0.00000000000 0.00000000000 0.00000000000 0.00000000000 0.00000000000
# SelPars_dev95:
 0.00000000000 0.00000000000 0.00000000000 0.00000000000 0.00000000000 0.00000000000 0.00000000000 0.00000000000 0.00000000000 0.00000000000 0.00000000000 0.00000000000 0.00000000000 0.00000000000 0.00000000000 0.00000000000 0.00000000000 0.00000000000 0.00000000000 0.00000000000 0.00000000000 0.00000000000 0.00000000000 0.00000000000 0.00000000000 0.00000000000 0.00000000000 0.00000000000 0.00000000000
