# Number of parameters = 77 Objective function value = 26622.9596402516  Maximum gradient component = 0.000543068949332387
# srv_sel50:
0.876551808329
# srv_sel95:
2.15341589201
# stNatLen:
 11.7133574053 11.1118304173 9.34547450495 8.03325900128 7.12587111494 6.47693882411 5.99326917647 5.62135771225 5.33021954426 5.10116991453 4.92244226468 4.78638542830 4.68796407258 4.62392614729 4.59235576864
# log_avg_fmort_dir:
0.820356008243
# fmort_dir_dev:
 -1.14102759557 -0.580088468983 -0.742072292701 -1.32469996552 -0.711609338448 -0.418329303903 -0.365843319542 -0.387653701317 -0.344404425985 -0.178454115582 -0.194580871695 0.0262625006630 -0.0784292659569 0.102611031101 0.0665261018851 0.156405239498 0.268131329208 0.389550193350 0.268839091143 0.458131381420 0.406929171179 0.550816365079 0.569958843518 0.750110520745 0.792025229824 0.705683374598 0.666881888254 0.288330403732
# mean_log_rec:
14.0855279003
# rec_dev:
 -2.66708536084 -2.34975732541 -2.48926166471 -1.69366876028 -1.14349658198 -0.814923396497 -0.628139727019 -0.314442777155 -0.0662665966833 0.103343605550 0.293228246138 0.420550588748 0.547809331349 0.397642434561 0.505090605580 0.616699181369 0.576655803871 0.557162198861 0.643305951953 0.595207915099 0.690517390449 0.721386241722 0.867822212096 0.790139054814 0.768369786568 0.897613824418 1.08724889826 1.08724891918
# log_avg_NatM:
-1.36448700000
# m_dev:
 0.00000000000 0.00000000000 0.00000000000 0.00000000000 0.00000000000 0.00000000000 0.00000000000 0.00000000000 0.00000000000 0.00000000000 0.00000000000 0.00000000000 0.00000000000 0.00000000000 0.00000000000 0.00000000000 0.00000000000 0.00000000000 0.00000000000 0.00000000000 0.00000000000 0.00000000000 0.00000000000 0.00000000000 0.00000000000 0.00000000000 0.00000000000 0.00000000000
# log_avg_GrowthK:
-1.20372700000
# log_avg_Linf:
3.45755400000
# GrowthK_dev:
 0.00000000000 0.00000000000 0.00000000000 0.00000000000 0.00000000000 0.00000000000 0.00000000000 0.00000000000 0.00000000000 0.00000000000 0.00000000000 0.00000000000 0.00000000000 0.00000000000 0.00000000000 0.00000000000 0.00000000000 0.00000000000 0.00000000000 0.00000000000 0.00000000000 0.00000000000 0.00000000000 0.00000000000 0.00000000000 0.00000000000 0.00000000000 0.00000000000
# Linf_dev:
 0.00000000000 0.00000000000 0.00000000000 0.00000000000 0.00000000000 0.00000000000 0.00000000000 0.00000000000 0.00000000000 0.00000000000 0.00000000000 0.00000000000 0.00000000000 0.00000000000 0.00000000000 0.00000000000 0.00000000000 0.00000000000 0.00000000000 0.00000000000 0.00000000000 0.00000000000 0.00000000000 0.00000000000 0.00000000000 0.00000000000 0.00000000000 0.00000000000
# SelPars50:
1.02711093530
# SelPars95:
1.14955759989
# SelPars_dev50:
 0.00000000000 0.00000000000 0.00000000000 0.00000000000 0.00000000000 0.00000000000 0.00000000000 0.00000000000 0.00000000000 0.00000000000 0.00000000000 0.00000000000 0.00000000000 0.00000000000 0.00000000000 0.00000000000 0.00000000000 0.00000000000 0.00000000000 0.00000000000 0.00000000000 0.00000000000 0.00000000000 0.00000000000 0.00000000000 0.00000000000 0.00000000000 0.00000000000
# SelPars_dev95:
 0.00000000000 0.00000000000 0.00000000000 0.00000000000 0.00000000000 0.00000000000 0.00000000000 0.00000000000 0.00000000000 0.00000000000 0.00000000000 0.00000000000 0.00000000000 0.00000000000 0.00000000000 0.00000000000 0.00000000000 0.00000000000 0.00000000000 0.00000000000 0.00000000000 0.00000000000 0.00000000000 0.00000000000 0.00000000000 0.00000000000 0.00000000000 0.00000000000
