#Simulated generalized assessment 
# 
#start/end year 
73 100 
#number of ages 
15 
#ages 
1 2 3 4 5 6 7 8 9 10 11 12 13 14 15 
#Number of length bins 
25 
#CPUE years 
28 
#years for CPUE 
73 74 75 76 77 78 79 80 81 82 83 84 85 86 87 88 89 90 91 92 93 94 95 96 97 98 99 100 
#survey years 
28 
#years for survey 
73 74 75 76 77 78 79 80 81 82 83 84 85 86 87 88 89 90 91 92 93 94 95 96 97 98 99 100 
#length freq from catch years 
28 
#years for length freq catch 
73 74 75 76 77 78 79 80 81 82 83 84 85 86 87 88 89 90 91 92 93 94 95 96 97 98 99 100 
#catch length sample sizes 
200 200 200 200 200 200 200 200 200 200 200 200 200 200 200 200 200 200 200 200 200 200 200 200 200 200 200 200 
#length freq from survey years 
28 
#years for length freq survey 
73 74 75 76 77 78 79 80 81 82 83 84 85 86 87 88 89 90 91 92 93 94 95 96 97 98 99 100 
#survey sample sizes 
200 200 200 200 200 200 200 200 200 200 200 200 200 200 200 200 200 200 200 200 200 200 200 200 200 200 200 200 
#total survey biomass 
3308.803 6034.813 9530.309 11406.06 19119.52 30755.75 27711.82 50912.1 49602.51 61405.04 118725.8 116572.7 152213.7 131928.6 137655.4 117576.1 110655.5 163276.9 103006.1 124707.3 147743.1 194185.9 233171.8 134487.9 192076.1 233814.7 145144 176278.7 
#survey CV 
0.2 0.2 0.2 0.2 0.2 0.2 0.2 0.2 0.2 0.2 0.2 0.2 0.2 0.2 0.2 0.2 0.2 0.2 0.2 0.2 0.2 0.2 0.2 0.2 0.2 0.2 0.2 0.2 
#total CPUE 
3517.796 4124.492 5225.365 8433.342 10229.86 17004.83 19372.16 23470.33 34935.53 63111.77 69984.22 97339.28 140502.3 116906.6 81057.04 99302.52 108548.4 92009.83 85573.14 126869.8 111489.6 137427.6 99445.51 196922.4 153028 147004.8 121525.3 143932.4 
#CPUE CV 
0.2 0.2 0.2 0.2 0.2 0.2 0.2 0.2 0.2 0.2 0.2 0.2 0.2 0.2 0.2 0.2 0.2 0.2 0.2 0.2 0.2 0.2 0.2 0.2 0.2 0.2 0.2 0.2 
#total catch biomass 
2768.827 2736.605 4108.627 5673.22 7016.856 12251.22 12465.55 14996.1 23658.5 30820.67 39807.76 52519.35 82455.4 85571.64 113923 88209.73 90479.05 81513.76 79887.09 65098.18 69456.14 81989.49 92299.42 102598.4 122994.3 116134.4 104644.5 107362.6 
#catch CV 
0.1 0.1 0.1 0.1 0.1 0.1 0.1 0.1 0.1 0.1 0.1 0.1 0.1 0.1 0.1 0.1 0.1 0.1 0.1 0.1 0.1 0.1 0.1 0.1 0.1 0.1 0.1 0.1 
#Length Bins 
0.6062379 1.818714 3.03119 4.243665 5.456141 6.668617 7.881093 9.093569 10.30604 11.51852 12.731 13.94347 15.15595 16.36842 17.5809 18.79338 20.00585 21.21833 22.4308 23.64328 24.85575 26.06823 27.28071 28.49318 29.70566 
#catch length counts 
7.373054e-07 3.467929e-05 0.001129482 0.02547268 0.3977927 4.301578 32.21034 167.0283 599.976 1494.55 2593.145 3187.418 2947.486 2407.649 2107.486 1886.358 1449.099 908.5029 493.5772 247.7581 114.1767 46.50152 16.40425 4.94939 1.251094 
7.460619e-07 3.509116e-05 0.001142896 0.0257752 0.402517 4.352665 32.59288 169.0119 607.1011 1512.296 2623.915 3225.148 2982.081 2435.296 2130.966 1906.889 1464.493 917.6841 498.0134 249.4715 114.5799 46.42667 16.2598 4.860266 1.214881 
1.766478e-06 8.308659e-05 0.002706076 0.06102885 0.9530526 10.3059 77.16944 400.1367 1436.901 3575.243 6175.291 7458.866 6477.94 4436.283 2927.36 2129.642 1509.435 923.9352 497.5944 248.2926 113.7287 45.96281 16.04327 4.772956 1.185546 
1.684301e-06 7.922142e-05 0.00258019 0.05818982 0.9087182 9.82653 73.58134 381.5598 1370.589 3414.179 5923.958 7282.042 6734.45 5496.295 4781.642 4196.416 3070.053 1729.729 778.6345 310.785 119.9312 44.50181 15.04946 4.428728 1.094235 
3.001328e-06 0.000141168 0.004597749 0.1036909 1.619281 17.51022 131.1152 679.8651 2441.563 6076.499 10505.75 12737.61 11218.65 8021.75 5744.257 4482.958 3265.569 1998.295 1050.544 493.9433 203.4016 70.3853 20.44644 5.144923 1.139087 
3.792585e-06 0.0001783849 0.00580988 0.1310275 2.046183 22.12659 165.6833 859.1322 3085.678 7682.742 13304.57 16233.52 14627.59 11157.76 8850.305 7358.961 5329.431 3056.601 1437.072 608.3864 243.9994 89.51367 28.37254 7.478973 1.604712 
4.425931e-06 0.0002081745 0.006780106 0.1529086 2.387888 25.82166 193.3522 1002.614 3601.126 8967.234 15536.68 18993.34 17231.54 13392.7 10935.77 9315.285 6897.307 4095.669 2029.628 899.6444 360.53 125.9052 37.60385 9.630239 2.092828 
5.116541e-06 0.0002406574 0.007838054 0.176768 2.760486 29.8508 223.5223 1159.059 4163.026 10366.36 17960.32 21953.94 19910.51 15461.67 12615.53 10757.61 8002.299 4806.171 2435.751 1116.972 466.0381 169.3674 52.04514 13.38541 2.850701 
7.615641e-06 0.000358203 0.01166644 0.2631077 4.108804 44.4309 332.6959 1725.131 6195.634 15422.14 26681.35 32433.38 28835.51 21190.23 15880.74 12772.48 9296.839 5549.493 2810.67 1294.404 546.4472 202.8671 64.27418 17.12328 3.764829 
1.209033e-05 0.0005686707 0.01852123 0.4177007 6.522994 70.53692 528.1754 2738.735 9835.645 24480.4 42336.15 51384.59 45430.39 32839.9 23906.01 18722.18 13319.63 7682.519 3678.73 1586.43 638.3727 232.0851 73.44584 19.79563 4.442551 
1.489368e-05 0.0007005271 0.02281571 0.514552 8.03547 86.89233 650.6475 3373.867 12117.75 30171.79 52256.28 63790.35 57576.36 44121.96 35246.2 29464.03 21410.49 12316.21 5787.879 2412.079 926.8875 319.3643 95.63165 24.62415 5.379389 
2.017715e-05 0.0009490356 0.03090947 0.6970867 10.88601 117.7168 881.4577 4570.65 16415.34 40863.97 70718.02 86060.37 76824.59 57110.12 43592.59 35478.51 25833.59 15267.17 7555.62 3347.349 1338.92 463.8484 135.6547 33.47615 6.952925 
2.801161e-05 0.001317531 0.04291112 0.9677544 15.11287 163.4244 1223.714 6345.365 22789.2 56731.34 98180.35 119493.3 106708.7 79398.43 60655.9 49286.88 35662.45 20789.37 10075.29 4390.05 1764.258 629.1398 191.6301 48.90318 10.28016 
3.193539e-05 0.001502087 0.04892199 1.103315 17.22985 186.3167 1395.138 7234.402 25984.25 64705.79 112122.6 137128.9 124601.8 97230.42 79794.89 68044.96 50127.99 29384.21 14258.25 6193.985 2467.834 869.9231 263.0572 67.45009 14.43966 
2.857619e-05 0.001344086 0.04377601 0.98726 15.41749 166.7189 1248.398 6473.674 23254.47 57933.44 100560.5 123803.3 115106.7 95258.76 84615.08 75946.42 57555.21 34809.81 17705.76 8114.939 3361.197 1206.131 365.9212 93.4385 19.89126 
2.191251e-05 0.001030659 0.03356788 0.757041 11.8223 127.842 957.2924 4964.245 17834.14 44447.5 77271.99 95698.01 90781.59 78821.21 74222.44 69148.15 53860.99 33903.58 18356.3 9046.634 3996.391 1514.622 482.2601 127.9912 27.91773 
2.430291e-05 0.001143092 0.03722975 0.8396253 13.11196 141.7875 1061.705 5505.427 19774.51 49245.5 85354.66 104494.8 95292.95 75143.04 62872.14 55101.1 42634.68 27555.26 15689.9 8218.793 3861.439 1560.488 531.6554 150.6254 34.77848 
2.384803e-05 0.001121697 0.03653292 0.82391 12.86654 139.1339 1041.838 5402.485 19405.86 48338.33 83856.54 103009.2 95045.08 77187.36 66973.14 59395.3 45018.72 27552.17 14476.15 7090.199 3270.849 1359.082 488.6673 147.5198 36.33053 
2.200017e-05 0.001034782 0.03370217 0.7600694 11.86958 128.3532 961.1135 4983.929 17902.99 44600.6 77412.05 95279.6 88511.09 73117.08 64889.67 58463.46 44858.39 27894.89 14902.07 7293.81 3260.44 1287.305 443.1328 131.9438 33.12799 
2.083028e-05 0.000979756 0.03191001 0.7196516 11.2384 121.5278 910.0046 4718.894 16950.87 42227.87 73288.53 90179.91 83697.53 68995.85 61111.95 55113.36 42528.04 26790.92 14627.02 7343.816 3351.291 1335.554 456.2019 132.5037 32.24561 
2.548183e-05 0.001198542 0.03903574 0.8803547 13.74801 148.6655 1113.205 5772.446 20733.12 51628.07 89452.08 109359.2 99239.09 77217.88 63310.39 54519.57 41423.36 26012.72 14234.68 7201.372 3332.047 1353.694 471.988 139.1517 33.98857 
2.63917e-05 0.001241338 0.04042958 0.9117895 14.23891 153.974 1152.96 5978.689 21475.24 53489.4 92768.17 113841.6 104673.8 84255.52 72245.92 63577.09 47950.59 29135.07 15089.32 7215.461 3226.069 1297.098 454.457 135.7319 33.68378 
2.652466e-05 0.001247592 0.04063325 0.9163829 14.31064 154.7498 1158.772 6008.886 21584.54 53769.9 93311.01 114773.3 106381.6 87396.02 77028.78 69133 52978.59 32929.08 17573.08 8571.84 3800.526 1477.479 496.7235 143.7944 35.18934 
2.870728e-05 0.001350252 0.04397683 0.991789 15.48822 167.4836 1254.119 6503.25 23359.41 58182.1 100904.8 123817.9 113824.9 91612.13 78688.86 69729.17 53510.36 33684.8 18407.49 9252.327 4223.379 1680.16 570.7761 163.9715 39.23234 
2.914181e-05 0.00137069 0.04464248 1.006801 15.72266 170.0188 1273.106 6601.76 23714.05 59073.22 102503.6 126030.3 116656.6 95515.33 83832.86 75080.52 57551.18 35889.57 19343.5 9638.72 4421.435 1791.426 624.382 183.8871 44.7507 
2.900353e-05 0.001364186 0.04443066 1.002024 15.64806 169.2122 1267.069 6570.518 23602.7 58804.5 102096.5 125808 117340 97901.09 88025.69 80087.25 62050.31 39228.76 21526.29 10881.45 5011.861 2025.421 705.4641 209.2803 51.71446 
2.763335e-05 0.001299739 0.04233166 0.9546864 14.90881 161.2183 1207.211 6260.133 22487.95 56029.32 97292.86 119957.8 112105.2 93993.36 85064.76 77810.65 60671.04 38795.57 21677.49 11192.04 5256.518 2159.436 761.2582 227.3954 56.41306 
2.272929e-05 0.001069076 0.03481912 0.7852595 12.26297 132.6073 992.9764 5149.31 18499.24 46107.56 80174.75 99372.02 94520.17 82590.2 78402.78 73581.04 57932.26 37265.38 20984.44 10954.04 5219.554 2183.174 785.1897 239.027 60.21798 
#survey length counts 
1.588282e-06 7.470514e-05 0.002433097 0.0548725 0.8569129 9.266304 69.38564 359.7882 1292.175 3216.795 5567.457 6778.012 6059.534 4524.972 3485.566 2874.371 2141.74 1327.084 714.8938 355.9375 162.8383 65.84533 23.036 6.881537 1.719494 
3.679398e-06 0.0001730611 0.005636488 0.127117 1.985113 21.46613 160.7354 833.4266 2992.657 7444.255 12844.59 15451.11 13213.78 8603.361 5082.425 3291.734 2202.68 1321.283 704.9587 349.5479 159.4887 64.32757 22.43012 6.66911 1.655944 
3.529335e-06 0.0001660029 0.005406606 0.1219326 1.904153 20.59073 154.1825 799.4892 2871.366 7148.19 12372.33 15065.26 13475.84 10070.75 7732.982 6266.973 4453.913 2485.365 1112.26 441.0997 169.2171 62.56434 21.12191 6.210859 1.53395 
6.221204e-06 0.0002926154 0.009530292 0.2149322 3.356473 36.29543 271.7758 1409.196 5060.337 12589.77 21737.5 26217.94 22647.18 15242.43 9700.062 6806.646 4729.034 2846.676 1484.362 693.8326 284.6492 98.30129 28.52244 7.171235 1.586806 
7.845368e-06 0.0003690083 0.01201836 0.2710444 4.232746 45.77111 342.7302 1777.136 6382.052 15882.66 27454.12 33259.6 29204.62 20681.3 14507.85 11007.06 7687.388 4355.572 2033.938 855.5254 341.3373 124.8539 39.51853 10.40979 2.232678 
9.086649e-06 0.0004273922 0.01391988 0.3139286 4.902444 53.01297 396.9571 2058.328 7392.032 18397.79 31812.96 38593.53 34061.57 24497.72 17691.37 13807.71 9883.102 5800.281 2854.762 1257.846 501.8972 174.8463 52.15239 13.34551 2.898787 
1.047489e-05 0.0004926885 0.01604654 0.3618901 5.651432 61.1122 457.6036 2372.795 8521.365 21208.48 36672.6 44486.53 39255.08 28218.95 20368.95 15914.73 11443.43 6791.934 3418.147 1558.124 647.3886 234.7398 72.04847 18.51736 3.941955 
1.549598e-05 0.0007288561 0.02373836 0.5353601 8.360413 90.40589 676.9498 3510.107 12604.97 31364.14 54179.55 65470.49 56954.04 39198.03 26086.78 19021.18 13284.85 7818.164 3929.941 1798.886 756.2403 280.1161 88.64543 23.60043 5.186858 
2.479915e-05 0.001166433 0.03798995 0.8567693 13.37968 144.682 1083.362 5617.404 20172.02 50189.15 86674.09 104621.1 90635.21 61553.28 39831.57 28166.82 19171.02 10893.42 5177.138 2218.373 888.3396 322.0758 101.7841 27.41346 6.149559 
3.001804e-05 0.001411904 0.04598478 1.037073 16.19538 175.13 1311.359 6799.718 24419.34 60772.97 105062.8 127341.3 112016 79755.2 56509.25 43252.16 30360.28 17262.83 8060.559 3339.194 1277.012 438.7597 131.1919 33.75326 7.370194 
4.135793e-05 0.001945278 0.06335642 1.428847 22.31349 241.2885 1806.745 9368.326 33642.55 83714.64 144639.5 174913.3 152584.4 105926.1 71674.64 52976.88 37070.64 21612.08 10617.97 4675.637 1862.142 643.5543 187.9695 46.35047 9.622082 
5.789605e-05 0.002723151 0.08869125 2.000212 31.23617 337.7745 2529.222 13114.51 47095.49 117190.6 202479.9 244867.5 213630.5 148339.5 100364.5 74025.17 51466.36 29598.46 14240.62 6165.919 2466.267 877.1504 266.8137 68.0396 14.29658 
6.594562e-05 0.003101764 0.1010224 2.278311 35.57909 384.7374 2880.885 14938.17 53647.4 133523.7 230901.9 280192.7 247534.8 178535.7 129497.2 101215.4 72105.45 41783.62 20138.67 8694.836 3448.134 1212.273 366.0792 93.79332 20.0698 
5.956854e-05 0.002801817 0.09125334 2.057994 32.13853 347.533 2602.314 13493.96 48464.44 120659.6 208901.1 254651.7 228706.5 172948.4 135659.3 112706.9 83050.1 49722.29 25122.15 11445.17 4720.604 1690.025 512.0992 130.6696 27.80409 
4.568987e-05 0.002149031 0.06999254 1.578509 24.6507 266.5629 1996.022 10350.29 37176.29 92581.3 160460.9 196416.4 179026.3 140926.2 117419.9 102044 77561.2 48361.83 26008.11 12744.74 5609.291 2121.768 674.8708 178.9963 39.02734 
5.077437e-05 0.002388182 0.0777815 1.75417 27.39387 296.2259 2218.119 11501.58 41305.99 102811 177818.5 215910.9 191192.1 138948.8 102516.2 82358.85 61627.91 39342.53 22233.79 11581.63 5423.152 2187.826 744.6965 210.8658 48.67093 
5.008854e-05 0.002355924 0.07673089 1.730476 27.02386 292.2249 2188.166 11346.37 40750.15 101443 175557.8 213662 190789.3 141969.8 108622.2 88803.99 65309.21 39534.5 20622.47 10036.89 4610.559 1911.563 686.5873 207.1529 51.00065 
4.676143e-05 0.002199432 0.07163406 1.615529 25.22881 272.8141 2042.821 10592.76 38044.4 94715.25 163968.7 199812.2 179245.6 135138.1 105634.1 87907.76 65518.97 40305.62 21377.88 10399.97 4630.313 1824.247 627.2458 186.6395 46.84257 
4.47317e-05 0.002103963 0.06852471 1.545406 24.13373 260.9723 1954.149 10132.96 36392.83 90601.91 156837 191070.9 171243.5 128781.5 100330.4 83464.64 62521.83 38950.55 21108.87 10533.98 4788.482 1904.434 649.8215 188.6208 45.88419 
5.450407e-05 0.002563609 0.08349505 1.883025 29.40613 317.9854 2381.051 12346.37 44339.1 110352.6 190807.7 231425.9 204096.6 146516.3 105684.7 83047.33 60882.49 37741.09 20491.64 10303.21 4748.806 1925.403 670.6219 197.5942 48.24611 
5.785762e-05 0.002721343 0.08863237 1.998884 31.21545 337.5509 2527.562 13106.19 47069.75 117167.3 202718.5 246472.9 219298.9 161514.1 121506.4 98053.49 71590.2 42991.97 22097.7 10496.19 4671.307 1873.608 655.6469 195.6922 48.54551 
5.812724e-05 0.002734025 0.08904541 2.008199 31.36092 339.1241 2539.346 13167.39 47290.75 117729.7 203775.2 248152.6 222071 166292.5 128616.8 106249.2 78971.61 48532.2 25706.09 12459.87 5501.365 2133.924 716.5583 207.2862 50.70535 
6.353089e-05 0.002988187 0.09732329 2.194886 34.2763 370.6497 2775.403 14391.32 51685.07 128655 222587.4 270600.5 240678.9 177127.1 133298.3 108195.8 80327.74 49950.85 27082.19 13526.37 6149.47 2441.257 828.4084 237.8273 56.88034 
6.593001e-05 0.00310103 0.1009985 2.277772 35.57068 384.6467 2880.215 14934.88 53638.29 133527.5 231089.9 281277.6 251270.1 187223.2 143674.7 118060.5 87653.45 54015.08 28882.08 14295.73 6529.192 2639.434 918.8747 270.4407 65.78876 
6.472619e-05 0.003044408 0.09915437 2.236182 34.9212 377.6236 2827.632 14662.32 52660.77 131107.9 226996.4 276739.2 248648.7 188315.7 148334.9 124384.1 93543.09 58472.5 31838.82 15992.09 7335.877 2958.311 1029.231 305.1271 75.36927 
6.168279e-05 0.002901261 0.09449218 2.131038 33.27922 359.868 2694.679 13972.93 50185.12 124947.5 216352.4 263866.2 237417.7 180530.8 143143.9 120774 91439.82 57811.59 32052.53 16445.01 7693.486 3154.171 1110.735 331.5797 82.22843 
5.062227e-05 0.002381027 0.0775485 1.748915 27.31183 295.3394 2211.5 11467.64 41189.58 102575.4 177780.6 217608.4 198318.8 156092.9 130150.1 113497.4 87066.94 55427.72 30975.96 16069.45 7627.522 3184.015 1143.951 348.0314 87.64807 
5.412304e-05 0.002545687 0.08291136 1.869861 29.20056 315.7628 2364.415 12260.26 44032.09 109610.3 189673.8 230756.8 205797 152691.5 116677.7 96433.34 73404.6 47707.81 27652.25 14863.15 7227.338 3066.725 1118.451 345.916 88.67117 
