# Number of parameters = 80 Objective function value = 22716.7782659666  Maximum gradient component = 0.000951225146507697
# srv_sel50:
1.19965692854
# srv_sel95:
3.57632322295
# stNatLen:
 10.9743093014 9.82965215741 8.47146945232 7.41612690494 6.63780126782 6.06025581945 5.62060909962 5.27818777186 5.00798862245 4.79435012045 4.62713333039 4.49960727715 4.40726955761 4.34717304026 4.31753873069
# log_avg_fmort_dir:
0.835631960021
# fmort_dir_dev:
 -0.489868724027 -0.167995508668 -0.318537951690 -0.171482492445 -0.220568830656 -0.131523709764 0.0674826686486 -0.0610514059776 -0.354685569782 -0.0549458298240 0.163008263501 -0.119706649449 -0.0350149626111 0.117096262105 0.194192048041 0.261635087101 0.0338659862655 0.150353989052 0.0423424718528 0.0947389361740 0.128425186147 0.0214886060300 0.143734696354 0.149466640221 0.113150423424 0.187034652389 0.244037394706 0.0444148376790 -0.0310865147967
# mean_log_rec:
12.9963363697
# rec_dev:
 -1.80304099767 -1.54263572165 -1.35675964032 -1.12451360199 -1.11193127528 -1.35160572656 -0.974188791064 -0.172594910750 -0.250618156005 -0.263423632875 0.394124769892 0.635639329500 0.560386643931 0.316301151475 0.226386285293 0.359690734013 0.256275071184 0.364166924436 0.350851459659 0.388272647304 0.524944105789 0.472337893213 0.621112101937 0.649158520624 0.523245644144 0.466529214367 0.636612599749 1.10263868479 1.10263867286
# log_avg_NatM:
-0.208716183333
# m_dev:
 0.00000000000 0.00000000000 0.00000000000 0.00000000000 0.00000000000 0.00000000000 0.00000000000 0.00000000000 0.00000000000 0.00000000000 0.00000000000 0.00000000000 0.00000000000 0.00000000000 0.00000000000 0.00000000000 0.00000000000 0.00000000000 0.00000000000 0.00000000000 0.00000000000 0.00000000000 0.00000000000 0.00000000000 0.00000000000 0.00000000000 0.00000000000 0.00000000000 0.00000000000
# log_avg_GrowthK:
-1.02151300000
# log_avg_Linf:
3.36611700000
# GrowthK_dev:
 0.00000000000 0.00000000000 0.00000000000 0.00000000000 0.00000000000 0.00000000000 0.00000000000 0.00000000000 0.00000000000 0.00000000000 0.00000000000 0.00000000000 0.00000000000 0.00000000000 0.00000000000 0.00000000000 0.00000000000 0.00000000000 0.00000000000 0.00000000000 0.00000000000 0.00000000000 0.00000000000 0.00000000000 0.00000000000 0.00000000000 0.00000000000 0.00000000000 0.00000000000
# Linf_dev:
 0.00000000000 0.00000000000 0.00000000000 0.00000000000 0.00000000000 0.00000000000 0.00000000000 0.00000000000 0.00000000000 0.00000000000 0.00000000000 0.00000000000 0.00000000000 0.00000000000 0.00000000000 0.00000000000 0.00000000000 0.00000000000 0.00000000000 0.00000000000 0.00000000000 0.00000000000 0.00000000000 0.00000000000 0.00000000000 0.00000000000 0.00000000000 0.00000000000 0.00000000000
# SelPars50:
1.98207805335
# SelPars95:
3.11900316904
# SelPars_dev50:
 0.00000000000 0.00000000000 0.00000000000 0.00000000000 0.00000000000 0.00000000000 0.00000000000 0.00000000000 0.00000000000 0.00000000000 0.00000000000 0.00000000000 0.00000000000 0.00000000000 0.00000000000 0.00000000000 0.00000000000 0.00000000000 0.00000000000 0.00000000000 0.00000000000 0.00000000000 0.00000000000 0.00000000000 0.00000000000 0.00000000000 0.00000000000 0.00000000000 0.00000000000
# SelPars_dev95:
 0.00000000000 0.00000000000 0.00000000000 0.00000000000 0.00000000000 0.00000000000 0.00000000000 0.00000000000 0.00000000000 0.00000000000 0.00000000000 0.00000000000 0.00000000000 0.00000000000 0.00000000000 0.00000000000 0.00000000000 0.00000000000 0.00000000000 0.00000000000 0.00000000000 0.00000000000 0.00000000000 0.00000000000 0.00000000000 0.00000000000 0.00000000000 0.00000000000 0.00000000000
