# Number of parameters = 106 Objective function value = 26708.1701752310  Maximum gradient component = 0.000421497495639199
# srv_sel50:
4.11983138766
# srv_sel95:
10.9928649495
# stNatLen:
 13.0517813622 12.2292719113 11.4206215575 10.6398462357 9.96046691987 9.40494368001 8.95866079703 8.60072683383 8.31371487355 8.08474237144 7.90460585061 7.76681526585 7.66686998295 7.60178498752 7.56975175716
# log_avg_fmort_dir:
-0.368503344343
# fmort_dir_dev:
 -0.196900784360 -0.428958293245 -0.591231863129 -0.840120443912 -0.766299620722 -0.777643145442 -0.604513533178 -0.452513918990 -0.226327137707 0.255225379054 0.289766824260 0.298527947872 0.127587054723 0.377217076388 0.355692903691 0.458599914363 0.328267835712 0.186519887259 0.359850144509 0.275534671253 0.197431716934 0.218568848359 0.257800504171 0.0793653337766 -0.0540807668507 0.0954838308998 0.336810768842 0.440338865469
# mean_log_rec:
15.4907341724
# rec_dev:
 -3.09477316848 -4.27040320037 -2.47386476577 -0.960752285207 -0.425843932142 -0.105362450546 0.147208825007 0.274355375911 0.0688837559892 0.251555717101 0.388492863023 0.524253234721 0.510237786640 0.498427445901 0.419019458275 0.522102083151 0.683657092153 0.642660187609 0.481871704141 0.773212996020 0.449181694105 0.643436227880 0.760372440643 0.820907922094 0.766923680740 0.635488456621 0.534375432015 0.534375422777
# log_avg_NatM:
0.00180773671413
# m_dev:
 -0.619842053939 -0.508128262187 -0.800613682006 -0.491285834184 -0.485395904616 0.0388443030938 0.0469315577739 0.130113139122 0.305731822486 -0.0527974128150 0.0775783659933 0.0930875296792 0.137345466606 0.125904519862 0.237342208534 0.0481778576648 -0.00213768955626 0.160457613556 0.259573736609 -0.179865201796 0.385159319926 -0.0231731720121 0.157253092716 0.188852278080 0.179309881300 0.224511815022 0.211648091389 0.155416613697
# log_avg_GrowthK:
-1.02151300000
# log_avg_Linf:
3.36611700000
# GrowthK_dev:
 0.00000000000 0.00000000000 0.00000000000 0.00000000000 0.00000000000 0.00000000000 0.00000000000 0.00000000000 0.00000000000 0.00000000000 0.00000000000 0.00000000000 0.00000000000 0.00000000000 0.00000000000 0.00000000000 0.00000000000 0.00000000000 0.00000000000 0.00000000000 0.00000000000 0.00000000000 0.00000000000 0.00000000000 0.00000000000 0.00000000000 0.00000000000 0.00000000000
# Linf_dev:
 0.00000000000 0.00000000000 0.00000000000 0.00000000000 0.00000000000 0.00000000000 0.00000000000 0.00000000000 0.00000000000 0.00000000000 0.00000000000 0.00000000000 0.00000000000 0.00000000000 0.00000000000 0.00000000000 0.00000000000 0.00000000000 0.00000000000 0.00000000000 0.00000000000 0.00000000000 0.00000000000 0.00000000000 0.00000000000 0.00000000000 0.00000000000 0.00000000000
# SelPars50:
3.51685025922
# SelPars95:
8.43825668415
# SelPars_dev50:
 0.00000000000 0.00000000000 0.00000000000 0.00000000000 0.00000000000 0.00000000000 0.00000000000 0.00000000000 0.00000000000 0.00000000000 0.00000000000 0.00000000000 0.00000000000 0.00000000000 0.00000000000 0.00000000000 0.00000000000 0.00000000000 0.00000000000 0.00000000000 0.00000000000 0.00000000000 0.00000000000 0.00000000000 0.00000000000 0.00000000000 0.00000000000 0.00000000000
# SelPars_dev95:
 0.00000000000 0.00000000000 0.00000000000 0.00000000000 0.00000000000 0.00000000000 0.00000000000 0.00000000000 0.00000000000 0.00000000000 0.00000000000 0.00000000000 0.00000000000 0.00000000000 0.00000000000 0.00000000000 0.00000000000 0.00000000000 0.00000000000 0.00000000000 0.00000000000 0.00000000000 0.00000000000 0.00000000000 0.00000000000 0.00000000000 0.00000000000 0.00000000000
