#True quantities 
# 
#recruitment 
NA 39751.74 39598.67 39657.27 39680.57 39601.7 39615.12 39719.81 39645.19 39637.7 39638.54 39631.96 39669.85 39631.69 39678.41 39620.97 39636.93 39628.52 39680.93 39603.07 39632.07 39634.53 39604.12 39603.66 39676.98 39641.41 39701.01 39612.88 39602.86 39633.27 39657.11 39609.53 39684.72 39606.7 39580.25 39642.08 39701.21 39529.33 39723.87 39704.06 39621.13 39625.71 39624.98 39577.04 39683.77 39626.95 39642.36 39634.19 39615.42 39702 39631.94 39686.5 39528.46 39604.77 39697.14 39591.13 39616.79 39647.11 39651.55 39590.85 39662.09 39597.12 39658.25 39631.35 39595.51 39655.87 39681.6 39604.82 39615.82 60488.45 54003 80375.49 99805.81 95932.18 134407.6 211892.2 284334.1 327354.6 352551.2 705555 764849.1 614904.6 456414.8 629797.6 577554.6 623598.5 627045.3 747772 784304.8 900057.3 1007123 1187644 1355907 1144123 1088375 1107504 1089682 1087540 
NA 39693.56 39689.21 39726.23 39678.07 39640.94 39725.82 39631.93 39665.08 39644.95 39659.63 39649.54 39650.26 39618.41 39690.12 39619.5 39659.15 39678.82 39576.99 39738.7 39602.68 39554.96 39585.99 39625.97 39572.31 39564.49 39549.39 39639.64 39672.07 39665.14 39668.8 39619.89 39698.84 39653.67 39595.36 39593.89 39632.52 39622.58 39653.31 39682.75 39694.66 39655.27 39638.21 39697.52 39630.02 39606.45 39619.81 39678.64 39613.28 39631.23 39628.84 39625.76 39658.8 39634.73 39679.8 39614.45 39663.86 39574.7 39631.8 39647.44 39695.94 39588 39654.45 39648.3 39671.11 39583.51 39621.71 39635.36 39659.58 60373.97 53993.37 80366.39 99608.67 95777.59 134460.4 211948.4 283798.8 327105.6 352666.3 707604.2 765081 614869.3 456624.5 629304.3 578497.3 624180.9 627153 746868.4 785046.3 898671.4 1008447 1188132 1355136 1144294 1089959 1105371 1089320 1089478 
NA 39641.54 39655.09 39615.88 39687.6 39585.72 39586.81 39619.78 39604.69 39600.15 39623 39586.39 39670.04 39596.87 39664.91 39666.78 39636.18 39647.73 39608.11 39696.29 39684.57 39638.87 39701.34 39662.28 39621.67 39635.26 39682.19 39644.05 39676.55 39580.09 39604.78 39641.26 39632.51 39708.95 39713.15 39639.6 39635.6 39625.94 39627 39699.22 39603.21 39613.09 39588.98 39651.93 39643.08 39699.2 39617.19 39598.98 39586.45 39675.47 39650.76 39620.28 39644.92 39632.57 39628.11 39614.41 39665.99 39654.29 39598.32 39595.6 39680.04 39713.5 39630.65 39628.26 39581.7 39614.84 39614.86 39658.62 39668.2 60378.8 54007.87 80311.47 99819.71 95740.6 134438 212081.5 284332.3 326931.7 353138.8 706296.7 765607.1 614981.9 456946 629548.4 576938.6 623952.6 626923.1 747587.1 783776 898958.9 1006875 1188566 1358666 1146598 1089172 1105356 1088950 1088587 
NA 39679.23 39598.22 39667.43 39661.3 39684.35 39677.04 39567.26 39610.03 39619.68 39630.17 39675.64 39687.69 39784.76 39594.72 39677.6 39620.82 39623.84 39644.59 39584.29 39607.25 39667.62 39654.86 39565.07 39647.02 39663.03 39666.8 39718.3 39638.31 39587.36 39602.12 39685.08 39669.36 39590.49 39610.74 39689.11 39606.76 39601.25 39626.11 39664.7 39570.2 39606 39650 39639.39 39718.49 39640 39673.41 39642.86 39604.89 39617.45 39604.04 39638.67 39628.31 39657.69 39687.47 39662.65 39584.42 39568.95 39640.53 39667.48 39659.57 39559.05 39591.99 39687.39 39559.64 39596.32 39645.18 39679.19 39640.81 60365.37 53983.54 80342.14 99616.72 95688.78 134310.1 212233.1 283863.1 327105.6 352625.5 704333.8 765119.2 615065.6 456713.6 629638.2 577444.1 623817.2 625538.5 748501.7 783130.2 897693.5 1008740 1187556 1358564 1145781 1091589 1106303 1089623 1088889 
NA 39666.22 39577.07 39649.54 39611.7 39582.54 39633.71 39700.3 39676.65 39673.75 39654.42 39644.26 39563.85 39612.92 39620.65 39617.76 39680.41 39637.36 39594.3 39602.36 39742.16 39603.36 39668.91 39631.91 39700.37 39589.26 39626.02 39648.88 39555.88 39631.22 39654.94 39589.89 39592.52 39635.57 39622.27 39663.63 39700.57 39634.79 39605.47 39609.02 39578.21 39628.67 39637.16 39645.58 39638.72 39573.26 39674.51 39554.69 39610.25 39665.99 39623.99 39619.53 39626.7 39596.75 39686.39 39643.03 39640.93 39651.21 39616.09 39581.14 39618.79 39626 39658.7 39592.03 39629.35 39676.51 39633.24 39652.33 39568.64 60452.47 53958.81 80324.2 99849.29 96105.53 134183.7 212123.4 283648.2 327409.8 353120.4 704608 764614.3 614950.7 456610.1 630391.5 577641.9 624032 625886.1 748428.5 786202.8 899873.3 1008107 1188507 1354092 1144226 1088308 1103763 1090319 NA 
NA 39609.99 39661.18 39676.39 39612.51 39719.33 39638.06 39674.73 39613.82 39655.31 39708.78 39606.52 39642.74 39617.47 39659.55 39720.52 39639.45 39581.76 39630.55 39628.48 39682.17 39587.8 39633.74 39679.01 39638.87 39680.31 39685.56 39634.04 39552.2 39678 39714.83 39697.1 39630.36 39645.61 39664.22 39636.87 39612.56 39716.88 39703.54 39633.39 39682.79 39638.5 39657.01 39640.92 39668.52 39626.46 39627.55 39688.23 39636.08 39654.31 39645.6 39576.52 39653.9 39643.15 39639.17 39571.17 39595.14 39675.55 39641.4 39618.01 39667.02 39608.98 39591.71 39647.08 39680.07 39620.18 39622.4 39659.89 39595.39 60415.09 54010.1 80445.56 99815.73 95881.62 134314.6 212399 284101.1 326562.5 352668.2 705842.9 765479.1 614622.6 457339.6 630147.8 577992.3 623571.2 626623 749143.8 785625.5 899689.5 1009245 1186441 1357107 1144784 1091129 1105510 NA NA 
NA 39653.84 39659.11 39635.62 39619.57 39602.12 39675.79 39696.76 39633.07 39630.89 39685.33 39621.09 39641.41 39653.94 39653.92 39612.09 39572.7 39627.6 39585.59 39605.2 39654.13 39665 39680.03 39690.6 39630.59 39670.33 39649.67 39611.41 39618.19 39651.01 39686.92 39612.89 39565.78 39633.26 39641.98 39663.19 39668.14 39566.96 39687.32 39650.91 39623.67 39638.82 39612.97 39726.61 39634.04 39642.84 39634.84 39619.13 39628 39597.91 39629.11 39677.38 39615.27 39665.8 39593.59 39611.39 39637.06 39580.24 39726.55 39592.8 39611.63 39630.09 39595.05 39647.49 39645.15 39594.8 39608.89 39617.12 39634.11 60453.1 53928.3 80377.07 99735.06 95839.94 134304.3 211808.3 284710.3 327068.6 352671.5 705921 765306 614203 455693.4 630101.2 578095.8 624611.1 625983.6 749287.7 784753.2 898888.2 1007470 1188508 1355756 1143343 1090413 1104280 NA NA 
NA 39630.98 39582.77 39635.22 39625.89 39655.01 39687.7 39645.84 39655.07 39619.41 39613.35 39679.56 39581.11 39579.87 39685.17 39649.22 39703.95 39612.73 39730.92 39641.47 39627.9 39604.99 39612.03 39612.22 39664.1 39546.42 39599.52 39622.7 39661.94 39626.06 39585.6 39607.83 39590.53 39670.87 39605.59 39649.25 39690.99 39663.88 39605.24 39655.84 39623.14 39603.31 39643.78 39710.57 39623.43 39625.31 39681.77 39633.49 39601.17 39638.94 39673.51 39642.94 39564.25 39635.53 39637.59 39653.55 39669.42 39631.68 39539.68 39611.72 39592.13 39630.66 39616.83 39617.84 39600.23 39600.8 39663.68 39553.24 39650.51 60417.36 53999.01 80259.01 99482.8 95946.31 134317.3 212128.8 283598.2 327587.3 352747.8 705669.4 765866.6 614797.2 457176.6 628494.3 578398.4 623714.3 626200.4 749157.3 783110.2 899764.8 1009113 1187549 1355202 1142185 1088640 1105610 NA NA 
NA 39674.16 39727.39 39578.46 39665.28 39686.32 39644.34 39661.73 39638.84 39657.76 39632.94 39703.31 39640.28 39678.39 39677.72 39672.28 39704.48 39681.09 39680.64 39641.38 39661.27 39661.84 39695.16 39641.18 39670.07 39639.16 39702.08 39612.1 39645.18 39636.09 39633.95 39612.32 39613.66 39668.56 39583 39675.48 39644.83 39640.74 39563.84 39637.96 39608.62 39667.51 39600.3 39633.98 39627.27 39642.82 39531.21 39622.74 39642.31 39564.42 39591.3 39631.39 39639.66 39634.93 39653.53 39650.89 39610.05 39602.76 39632.59 39646.32 39615.9 39646.37 39649.57 39619.68 39592.53 39613.66 39648 39600.43 39607.46 60472.82 53880.18 80361.56 99703.93 95904.07 134488.4 212263.5 284264.3 327037.2 351974.9 704936.9 766061.8 614609.1 456463.3 629838.4 577277.8 625041.2 625615.6 748191.1 785541.7 899681.8 1008310 1185761 1354825 1144215 1089053 1106831 NA NA 
NA 39651.08 39663.48 39620.41 39700.49 39630.23 39650 39592.78 39583.64 39592.79 39711.65 39665.48 39599.58 39617.51 39677.88 39716.39 39579.31 39666.41 39699.57 39642.57 39601.14 39672.83 39658.29 39687.36 39676.05 39676.59 39562.13 39654.26 39631.6 39659.72 39629.84 39634.53 39641.18 39718.69 39583.96 39649.02 39575.33 39663.94 39639.28 39643.03 39639.44 39627.69 39656.71 39692.3 39648.7 39723.23 39678.55 39688.38 39625.12 39617.52 39583.68 39586.87 39563.53 39645.61 39646.35 39679.1 39616.04 39612.32 39564.13 39640.04 39606.61 39630.85 39633.69 39587.26 39635.64 39589.53 39615.09 39565.38 39605.85 60473.57 54033.1 80491.55 99561.34 96040.3 134296.2 212136.2 284019.3 327373.8 352516.4 705988.4 764962.4 614170 456945.3 628942.1 578286.5 624623.4 626107.8 748033.1 785425.1 899475.4 1006505 1187629 1353783 1142552 1089537 1105947 NA NA 
#Catch 
NA 9776.511 7919.403 6538.536 5692.119 5130.41 4770.119 4572.164 4495.412 4408.157 4394.273 4327.155 4298.234 4245.713 4263.475 4296.482 4287.818 4291.857 4325.069 4287.899 4314.778 4373.458 4189.152 4290.221 4293.49 4325.864 4259.669 4358.148 4308.645 4328.881 4280.374 4330.071 4326.751 4250.22 4289.618 4312.914 4257.357 4242.972 4258.344 4270.076 4336.585 5257.374 5883.97 6557.711 6858.16 7001.704 7120.314 7203.871 7225.007 7383.218 7488.778 7541.614 7406.937 7622.104 7442.868 7549.721 7559.925 7568.867 7551.434 7460.722 7356.797 7426.576 7335.574 7167.278 7186.614 7080.606 6828.565 6972.968 7058.55 7181.043 7766.474 9219.924 10850.67 13856.81 16391.66 19328.76 25997.71 37547.37 47997.36 55441.29 76510.74 101714.4 106937.6 89327.89 80493.18 79570.59 79690.93 78300.73 80479.64 85219.64 89269.07 95404.99 103113.7 112638.2 107877.1 101349.4 71732.1 67946.4 
NA 9915.705 8077.701 6535.837 5616.641 5036.698 4820.196 4630.433 4462.955 4394.551 4405.745 4372.511 4256.837 4326.48 4262.624 4303.798 4344.126 4321.438 4247.933 4270.606 4271.76 4307.814 4321.744 4323.537 4245.735 4233.399 4312.78 4289.571 4251.808 4332.267 4338 4229.683 4267.596 4285.726 4278.807 4223.783 4221.117 4284.118 4305.005 4330.456 4265.575 5236.686 6030.583 6416.732 6898.199 7094.46 7075.27 7198.191 7341.712 7411.484 7400.328 7467.318 7432.028 7526.35 7598.919 7522.819 7615.967 7507.042 7542.363 7492.765 7434.029 7451.994 7325.721 7090.542 7236.269 7112.199 6856.598 6950.43 7005.99 7212.739 7708.322 9236.44 10784.91 13745.56 16586.32 19244.29 25970.29 37262.71 48092 55716.35 76602.95 102177.9 106889.6 89030.32 80830.02 79543.98 80378.56 77981.69 80938.41 85143.56 88949.9 94920.05 103157.4 112384.6 107773.9 101087.5 35291.6 104993 
NA 9954.855 7878.685 6547.423 5775.198 5076.274 4755.21 4612.807 4403.326 4422.461 4300.679 4395.187 4355.446 4285.391 4335.143 4240.854 4289.621 4258.599 4335.172 4313.236 4322.324 4273.494 4208.503 4277.827 4226.498 4369.156 4274.554 4293.418 4254.041 4294.385 4275.025 4298.061 4307.714 4297.568 4252.531 4421.018 4265.275 4293.892 4307.174 4333.097 4266.383 5168.552 5987.989 6403.639 6743.225 7075.67 7159.105 7247.665 7359.47 7322.652 7486.476 7455.97 7498.611 7545.894 7518.195 7469.956 7608.218 7520.636 7580.637 7499.865 7382.829 7400.62 7315.421 7273.462 7165.317 7087.53 6736.595 6959.826 7074.57 7200.34 7662.182 9376.905 10913.62 13621.79 16584.82 19161.45 26073.32 37072.45 48194.68 56187.87 76426.51 101520.2 106628.1 89891.18 80600.97 79651.84 80412.13 77680.23 81023.72 84508.36 89344.18 95260.98 103255.6 112230.1 107496.6 101641.5 54033 84679.5 
NA 9874.171 7946.647 6562.464 5623.253 5136.032 4797.995 4541.064 4460.37 4410.116 4332.392 4288.277 4288.989 4380.705 4300.595 4269.935 4341.361 4274.224 4259.012 4296.274 4267.776 4282.043 4346.651 4306.938 4226.535 4292.41 4305.534 4293.139 4259.808 4281.149 4302.443 4244.842 4291.842 4310.738 4248.856 4303.873 4273.184 4271.406 4300.037 4370.465 4256.823 5228.337 6014.586 6465.484 6819.87 7067.486 7029.04 7172.746 7436.848 7398.88 7504.85 7433.858 7461.731 7595.499 7581.6 7537.595 7495.169 7521.756 7499.049 7565.702 7385.877 7370.916 7265.78 7326.021 7115.617 7071.761 6773.142 6916.534 7136.308 7157.876 7692.837 9202.664 10889.98 13651.68 16561.53 19254.1 25970.48 37319.36 48501.12 55383.58 76269.63 101839.6 107120.7 88998.18 80849.71 79462.78 80196.53 77698.69 81057.03 84828.66 88711.98 94591.65 103832 112889.1 107443.6 100741.8 43945 98457.6 
NA 10024.3 7973.529 6619.574 5683.143 5115.039 4832.219 4588.343 4405.132 4381.508 4390.723 4281.103 4343.389 4283.455 4301.772 4339.334 4286.226 4353.69 4291.369 4270.805 4222.725 4231.586 4246.188 4280.715 4311.107 4302.566 4282.802 4270.892 4343.159 4292.096 4301.363 4217.153 4268.75 4349.78 4281.917 4249.363 4318.001 4333.666 4355.753 4263.328 4248.772 5239.255 5962.884 6439.555 6810.206 7047.033 7074.218 7184.884 7323.023 7405.484 7365.489 7473.952 7622.33 7432.355 7535.826 7581.788 7560.429 7528.695 7525.697 7473.498 7403.485 7435.158 7376.907 7189.335 7222.838 7005.735 6767.158 6933.24 7084.077 7160.517 7672.24 9265.06 10888.72 13611.17 16578.01 19201.95 25987.34 37262.88 48392.22 55768.65 75998.96 101791.7 106490.2 89460.08 81176.41 79851.22 79810.48 78207.86 80829.55 84357.67 89387.49 94850.4 103278.8 111900.6 107712.2 100356.8 60294.7 NA 
NA 10063.78 7908.694 6545.03 5660.225 5146.595 4808.631 4540.819 4519.51 4350.198 4323.516 4301.364 4389.024 4284.569 4269.107 4356.938 4236.783 4291.835 4286.169 4316.88 4303.941 4225.668 4324.717 4347.608 4275.22 4280.114 4310.772 4255.011 4237.178 4357.741 4219.081 4349.307 4346.994 4195.27 4252.608 4292.394 4342.68 4209.517 4316.238 4275.327 4357.99 5192.962 5944.125 6526.581 6740.969 7040.054 7084.071 7260.696 7296.202 7441.864 7496.49 7360.4 7572.15 7532.589 7527.947 7632.297 7580.171 7536.847 7530.967 7438.773 7344.822 7386.65 7361.681 7207.468 7160.459 7141.854 6788.675 6926.908 7121.268 7186.176 7647.066 9244.592 10785.13 13813.81 16478.27 19287.61 25791.86 37319.9 48580.62 55490.57 76589.83 101734.4 106949.6 89032.35 81682.76 79457.27 79733.07 78029.47 81476.13 84799.62 89355.34 95034.39 103092.3 112045.1 107626 101618.4 NA NA 
NA 9931.468 7800.821 6601.477 5645.993 5168.717 4821.695 4636.02 4455 4366.574 4358.97 4320.223 4311.939 4347.547 4273.76 4262.206 4289.469 4291.946 4229.428 4351.239 4343.226 4336.66 4259.393 4263.418 4255.795 4285.164 4341.662 4319.968 4300.699 4263.395 4295.317 4300.774 4332.495 4255.063 4228.921 4299.109 4320.921 4211.174 4328.709 4290.625 4310.6 5222.879 5973.745 6552.196 6748.568 7045.453 7111.82 7236.19 7258.888 7445.415 7377.279 7493.788 7540.297 7529.919 7493.966 7541.658 7556.838 7494.054 7504.172 7514.931 7458.944 7366.473 7332.817 7266.454 7163.043 7023.64 6737.729 6948.962 7142.469 7148.701 7608.492 9312.062 10830.74 13681.25 16649.5 19248.7 25899.02 37224.01 48774.21 55353.49 76675.48 101834.3 106404.8 89701.86 80494.45 79928.47 79878.15 77770.74 81172.92 84378.84 89388.16 94885.97 102917.6 112855.8 107536.6 101000.1 NA NA 
NA 10012.17 7792.776 6538.588 5612.193 5113.018 4792.387 4593.707 4459.258 4386.326 4403.787 4273.539 4257.534 4261.014 4317.427 4311.859 4271.468 4269.433 4273.17 4362.586 4314.944 4235.302 4307.854 4294.006 4308.775 4317.253 4234.305 4180.666 4326.67 4296.083 4286.626 4287.616 4368.357 4231.256 4275.296 4311.673 4300.275 4250.985 4326.287 4223.236 4340.673 5193.326 6065.957 6422.434 6767.316 7007.455 7219.2 7200.678 7350.734 7450.966 7306.607 7511.768 7456.961 7611.147 7575.705 7572.525 7503.535 7489.736 7597.309 7469.486 7361.73 7385.978 7296.771 7231.809 7261.786 7113.605 6726.763 6977.433 7112.429 7090.95 7744.216 9212.672 10907.61 13635.89 16576.97 19265.27 26083.34 37374.52 48248.12 55871.25 76248.13 101515.3 107249.8 88820.65 80722.29 79643.11 79925.05 77946.27 81274.44 84625.62 89459.49 95092.84 103269.3 112747.9 108111.2 100185.8 NA NA 
NA 9804.755 7879.968 6573.099 5664.159 5076.124 4834.719 4596.816 4477.304 4427.093 4358.09 4310.003 4328.076 4311.873 4309.326 4307.094 4308.511 4337.4 4284.638 4232.498 4332.163 4331.322 4290.768 4336.544 4293.606 4279.631 4390.599 4270.67 4292.943 4287.682 4218.894 4346.43 4274.496 4262.454 4358.904 4233.588 4260.499 4244.554 4329.62 4300.094 4325.638 5224.974 5939.485 6497.948 6708.881 7056.879 7126.626 7143.878 7322.902 7480.112 7539.936 7414.126 7445.081 7502.438 7599.424 7511.666 7516.099 7578.187 7592.524 7458.191 7364.983 7371.892 7284.374 7281.761 7204.875 7050.841 6768.242 6931.483 7087.844 7169.569 7665.224 9257.827 10845.34 13670.83 16573.87 19247.08 26148.42 37288.38 48140.76 55875.59 76302.27 101185.3 107148.4 89263.33 80688.36 79738.32 80125.17 78434.97 80287.78 84088.43 90333.93 95009.18 103247.8 112137.7 107631.8 100872 NA NA 
NA 9900.895 7879.411 6593.804 5718.04 5106.135 4818.196 4499.808 4467.812 4415.277 4330.93 4386.652 4317.787 4288.474 4323.738 4358.171 4255.251 4274.713 4388.524 4262.968 4311.862 4346.359 4294.085 4246.187 4323.32 4247.98 4284.534 4301.523 4282.507 4290.576 4251.749 4335.376 4379.655 4225.49 4350.782 4304.05 4298.507 4262.797 4233.439 4320.113 4300.509 5381.27 5946.561 6413.202 6758.066 6980.84 7211.668 7280.523 7224.341 7398.912 7430.749 7456.441 7485.263 7532.816 7566.797 7537.735 7556.816 7483.894 7541.949 7501.935 7377.013 7407.27 7376.514 7210.501 7174.749 7003.535 6805.503 7007.415 7109.325 7116.573 7599.917 9309.982 10998.43 13700.77 16644.34 19087.16 25959.98 37508.41 48377.79 55627.83 76308.85 101596 106506.2 89821.84 81079.13 79552.56 79925.51 77804.87 81154.46 84784.34 89558.51 95438.9 102845.9 112621.1 107042.2 100837.9 NA NA 
#fishing mortality 
0.27 0.27 0.27 0.27 0.27 0.27 0.27 0.27 0.27 0.27 0.27 0.27 0.27 0.27 0.27 0.27 0.27 0.27 0.27 0.27 0.27 0.27 0.27 0.27 0.27 0.27 0.27 0.27 0.27 0.27 0.27 0.27 0.27 0.27 0.27 0.27 0.27 0.27 0.27 0.27 0.27 0.318 0.366 0.414 0.462 0.51 0.558 0.606 0.654 0.702 0.75 0.798 0.846 0.894 0.942 0.99 1.038 1.086 1.134 1.182 1.23 1.278 1.326 1.374 1.422 1.47 1.47 1.545385 1.620769 1.696154 1.771538 1.846923 1.922308 1.997692 2.073077 2.148462 2.223846 2.299231 2.374615 2.45 2.45 2.450625 2.45125 2.451875 2.4525 2.453125 2.45375 2.454375 2.455 2.455625 2.45625 2.456875 2.4575 2.458125 2.45875 2.459375 1.242371 3.263004 
0.27 0.27 0.27 0.27 0.27 0.27 0.27 0.27 0.27 0.27 0.27 0.27 0.27 0.27 0.27 0.27 0.27 0.27 0.27 0.27 0.27 0.27 0.27 0.27 0.27 0.27 0.27 0.27 0.27 0.27 0.27 0.27 0.27 0.27 0.27 0.27 0.27 0.27 0.27 0.27 0.27 0.318 0.366 0.414 0.462 0.51 0.558 0.606 0.654 0.702 0.75 0.798 0.846 0.894 0.942 0.99 1.038 1.086 1.134 1.182 1.23 1.278 1.326 1.374 1.422 1.47 1.47 1.545385 1.620769 1.696154 1.771538 1.846923 1.922308 1.997692 2.073077 2.148462 2.223846 2.299231 2.374615 2.45 2.45 2.450625 2.45125 2.451875 2.4525 2.453125 2.45375 2.454375 2.455 2.455625 2.45625 2.456875 2.4575 2.458125 2.45875 2.459375 0.4485544 4.496611 
0.27 0.27 0.27 0.27 0.27 0.27 0.27 0.27 0.27 0.27 0.27 0.27 0.27 0.27 0.27 0.27 0.27 0.27 0.27 0.27 0.27 0.27 0.27 0.27 0.27 0.27 0.27 0.27 0.27 0.27 0.27 0.27 0.27 0.27 0.27 0.27 0.27 0.27 0.27 0.27 0.27 0.318 0.366 0.414 0.462 0.51 0.558 0.606 0.654 0.702 0.75 0.798 0.846 0.894 0.942 0.99 1.038 1.086 1.134 1.182 1.23 1.278 1.326 1.374 1.422 1.47 1.47 1.545385 1.620769 1.696154 1.771538 1.846923 1.922308 1.997692 2.073077 2.148462 2.223846 2.299231 2.374615 2.45 2.45 2.450625 2.45125 2.451875 2.4525 2.453125 2.45375 2.454375 2.455 2.455625 2.45625 2.456875 2.4575 2.458125 2.45875 2.459375 0.7876229 3.623794 
0.27 0.27 0.27 0.27 0.27 0.27 0.27 0.27 0.27 0.27 0.27 0.27 0.27 0.27 0.27 0.27 0.27 0.27 0.27 0.27 0.27 0.27 0.27 0.27 0.27 0.27 0.27 0.27 0.27 0.27 0.27 0.27 0.27 0.27 0.27 0.27 0.27 0.27 0.27 0.27 0.27 0.318 0.366 0.414 0.462 0.51 0.558 0.606 0.654 0.702 0.75 0.798 0.846 0.894 0.942 0.99 1.038 1.086 1.134 1.182 1.23 1.278 1.326 1.374 1.422 1.47 1.47 1.545385 1.620769 1.696154 1.771538 1.846923 1.922308 1.997692 2.073077 2.148462 2.223846 2.299231 2.374615 2.45 2.45 2.450625 2.45125 2.451875 2.4525 2.453125 2.45375 2.454375 2.455 2.455625 2.45625 2.456875 2.4575 2.458125 2.45875 2.459375 0.5891122 4.930365 
0.27 0.27 0.27 0.27 0.27 0.27 0.27 0.27 0.27 0.27 0.27 0.27 0.27 0.27 0.27 0.27 0.27 0.27 0.27 0.27 0.27 0.27 0.27 0.27 0.27 0.27 0.27 0.27 0.27 0.27 0.27 0.27 0.27 0.27 0.27 0.27 0.27 0.27 0.27 0.27 0.27 0.318 0.366 0.414 0.462 0.51 0.558 0.606 0.654 0.702 0.75 0.798 0.846 0.894 0.942 0.99 1.038 1.086 1.134 1.182 1.23 1.278 1.326 1.374 1.422 1.47 1.47 1.545385 1.620769 1.696154 1.771538 1.846923 1.922308 1.997692 2.073077 2.148462 2.223846 2.299231 2.374615 2.45 2.45 2.450625 2.45125 2.451875 2.4525 2.453125 2.45375 2.454375 2.455 2.455625 2.45625 2.456875 2.4575 2.458125 2.45875 2.459375 0.9217041 NA 
0.27 0.27 0.27 0.27 0.27 0.27 0.27 0.27 0.27 0.27 0.27 0.27 0.27 0.27 0.27 0.27 0.27 0.27 0.27 0.27 0.27 0.27 0.27 0.27 0.27 0.27 0.27 0.27 0.27 0.27 0.27 0.27 0.27 0.27 0.27 0.27 0.27 0.27 0.27 0.27 0.27 0.318 0.366 0.414 0.462 0.51 0.558 0.606 0.654 0.702 0.75 0.798 0.846 0.894 0.942 0.99 1.038 1.086 1.134 1.182 1.23 1.278 1.326 1.374 1.422 1.47 1.47 1.545385 1.620769 1.696154 1.771538 1.846923 1.922308 1.997692 2.073077 2.148462 2.223846 2.299231 2.374615 2.45 2.45 2.450625 2.45125 2.451875 2.4525 2.453125 2.45375 2.454375 2.455 2.455625 2.45625 2.456875 2.4575 2.458125 2.45875 2.459375 NA NA 
0.27 0.27 0.27 0.27 0.27 0.27 0.27 0.27 0.27 0.27 0.27 0.27 0.27 0.27 0.27 0.27 0.27 0.27 0.27 0.27 0.27 0.27 0.27 0.27 0.27 0.27 0.27 0.27 0.27 0.27 0.27 0.27 0.27 0.27 0.27 0.27 0.27 0.27 0.27 0.27 0.27 0.318 0.366 0.414 0.462 0.51 0.558 0.606 0.654 0.702 0.75 0.798 0.846 0.894 0.942 0.99 1.038 1.086 1.134 1.182 1.23 1.278 1.326 1.374 1.422 1.47 1.47 1.545385 1.620769 1.696154 1.771538 1.846923 1.922308 1.997692 2.073077 2.148462 2.223846 2.299231 2.374615 2.45 2.45 2.450625 2.45125 2.451875 2.4525 2.453125 2.45375 2.454375 2.455 2.455625 2.45625 2.456875 2.4575 2.458125 2.45875 2.459375 NA NA 
0.27 0.27 0.27 0.27 0.27 0.27 0.27 0.27 0.27 0.27 0.27 0.27 0.27 0.27 0.27 0.27 0.27 0.27 0.27 0.27 0.27 0.27 0.27 0.27 0.27 0.27 0.27 0.27 0.27 0.27 0.27 0.27 0.27 0.27 0.27 0.27 0.27 0.27 0.27 0.27 0.27 0.318 0.366 0.414 0.462 0.51 0.558 0.606 0.654 0.702 0.75 0.798 0.846 0.894 0.942 0.99 1.038 1.086 1.134 1.182 1.23 1.278 1.326 1.374 1.422 1.47 1.47 1.545385 1.620769 1.696154 1.771538 1.846923 1.922308 1.997692 2.073077 2.148462 2.223846 2.299231 2.374615 2.45 2.45 2.450625 2.45125 2.451875 2.4525 2.453125 2.45375 2.454375 2.455 2.455625 2.45625 2.456875 2.4575 2.458125 2.45875 2.459375 NA NA 
0.27 0.27 0.27 0.27 0.27 0.27 0.27 0.27 0.27 0.27 0.27 0.27 0.27 0.27 0.27 0.27 0.27 0.27 0.27 0.27 0.27 0.27 0.27 0.27 0.27 0.27 0.27 0.27 0.27 0.27 0.27 0.27 0.27 0.27 0.27 0.27 0.27 0.27 0.27 0.27 0.27 0.318 0.366 0.414 0.462 0.51 0.558 0.606 0.654 0.702 0.75 0.798 0.846 0.894 0.942 0.99 1.038 1.086 1.134 1.182 1.23 1.278 1.326 1.374 1.422 1.47 1.47 1.545385 1.620769 1.696154 1.771538 1.846923 1.922308 1.997692 2.073077 2.148462 2.223846 2.299231 2.374615 2.45 2.45 2.450625 2.45125 2.451875 2.4525 2.453125 2.45375 2.454375 2.455 2.455625 2.45625 2.456875 2.4575 2.458125 2.45875 2.459375 NA NA 
0.27 0.27 0.27 0.27 0.27 0.27 0.27 0.27 0.27 0.27 0.27 0.27 0.27 0.27 0.27 0.27 0.27 0.27 0.27 0.27 0.27 0.27 0.27 0.27 0.27 0.27 0.27 0.27 0.27 0.27 0.27 0.27 0.27 0.27 0.27 0.27 0.27 0.27 0.27 0.27 0.27 0.318 0.366 0.414 0.462 0.51 0.558 0.606 0.654 0.702 0.75 0.798 0.846 0.894 0.942 0.99 1.038 1.086 1.134 1.182 1.23 1.278 1.326 1.374 1.422 1.47 1.47 1.545385 1.620769 1.696154 1.771538 1.846923 1.922308 1.997692 2.073077 2.148462 2.223846 2.299231 2.374615 2.45 2.45 2.450625 2.45125 2.451875 2.4525 2.453125 2.45375 2.454375 2.455 2.455625 2.45625 2.456875 2.4575 2.458125 2.45875 2.459375 NA NA 
#spawning biomass 
45288.47 35935.64 29461.97 25287.07 22642.37 21021.85 20062.74 19488.1 19104.88 18883.15 18721.98 18652.4 18627.28 18662.47 18683.85 18671.98 18667.66 18658.89 18616.76 18613.18 18586.98 18504.37 18604.63 18607.33 18601.99 18563.33 18593.56 18531.34 18519.74 18489.73 18506.03 18475.08 18450.03 18502.53 18517.04 18504.89 18542.82 18594.88 18631.56 18650.67 18602.84 18814.88 18476.56 17594.92 16582.63 15629.47 14700.65 13949.7 13294.32 12647.45 11991.3 11462.33 11115.43 10626.05 10339.11 9983.896 9665.166 9333.168 9007.08 8769.114 8583.695 8297.668 8046.7 7875.511 7630.021 7429.321 7276.993 7074.346 6856.465 6724.673 7540.532 8722.11 9995.458 12398.76 13845.98 16197.15 22899.12 31368.18 37942.32 43688.78 65175.08 82380.36 75642.71 60259.06 61429.45 62573.79 62318.62 62374.09 67408.63 70614.98 75969.39 82131.44 91205.17 96851.52 86461.81 81197.08 82317.47 42144.75 
45288.47 35803.2 29193.7 25052.21 22515.04 21015.79 20025.45 19405.22 19067.22 18868.15 18698.75 18588.26 18609.58 18572.27 18599.96 18588.07 18537.39 18511.31 18560.35 18588.62 18611.52 18597.14 18566.71 18529.14 18568.13 18621.85 18594.25 18584.44 18611.94 18564.86 18518.88 18585.5 18616.07 18624.24 18636.99 18701.86 18761.88 18751.19 18716.72 18659.82 18672.44 18899.33 18418.45 17671.84 16628.24 15593.91 14706.64 13957.83 13197.41 12533.6 11965.29 11500.14 11126.34 10711.27 10301 9974.488 9614.555 9341.13 9025.492 8753.204 8509.595 8223.582 7999.01 7895.32 7611.811 7395.855 7232.937 7047.473 6870.065 6717.924 7568.874 8722.886 10032.65 12475.05 13749.61 16174.32 22905.93 31498.87 37926.18 43493.31 65181.17 82190.37 75532.27 60425.36 61291.51 62558.42 61910.68 62333.23 67025.48 70429.67 75989.34 82530.67 91478.54 97140.01 86734.88 81639.94 82759.11 78976.77 
45288.47 35765.84 29348.7 25177.22 22464.77 20914.74 19985.15 19381.5 19094.79 18858.68 18783.44 18640.27 18552.02 18546.34 18501.92 18555.15 18562.97 18601.22 18561.84 18541.71 18514.28 18539.42 18632.05 18652.45 18717.24 18637.3 18645.58 18636.7 18669.02 18662.24 18671.98 18655.29 18626.36 18610.71 18644.5 18518.03 18549.91 18556.55 18546.25 18508.7 18538.26 18840.9 18405.96 17668.28 16761.91 15733.63 14757.38 13960.84 13183.16 12589.07 11939.32 11485.99 11063.02 10638.42 10301.68 10018.26 9654.242 9362.237 9015.869 8745.04 8537.877 8280.526 8056.846 7815.892 7595.376 7396.214 7315.038 7107.529 6866.911 6725.222 7604.808 8657.839 9904.772 12472.63 13764.4 16230.78 22898.06 31653.89 37992.01 43229.95 65030.89 82510.56 76028.92 60161.16 61285.65 62354.94 61671.19 62360.22 67029.5 70789.66 75946.61 82177.57 91221.75 97323.2 87233.84 81589.57 82708.32 59718.58 
45288.47 35842.61 29352.49 25165.11 22598.21 20981.18 20002.7 19468.81 19129.3 18902.96 18791.59 18750.45 18724.92 18620.38 18605.47 18631.1 18585.69 18601.79 18632.67 18624.05 18641.2 18642.06 18578.17 18557.91 18621.74 18618.32 18599.18 18595.95 18629.31 18643.05 18631.69 18670.17 18659.66 18632.59 18669.3 18649.51 18656.85 18668.48 18651.49 18562.83 18589.17 18825.18 18356.46 17559.68 16591.62 15588.07 14750.83 14032.17 13188.06 12530.96 11870.85 11437.99 11046.7 10584.93 10203.39 9883.5 9637.354 9355.764 9063.866 8727.27 8524.182 8298.563 8101.023 7794.884 7610.454 7424.874 7308.612 7132.717 6846.377 6738.924 7592.397 8760.706 9992.036 12499.88 13778.34 16171.46 22917.11 31495.63 37658.71 43497.4 65098.13 82213.03 75399.44 60366.01 61265.02 62517.21 61933.38 62417.78 67070.73 70564.26 76120.8 82821.27 91227.27 96873.5 86942.19 82142.88 83262.98 70446.66 
45288.47 35699.96 29200.53 24977.84 22375.03 20801.23 19807.89 19241.9 18973.63 18801.34 18660.65 18649.86 18589.54 18591.31 18575.07 18521.96 18525.43 18467.9 18476.65 18508.82 18584.61 18647.12 18693.37 18700.83 18672.58 18652.5 18654.09 18666.7 18605.7 18596.04 18578.68 18645.42 18663.26 18597.24 18595.87 18630.52 18600.31 18557.06 18497.68 18532.13 18579.22 18806.47 18386.41 17615.44 16653.6 15660.77 14767.58 14022.2 13269.89 12594.67 12042.37 11564.93 11024.56 10689.69 10332.42 9952.202 9637.715 9348.073 9045.216 8790.897 8560.82 8267.309 7987.99 7813.571 7553.064 7422.045 7322.234 7138.951 6885.595 6760.562 7619.159 8744.431 9979.086 12533.61 13841.61 16262.9 22947.08 31525.52 37770.16 43374.88 65211.94 82300.13 75915.11 60392.77 61122.04 62181.1 61995.45 62142.77 67064.91 71126.62 76265.74 82748.75 91545.5 97422.64 86931.12 82145.97 83263.04 NA 
45288.47 35662.27 29228.04 25073.23 22485.15 20874.14 19898.36 19376.74 18992.3 18841.4 18756.78 18715.61 18602.53 18599.23 18615.72 18548.11 18602.16 18607.5 18615.33 18586.53 18568.96 18631.74 18598.75 18540.58 18554.97 18570.25 18557.04 18598.97 18658.13 18592.41 18656.14 18594.52 18541.44 18642.91 18685.37 18680.44 18622.73 18695.9 18664.43 18674.51 18607.42 18878.66 18481.46 17629.76 16729.37 15740.14 14833.65 14018 13288.46 12590.86 11934.92 11561.81 11069.15 10646.84 10300.42 9888.561 9560.815 9266.361 8968.063 8757.4 8585.406 8332.692 8057.448 7851.139 7624.03 7385.08 7276.792 7103.284 6831.625 6703.947 7596.167 8743.433 10054.78 12470.88 13838.42 16207.73 23051.29 31613.92 37656.51 43402.84 64992.71 82301.66 75582.28 60521.93 60882 62306.01 62118.57 62403.01 66877.55 70671.07 75974.16 82505.36 91424.22 97415.11 87088.43 81596.52 NA NA 
45288.47 35788.1 29442.62 25209.94 22615.69 20963.17 19956.71 19326.5 18997.95 18833.1 18716.32 18658.49 18623.13 18560.46 18574.66 18604.68 18607.6 18603.96 18657.42 18589.18 18528.72 18480 18515.98 18554.5 18600.84 18615.36 18569.34 18543 18537.63 18568.53 18566.71 18559.98 18524.32 18563.83 18624.98 18613.9 18581.56 18659.55 18621.9 18616.6 18593.06 18835.57 18408.96 17533.55 16631.56 15650.13 14731.45 13948.45 13261.01 12560.39 12003.87 11509.52 11043.25 10635.62 10320.02 9978.508 9656.078 9383.337 9087.878 8791.923 8527.953 8294.788 8044.504 7799.188 7580.532 7436.574 7352.223 7141.722 6840.547 6734.952 7647.615 8734.176 10007.21 12505.71 13744.91 16158.74 22920.38 31599.51 37600.69 43484.33 65001.92 82224.94 75878.85 60052.77 61291.72 62286.59 62083.72 62539.58 67157.05 71074.58 76122.97 82571.84 91664.69 96995.74 86756.74 81718.73 NA NA 
45288.47 35711.36 29381.75 25215.06 22650.28 21044.97 20059.99 19463.95 19121.2 18922.26 18747.45 18725.2 18733.36 18744.39 18699.46 18658.8 18664.79 18679.71 18692.71 18616.86 18589.99 18645.46 18626.61 18616.56 18591.36 18559.83 18612.87 18716.26 18669.02 18649.84 18644.36 18639.6 18553.82 18603.88 18614.44 18590.52 18579.11 18618.2 18586.28 18655.06 18604.81 18871.94 18354.17 17598.03 16678.51 15727.02 14703 13947.46 13183.62 12486.12 11999 11498.3 11107.27 10624.53 10233.4 9873.678 9614.728 9362.834 9005.588 8754.654 8556.183 8302.382 8075.616 7851.137 7549.01 7337.975 7277.946 7068.187 6808.164 6747.938 7570.664 8742.283 9963.183 12475.48 13761.18 16170.83 22845.31 31387.64 37774.91 43291.69 65101.81 82559.94 75589.12 60670.94 61475.73 62575.89 62189.24 62476.93 67031.2 70704.89 75874.77 82404.31 91304.31 96780 86122.6 81726.28 NA NA 
45288.47 35908.55 29474.48 25263.99 22649.03 21082.54 20055.88 19457.7 19097.56 18859.13 18732.75 18680.91 18627.22 18599.68 18581.12 18568.1 18557.07 18520.13 18538.11 18608.99 18578.37 18543.63 18549.04 18512.35 18520.42 18543.29 18455.97 18487.56 18501.04 18517.62 18597.73 18548.92 18566.85 18595.87 18528.64 18585.87 18617.77 18662.91 18622.56 18607.81 18566.34 18800.27 18405.03 17582.86 16715.14 15709.93 14763.49 14052.71 13292.23 12548.84 11851.82 11431.56 11051.74 10665.02 10260.91 9948.487 9670.962 9337.008 8977.291 8739.854 8553.032 8317.795 8101.872 7838.608 7583.666 7413.064 7306.778 7122.51 6868.536 6739.537 7612.801 8741.73 9999.549 12503.27 13796.88 16217.25 22864.37 31509.9 37918.75 43289.1 64971.33 82665.12 75741.71 60375.22 61379.84 62405.56 62000.28 61989.08 67287.49 71398.94 75790.01 82324.98 91135.47 97024.55 86743.79 81750.16 NA NA 
45288.47 35817.13 29393.55 25172.3 22513.95 20932.32 19940.55 19451.7 19106.47 18876.55 18768.44 18632.88 18587.24 18585.63 18552.01 18485.71 18527.66 18556.62 18470.05 18505.79 18499.45 18458.49 18466.83 18524.4 18507.56 18563.72 18582.73 18579.72 18588.79 18587.55 18625.8 18581.92 18494.12 18561.2 18509.83 18506.3 18508.36 18542.67 18603.5 18576.74 18568.64 18659.74 18263.23 17532.91 16634.3 15714.75 14705.15 13889.25 13246.64 12599.58 11999.97 11535.26 11105.49 10675.73 10284.8 9946.463 9636.675 9383.783 9060.093 8773.615 8562.024 8294.562 8011.02 7814.804 7586.385 7449.724 7310.973 7065.858 6803.48 6724.75 7645.93 8744.09 9926.136 12434.73 13700.09 16241.38 22961.95 31422.43 37716.19 43387.3 65138.19 82462.68 75978.71 60138.13 60911.17 62254.48 62041.6 62488.22 67047.6 70752.32 75851.35 81975.14 91248.78 96747.9 86852.42 81845.54 NA NA 
#survey index 
54508.65 44758.29 38185.96 33996.63 31351.65 29733.77 28774.92 28203.5 27821.61 27600 27432.89 27363.88 27341.76 27382.85 27405.84 27390.73 27384.55 27373.43 27329.61 27328.11 27297.97 27207.32 27320.9 27317.86 27312.54 27274.1 27313.37 27243.82 27229.18 27193.66 27214.89 27181.67 27157 27216.2 27225.97 27208.61 27255.8 27311.15 27348 27372.44 27322.09 27740.68 27552.6 26758.81 25811.37 24899.78 23944.98 23175.86 22453.8 21716.43 20926.57 20280.67 19793.42 19108.29 18665.23 18112.78 17591.61 17046.68 16497.82 16043.48 15638.78 15116.18 14629.71 14228.5 13737.5 13312.14 12931.77 12489.33 12033.1 12959.2 14251.51 16472.69 19768.22 22384.95 25373.3 32906.55 45316.78 57047.3 64507.45 87190.35 116460.1 123582 104057.9 92649.67 91312.63 91403.98 89401.39 91905.99 96163.82 100921.3 107213.6 116131.8 126716.3 122410 108492.8 103152.5 206748.3 199123.8 
54508.65 44617.07 37905.96 33762.85 31235.25 29741.3 28745.02 28121.81 27785.24 27584.54 27409.95 27297.86 27327.5 27284.52 27316.92 27303.42 27247.9 27222.85 27276.63 27306.48 27330.88 27308.35 27267.34 27227.51 27274.12 27329.64 27292.56 27284.3 27323.02 27277.6 27231.99 27305.94 27336.55 27344.79 27355.5 27419.63 27479.89 27466.3 27431.27 27374.59 27396.22 27835.47 27492.05 26855.35 25867.83 24858.4 23947.64 23183.92 22348.43 21590.76 20895.59 20317.4 19806.51 19215.65 18624.99 18104.28 17540.34 17057.08 16511.33 16026.11 15564.28 15039.65 14578.74 14251.78 13723.43 13277.01 12877.13 12459.31 12052.22 12947.33 14275.49 16472.06 19795.34 22447.83 25270.33 32889.1 45296.44 57153.47 64490.48 87101.82 116517.4 123393.4 103959.6 92791.35 91214.24 91422.68 89017.82 91832.01 95824.02 100698.9 107274.8 116522.6 126947.5 122682.8 108788.2 103503.3 207117.9 232490.3 
54508.65 44575.55 38064.54 33880.25 31164.1 29623.93 28693.86 28083.7 27804.18 27563.25 27493.75 27341.54 27254.01 27254.69 27208.56 27271.55 27279.6 27319.67 27271.88 27252.41 27228.13 27258.8 27359.28 27377.4 27444.35 27349.28 27361.99 27354.87 27392.08 27379.8 27385.14 27364.91 27336.52 27326.2 27370.84 27231.94 27267.81 27269.84 27255.83 27217.74 27253.42 27769.83 27470.52 26841.89 26008.2 25010.36 24006.09 23184.12 22323.11 21649.97 20868.6 20306.02 19735.63 19134.92 18624.58 18148.34 17581.89 17084.76 16504.72 16012.48 15589.76 15107.81 14648.47 14162.31 13699.8 13273.56 12966.08 12523.14 12049.86 12955.93 14314.74 16400.43 19671.79 22453.28 25282.79 32953.97 45320.81 57318.16 64575.68 86781.29 116367.8 123727.9 104460.6 92549.67 91142.75 91203.19 88778.11 91884.94 95782.93 101045.3 107182 116204.9 126816.8 122917.8 109225.8 103457.7 206895.2 214965.2 
54508.65 44657.61 38066.96 33866.79 31308.14 29695.29 28720.39 28187.96 27840.51 27609.01 27501.72 27467.41 27447.09 27342.11 27331.21 27355.29 27298.73 27315.83 27348.26 27335.51 27351.76 27353.45 27287.99 27267.41 27335.79 27331.2 27314.59 27316.75 27354.75 27362.43 27341.55 27385.07 27377.87 27348.43 27384.98 27362.33 27373.46 27383.91 27361.77 27267.57 27300.89 27744.62 27416.93 26729.39 25832.62 24861.51 24007.66 23269.78 22333.07 21584.8 20786.62 20249.66 19718.41 19076.36 18522.37 18010.81 17568.24 17066.22 16551.83 15998.37 15580.45 15117.03 14681.61 14138.05 13719.15 13301.88 12959.26 12553.14 12027.34 12968.39 14299.13 16509.69 19751.58 22469.68 25287.84 32896.73 45320.52 57151.38 64217.18 86939.72 116373.8 123429.8 103836.8 92750.26 91145.52 91358.16 88971.59 91968.36 95802.04 100784.9 107407.4 116776.4 126818.7 122477.8 109021.8 103990.5 207528.7 224745.1 
54508.65 44507.81 37908.36 33669.55 31070.84 29500.66 28504.46 27946.51 27692.32 27522.21 27375.91 27369.05 27298.48 27297.97 27279.96 27224.57 27234.85 27175.19 27185.65 27216.33 27301.92 27371.11 27418.09 27420.98 27391.3 27369.62 27368.9 27381.41 27311.97 27301.88 27286.12 27362.22 27375.98 27300.88 27304.4 27346.52 27316.76 27272.58 27205.82 27241.43 27288.2 27723.01 27451.57 26789.82 25893.73 24927.5 24012.14 23248.68 22416.32 21652.16 20981.75 20387.16 19686.82 19189.7 18657.05 18079.7 17568.18 17067.76 16538.07 16062.82 15608.77 15081.88 14568.05 14160.26 13654.86 13309.12 12978.74 12557.42 12062.64 12992.04 14330.14 16490.04 19751.09 22538.76 25361.22 32979.68 45335.83 57192.38 64363.69 86840.91 116469.7 123501.2 104334.4 92808.55 91022.98 91044.99 89047.1 91704.85 95911.69 101402.7 107525.1 116738.4 126978.2 122943 108925.4 103929.5 207471.3 NA 
54508.65 44465.76 37937.7 33775.32 31191.95 29583.73 28610.76 28096.24 27702.94 27556.62 27476.14 27436.84 27312.15 27310.66 27330.42 27260.65 27326.26 27325.05 27326.6 27293.84 27280.14 27350.7 27309.35 27247.58 27269.62 27288.22 27274.86 27321.18 27377.01 27297.98 27376.8 27315.13 27258.69 27368.11 27408.27 27399.85 27334.2 27418.92 27387.6 27400.81 27324.38 27811.68 27560.52 26804.08 25978.22 25017.44 24085.27 23247.01 22449.61 21654.77 20863.16 20387.1 19735.52 19144.09 18624.9 18001.95 17473.83 16975.42 16458.01 16033.14 15643.34 15156.07 14637.16 14198.02 13737.57 13268.17 12926.73 12519.74 12008.09 12932.22 14307.76 16498.91 19833.98 22457.44 25357.61 32942.77 45477.6 57248.88 64202.52 86923.42 116313.3 123501.6 104037.8 92932.88 90801.2 91149.28 89191.87 91985.3 95714.32 100964.1 107289.5 116444.6 126956.7 122951.7 109146 103466.3 NA NA 
54508.65 44599.41 38164.22 33914 31323.36 29666.48 28661.35 28035.33 27714.2 27550.06 27430.7 27373.88 27337.28 27269.8 27289.87 27321.65 27318.18 27310.59 27368.9 27291.65 27230.3 27185.54 27232.73 27276.85 27324.55 27335.58 27282.81 27253.95 27246.35 27280.42 27281.14 27274.97 27230.55 27271.25 27338.85 27328.23 27296.1 27380.46 27333.77 27331.22 27307.31 27761.41 27477.81 26702.12 25879.02 24925 23977.3 23171.77 22415.62 21614.68 20934.68 20328.35 19715.09 19133.83 18645.21 18100.79 17582.22 17100.63 16585.44 16071.56 15574.81 15112.61 14625.16 14142.34 13689.34 13320.46 13003.77 12555.79 12016.92 12969.19 14359.02 16480.53 19776.42 22489.08 25258.56 32859.84 45357.4 57280.13 64158.03 87009.03 116314.8 123402 104244.2 92454.08 91206.64 91175.06 89139.44 92117.29 95947.94 101313.9 107367.9 116572.5 127140.2 122521.7 108820.9 103546.8 NA NA 
54508.65 44518.08 38096.58 33914.17 31356.11 29755.31 28775.04 28181.79 27840.06 27639.07 27455.64 27441.2 27452.32 27459.62 27409.54 27372.3 27386.93 27403.11 27417.45 27334.27 27305.98 27363.13 27336.55 27324.75 27300.27 27265.86 27321.8 27432.23 27380.04 27363.73 27357.04 27348.6 27252.92 27314.98 27327.81 27301.79 27293.1 27340.57 27301.87 27375.11 27315.75 27797.65 27414.51 26774.89 25927.49 25004.76 23942.5 23176.15 22331.47 21535.77 20938.41 20319.78 19782.25 19110.86 18547.08 17992.94 17546.98 17086.45 16487.41 16019.13 15604.26 15119.14 14660.2 14197.82 13649.32 13212 12929.76 12478.11 11981.15 12981.79 14279.44 16486.36 19709.94 22453.97 25280.52 32890.39 45228.2 57059.7 64354.54 86802.94 116441.1 123772.7 104038.5 92999.83 91379.83 91419.09 89242.94 92054.02 95766 100991.8 107192.6 116385.8 126786.8 122288.1 108188 103589.9 NA NA 
54508.65 44726.31 38199.52 33973.99 31358.85 29799.32 28771.13 28174.37 27813.03 27571.91 27446.03 27398.74 27344.63 27317.58 27299.26 27287.08 27277.23 27238.57 27260.03 27334.52 27294.7 27256.6 27266.7 27227.08 27236.62 27259.91 27164.25 27202.34 27213.99 27229.13 27315.86 27256.95 27276.26 27309.1 27234.07 27300.37 27335.2 27384.14 27332.9 27314.81 27270.51 27721.86 27476.13 26752.02 25959.28 24981.14 24002.66 23276.18 22442.01 21599.25 20759.87 20239.59 19723.93 19165.29 18579.69 18076.71 17603.23 17048.56 16459.34 16013.33 15607.08 15139.39 14692.06 14186.27 13686.99 13292.53 12959.04 12537.56 12044.32 12973.33 14320.01 16485.76 19765.73 22489.1 25325.15 32951.4 45287.65 57173.98 64444.46 86745.48 116305.9 123872.8 104150.7 92764.92 91252.3 91300.96 89047.6 91547.04 96097.6 101651.2 107084.9 116252.8 126617.6 122573.6 108771.8 103644.6 NA NA 
54508.65 44629.64 38111.68 33874.75 31218.45 29644.57 28651.61 28168.89 27815.37 27578.93 27478.23 27344.11 27301.38 27297.37 27260.66 27196.08 27246.03 27272.55 27176.94 27223.08 27211.79 27164.07 27177.1 27244 27224.7 27287.2 27299.92 27290.03 27299.63 27301.07 27343.88 27293.16 27197.88 27280.17 27221.93 27216.58 27214.56 27252.19 27319.78 27289.51 27281.23 27570.18 27328.54 26710.87 25882.91 25000.54 23955.98 23119.34 22411.39 21663.42 20927.6 20347.68 19770.06 19166.97 18604.26 18075.17 17567.86 17103.51 16546.09 16042.16 15613.85 15111.94 14591.09 14159 13690.79 13333.08 12959.48 12472.87 11974.01 12958.48 14364.74 16502.82 19685.79 22420.01 25220.06 32963.47 45371.85 57094.5 64276.88 86910.57 116438.7 123629.8 104399.8 92500.21 90831.29 91147.54 89104.03 92019.69 95864.27 101033 107080.2 115984.6 126691.7 122269.2 108886 103709.2 NA NA 
#cpue index 
47304.5 37740.31 31206.82 27026.09 24379.24 22760.25 21803.68 21227.9 20842.86 20623.44 20460.2 20390.88 20366.54 20404.34 20426.66 20413.14 20409.25 20399.34 20355.08 20352.54 20326.29 20238.96 20346.23 20347.53 20340.42 20299.84 20333.95 20268.48 20258.42 20225.92 20242.78 20210.8 20185.66 20241.05 20256.43 20241.67 20280.35 20335.87 20374.08 20390.15 20342.31 20651.53 20411.42 19611.18 18674.44 17790.94 16914.92 16213.16 15593.66 14966.86 14316.5 13795.35 13453.59 12938.82 12638.3 12255.86 11902.38 11526.23 11151.42 10866.12 10626.77 10278.07 9960.853 9725.942 9407.136 9136.082 8777.681 8803.501 8788.673 9035.299 10832.08 12472.11 15460.95 19008.14 21696.9 28432.67 41398.62 55060.04 64836.03 88871.36 120445.8 130186.7 110630.7 98714.31 98771.25 99612.86 98386.39 102127.2 107849.5 114176 122337.4 133669.5 146917.1 141896.8 126267.5 120906 121278.7 78876.85 
47304.5 37604.85 30932.29 26786.57 24254.02 22759.98 21766.11 21143.31 20807.98 20608.1 20436.02 20324.42 20350.2 20311.07 20340.42 20327.04 20275.01 20247.91 20300.87 20329.78 20351.43 20338.15 20304.51 20263.55 20305.86 20362.74 20331.52 20320.55 20349.48 20301.62 20255.87 20327.47 20358.09 20364.71 20379.04 20446.31 20505.94 20492.43 20456.87 20398.2 20413.69 20737.73 20350.08 19694.27 18722.94 17754.85 16920.83 16220.52 15490.01 14848.66 14290.27 13835.05 13462.62 13031.95 12598.92 12246.56 11848.78 11537.48 11169.34 10847.39 10550.1 10202.43 9911.542 9747.155 9388.572 9103.545 8730.564 8774.035 8804.316 9028.702 10858 12472 15496.66 19078.85 21589.45 28413.18 41388.75 55173.84 64816.07 88767.72 120511 129988.3 110526.8 98865.1 98665.45 99636.43 97980.2 102046.8 107486 113934 122406.5 134097 147163.7 142191.5 126596.9 121277.8 121649.3 115940 
47304.5 37566.71 31092.01 26912.46 24197.29 22652.04 21725.55 21118.35 20833.99 20595.94 20523.21 20375.59 20286.57 20283.05 20238.32 20294.4 20302.65 20342.8 20299.99 20279.16 20250.48 20279.41 20376.56 20394.87 20462.75 20376.77 20385.52 20376.61 20411.77 20403.87 20414.14 20394.43 20364.17 20349.33 20385.74 20254.27 20290.98 20296.4 20284.42 20244.64 20276.92 20680.14 20336.48 19688.86 18861.9 17897.97 16972.22 16224.88 15473.58 14905.66 14261.12 13821.96 13395.49 12954.76 12601.06 12292.02 11889.48 11559.31 11161.14 10838.76 10578.18 10261.44 9975.515 9663.128 9371.246 9101.412 8815.838 8835.659 8801.268 9036.818 10896.46 12402.12 15362.84 19084.92 21603.14 28476.69 41403 55349.58 64899.9 88439.28 120347.5 130343 111054.6 98610.07 98590.75 99398.23 97723.87 102105.3 107439.2 114304.1 122298.9 133752.4 147042.2 142467.5 127073.3 121225.6 121597.1 96542.36 
47304.5 37645.23 31095.2 26900.24 24335.27 22719.24 21741.76 21211.44 20871.12 20640.82 20530.24 20491.01 20466.08 20358.03 20346.17 20375.75 20324.45 20342.12 20373.69 20363.67 20381.9 20381.2 20314.19 20296.1 20363.88 20357.01 20337.61 20335.64 20371.52 20386.37 20372.37 20410.81 20399.01 20372.82 20412.24 20388.78 20396.75 20410.66 20391.35 20297.71 20328.2 20661.22 20283.29 19575.86 18686.37 17749.32 16970.58 16300.82 15478.99 14844.9 14188.57 13769.76 13378.56 12897.69 12497.06 12151.81 11876.64 11551.05 11208.66 10819.42 10566.68 10280.49 10016.66 9638.452 9388.901 9130.658 8808.436 8862.862 8780.191 9050.324 10882.27 12511.21 15452.1 19104.39 21612.39 28413.54 41412.67 55171.8 64530.11 88615.4 120350.5 130026 110397.6 98822.01 98593.61 99564.4 97926.23 102192.5 107459.5 114017.5 122547.5 134368.4 147040.1 141984.9 126863.9 121816.1 122187.4 107362.6 
47304.5 37499.21 30940.74 26709.14 24106.8 22536.22 21541.41 20975.68 20712.15 20541.72 20399.04 20391.14 20328.31 20330.68 20311.97 20256.93 20262.29 20202.49 20214.38 20247.76 20324.88 20388.94 20438.38 20443.16 20413.1 20392.69 20395.96 20407.38 20343.17 20334.68 20315.31 20386.91 20405.27 20333.86 20333.31 20371 20338.73 20294.89 20234.84 20271.39 20319.19 20640.37 20314.99 19634.48 18750.39 17823.96 16983.27 16287.55 15564.97 14908.8 14371.63 13903.39 13351.53 13010.17 12631.61 12221.47 11874.96 11544.21 11192.22 10887.54 10601.44 10244.94 9899.985 9661.822 9326.236 9130.213 8824.955 8868.921 8819.597 9070.761 10913.32 12492.49 15442.09 19158.8 21691.18 28502.26 41432.77 55209.48 64679.28 88511.49 120455.5 130100.2 110922.3 98881.61 98466.1 99232.64 98008.78 101911.8 107588.6 114698.2 122675.9 134330.5 147191.8 142471.3 126736.1 121727.6 122097.7 NA 
47304.5 37460.75 30969.15 26806.29 24220.93 22610.83 21634.65 21117.84 20729.8 20581.92 20496.95 20456.94 20340.67 20338.14 20355.87 20284.18 20343.39 20349.93 20356.17 20323.7 20306.24 20373.46 20338.51 20276.12 20293.11 20310.45 20295.83 20340.74 20402.49 20330.32 20396.1 20332.66 20280.12 20388.05 20428.97 20421.96 20361.68 20439.08 20404.32 20417.46 20347.39 20716.65 20416.11 19648.35 18830.13 17906.35 17052.86 16281.84 15585.8 14908.24 14257.15 13902.93 13399.07 12962.83 12600 12153.58 11791.07 11455.98 11111.64 10854.39 10629.5 10315.47 9971.965 9698.273 9401.504 9092.612 8776.973 8831.824 8764.033 9012.558 10888.82 12495.39 15526.85 19084.09 21683.75 28456.77 41571.1 55282.26 64512.75 88590.18 120289 130105 110606.7 99015.83 98230.41 99344.48 98163 102215.2 107376.6 114225.4 122428.1 134006.4 147180.1 142490.4 126993 121240.2 NA NA 
47304.5 37589.47 31188.33 26945.06 24353.47 22699.79 21692.49 21060.87 20736.26 20574.36 20455.45 20397.49 20363.08 20297.37 20313.72 20345.79 20348.18 20342.87 20397.91 20325.84 20263.06 20213.91 20254.49 20295.22 20343.41 20357.45 20307.36 20281.01 20276.01 20307.67 20304.87 20298.71 20262.5 20303.2 20365.08 20352.86 20319.64 20403.18 20361.94 20354.82 20332.22 20672.04 20339.73 19547.97 18729.08 17815.51 16946.48 16211.08 15557.61 14874.57 14330.39 13843.3 13374.41 12952.65 12621.19 12248.67 11891.58 11580.95 11234.89 10890.48 10568.15 10274.29 9959.101 9644.182 9356.54 9145.543 8853.471 8870.325 8771.791 9046.655 10943.61 12480.85 15472.14 19118.23 21582.2 28386.68 41432.97 55308.33 64467.53 88679.92 120291.6 130000.9 110827.2 98504.72 98660.32 99372.61 98108.89 102354.9 107623.6 114594.8 122501 134150 147376.2 142012.5 126633.3 121319.6 NA NA 
47304.5 37510.96 31126.8 26950.76 24387.48 22783.44 21798.77 21203.58 20862.46 20663.36 20485.51 20465.84 20475.62 20488.21 20438.73 20396.34 20405.96 20422.32 20436.11 20354.95 20330.05 20388.35 20366.36 20355.11 20328.8 20296.82 20354.17 20459.53 20407.41 20388.78 20384.95 20379.67 20288.61 20342.94 20353.6 20329.44 20317.15 20359.2 20326.31 20398.51 20343 20709.16 20281 19616.18 18777.9 17895.21 16913.52 16210.64 15476.64 14796.92 14327.28 13833.49 13443.7 12937.29 12526.52 12138.84 11851.5 11561.48 11149.46 10847.06 10597.25 10281.58 9991.664 9698.943 9322.067 9041.714 8777.915 8796.09 8736.766 9060.671 10861.2 12491.26 15415.89 19079.36 21604.11 28409.86 41322.12 55068.22 64674.19 88464.79 120421.5 130391.5 110608 99087.41 98837.91 99631.21 98216.38 102287.2 107422.6 114248.5 122322.9 133948.4 146989.1 141752.2 125933.5 121371.6 NA NA 
47304.5 37712.74 31219.5 27000.82 24388.59 22822.63 21794.42 21197.82 20837.25 20597.57 20471.42 20420.87 20366.11 20339.71 20320.36 20307.57 20296.58 20258.16 20278.54 20352.62 20318.41 20281.25 20287.89 20249.9 20259.78 20283.04 20190.77 20225.59 20240.48 20256 20339.52 20286.45 20305.7 20335.4 20264.27 20326.51 20358 20405.62 20362.29 20346.73 20302.19 20634.12 20336.17 19600.93 18815.15 17873.83 16978.33 16319.64 15585.46 14861.35 14167.43 13761.85 13383.64 12983.75 12556.67 12218.82 11910.34 11530.94 11118.09 10834.43 10596.27 10298.93 10019.81 9686.578 9358.663 9119.365 8807.277 8852.027 8800.529 9050.342 10906.72 12487.25 15462.66 19116.01 21644.75 28469.27 41370.14 55197.3 64774.77 88405.59 120275.8 130498.9 110727.4 98835.75 98707.21 99504.35 98011.16 101742 107784.9 114961.9 122201.7 133794.1 146799.9 142072.4 126574.2 121437.9 NA NA 
47304.5 37619.2 31137.51 26906.76 24248.53 22669.6 21678.68 21194.08 20846.91 20613.99 20506.03 20367.71 20326.16 20326.05 20289.01 20219.87 20267.49 20298.35 20203.93 20244.07 20238.61 20194.38 20202.77 20264.4 20245.83 20305.35 20324.38 20319.87 20326.92 20326.35 20366.92 20320.48 20228.6 20300.94 20246.77 20245.2 20245.65 20281.54 20343.66 20315.35 20307.3 20487.85 20190.89 19551.65 18733.4 17883.05 16918.09 16151.27 15546.48 14918.86 14325.75 13870.49 13437.52 12990.98 12580.82 12216.15 11874.38 11582.19 11205.88 10866.87 10604.31 10273.93 9923.855 9662.074 9360.811 9158.575 8810.671 8791.898 8731.895 9035.353 10943.9 12497.12 15386.64 19040.98 21542.44 28485.28 41462.57 55108.41 64594.63 88575.5 120424.6 130240.5 110987.8 98558.28 98259.3 99344.51 98071.63 102247.4 107533.2 114297.4 122189.2 133509.2 146879.7 141730.6 126697.9 121503.5 NA NA 
# 
#BMSY begin 
9566.694 
#FMSY begin 
110268.8 
#BMSY end 
11031.43 
#FMSY end 
109636.2 
#B35in 
NA NA NA NA NA NA NA NA NA NA NA NA NA NA NA NA NA NA NA NA NA NA NA NA NA NA NA NA NA NA NA NA NA NA NA NA NA NA NA NA NA NA NA NA NA NA NA NA NA NA NA NA NA NA NA NA NA NA NA NA NA NA NA NA NA NA NA NA NA NA NA NA NA NA NA NA NA NA NA NA NA NA NA NA NA NA NA NA NA NA NA NA NA NA NA 11244.81 11811.11 12395.49 
NA NA NA NA NA NA NA NA NA NA NA NA NA NA NA NA NA NA NA NA NA NA NA NA NA NA NA NA NA NA NA NA NA NA NA NA NA NA NA NA NA NA NA NA NA NA NA NA NA NA NA NA NA NA NA NA NA NA NA NA NA NA NA NA NA NA NA NA NA NA NA NA NA NA NA NA NA NA NA NA NA NA NA NA NA NA NA NA NA NA NA NA NA NA NA 11245.97 11812.05 12397.57 
NA NA NA NA NA NA NA NA NA NA NA NA NA NA NA NA NA NA NA NA NA NA NA NA NA NA NA NA NA NA NA NA NA NA NA NA NA NA NA NA NA NA NA NA NA NA NA NA NA NA NA NA NA NA NA NA NA NA NA NA NA NA NA NA NA NA NA NA NA NA NA NA NA NA NA NA NA NA NA NA NA NA NA NA NA NA NA NA NA NA NA NA NA NA NA 11247.37 11813.22 12398.21 
NA NA NA NA NA NA NA NA NA NA NA NA NA NA NA NA NA NA NA NA NA NA NA NA NA NA NA NA NA NA NA NA NA NA NA NA NA NA NA NA NA NA NA NA NA NA NA NA NA NA NA NA NA NA NA NA NA NA NA NA NA NA NA NA NA NA NA NA NA NA NA NA NA NA NA NA NA NA NA NA NA NA NA NA NA NA NA NA NA NA NA NA NA NA NA 11245.98 11812.24 12397.41 
NA NA NA NA NA NA NA NA NA NA NA NA NA NA NA NA NA NA NA NA NA NA NA NA NA NA NA NA NA NA NA NA NA NA NA NA NA NA NA NA NA NA NA NA NA NA NA NA NA NA NA NA NA NA NA NA NA NA NA NA NA NA NA NA NA NA NA NA NA NA NA NA NA NA NA NA NA NA NA NA NA NA NA NA NA NA NA NA NA NA NA NA NA NA NA 11243.12 11809.82 NA 
NA NA NA NA NA NA NA NA NA NA NA NA NA NA NA NA NA NA NA NA NA NA NA NA NA NA NA NA NA NA NA NA NA NA NA NA NA NA NA NA NA NA NA NA NA NA NA NA NA NA NA NA NA NA NA NA NA NA NA NA NA NA NA NA NA NA NA NA NA NA NA NA NA NA NA NA NA NA NA NA NA NA NA NA NA NA NA NA NA NA NA NA NA NA NA 11249.43 NA NA 
NA NA NA NA NA NA NA NA NA NA NA NA NA NA NA NA NA NA NA NA NA NA NA NA NA NA NA NA NA NA NA NA NA NA NA NA NA NA NA NA NA NA NA NA NA NA NA NA NA NA NA NA NA NA NA NA NA NA NA NA NA NA NA NA NA NA NA NA NA NA NA NA NA NA NA NA NA NA NA NA NA NA NA NA NA NA NA NA NA NA NA NA NA NA NA 11244.61 NA NA 
NA NA NA NA NA NA NA NA NA NA NA NA NA NA NA NA NA NA NA NA NA NA NA NA NA NA NA NA NA NA NA NA NA NA NA NA NA NA NA NA NA NA NA NA NA NA NA NA NA NA NA NA NA NA NA NA NA NA NA NA NA NA NA NA NA NA NA NA NA NA NA NA NA NA NA NA NA NA NA NA NA NA NA NA NA NA NA NA NA NA NA NA NA NA NA 11242.97 NA NA 
NA NA NA NA NA NA NA NA NA NA NA NA NA NA NA NA NA NA NA NA NA NA NA NA NA NA NA NA NA NA NA NA NA NA NA NA NA NA NA NA NA NA NA NA NA NA NA NA NA NA NA NA NA NA NA NA NA NA NA NA NA NA NA NA NA NA NA NA NA NA NA NA NA NA NA NA NA NA NA NA NA NA NA NA NA NA NA NA NA NA NA NA NA NA NA 11244.23 NA NA 
NA NA NA NA NA NA NA NA NA NA NA NA NA NA NA NA NA NA NA NA NA NA NA NA NA NA NA NA NA NA NA NA NA NA NA NA NA NA NA NA NA NA NA NA NA NA NA NA NA NA NA NA NA NA NA NA NA NA NA NA NA NA NA NA NA NA NA NA NA NA NA NA NA NA NA NA NA NA NA NA NA NA NA NA NA NA NA NA NA NA NA NA NA NA NA 11242.46 NA NA 
#F35in 
0 0 0 0 0 0 0 0 0 0 0 0 0 0 0 0 0 0 0 0 0 0 0 0 0 0 0 0 0 0 0 0 0 0 0 0 0 0 0 0 0 0 0 0 0 0 0 0 0 0 0 0 0 0 0 0 0 0 0 0 0 0 0 0 0 0 0 0 0 0 0 0 0 0 0 0 0 0 0 0 0 0 0 0 0 0 0 0 0 0 0 0 0 0 0 0.5256257 0.5315568 0.5396037 
#OFL 
NA NA NA NA NA NA NA NA NA NA NA NA NA NA NA NA NA NA NA NA NA NA NA NA NA NA NA NA NA NA NA NA NA NA NA NA NA NA NA NA NA NA NA NA NA NA NA NA NA NA NA NA NA NA NA NA NA NA NA NA NA NA NA NA NA NA NA NA NA NA NA NA NA NA NA NA NA NA NA NA NA NA NA NA NA NA NA NA NA NA NA NA NA NA NA NA 40291.34 26554.63 
NA NA NA NA NA NA NA NA NA NA NA NA NA NA NA NA NA NA NA NA NA NA NA NA NA NA NA NA NA NA NA NA NA NA NA NA NA NA NA NA NA NA NA NA NA NA NA NA NA NA NA NA NA NA NA NA NA NA NA NA NA NA NA NA NA NA NA NA NA NA NA NA NA NA NA NA NA NA NA NA NA NA NA NA NA NA NA NA NA NA NA NA NA NA NA NA 40413.84 38973.8 
NA NA NA NA NA NA NA NA NA NA NA NA NA NA NA NA NA NA NA NA NA NA NA NA NA NA NA NA NA NA NA NA NA NA NA NA NA NA NA NA NA NA NA NA NA NA NA NA NA NA NA NA NA NA NA NA NA NA NA NA NA NA NA NA NA NA NA NA NA NA NA NA NA NA NA NA NA NA NA NA NA NA NA NA NA NA NA NA NA NA NA NA NA NA NA NA 40396.52 32473.95 
NA NA NA NA NA NA NA NA NA NA NA NA NA NA NA NA NA NA NA NA NA NA NA NA NA NA NA NA NA NA NA NA NA NA NA NA NA NA NA NA NA NA NA NA NA NA NA NA NA NA NA NA NA NA NA NA NA NA NA NA NA NA NA NA NA NA NA NA NA NA NA NA NA NA NA NA NA NA NA NA NA NA NA NA NA NA NA NA NA NA NA NA NA NA NA NA 40592.13 36099.69 
NA NA NA NA NA NA NA NA NA NA NA NA NA NA NA NA NA NA NA NA NA NA NA NA NA NA NA NA NA NA NA NA NA NA NA NA NA NA NA NA NA NA NA NA NA NA NA NA NA NA NA NA NA NA NA NA NA NA NA NA NA NA NA NA NA NA NA NA NA NA NA NA NA NA NA NA NA NA NA NA NA NA NA NA NA NA NA NA NA NA NA NA NA NA NA NA 40562.12 NA 
NA NA NA NA NA NA NA NA NA NA NA NA NA NA NA NA NA NA NA NA NA NA NA NA NA NA NA NA NA NA NA NA NA NA NA NA NA NA NA NA NA NA NA NA NA NA NA NA NA NA NA NA NA NA NA NA NA NA NA NA NA NA NA NA NA NA NA NA NA NA NA NA NA NA NA NA NA NA NA NA NA NA NA NA NA NA NA NA NA NA NA NA NA NA NA NA NA NA 
NA NA NA NA NA NA NA NA NA NA NA NA NA NA NA NA NA NA NA NA NA NA NA NA NA NA NA NA NA NA NA NA NA NA NA NA NA NA NA NA NA NA NA NA NA NA NA NA NA NA NA NA NA NA NA NA NA NA NA NA NA NA NA NA NA NA NA NA NA NA NA NA NA NA NA NA NA NA NA NA NA NA NA NA NA NA NA NA NA NA NA NA NA NA NA NA NA NA 
NA NA NA NA NA NA NA NA NA NA NA NA NA NA NA NA NA NA NA NA NA NA NA NA NA NA NA NA NA NA NA NA NA NA NA NA NA NA NA NA NA NA NA NA NA NA NA NA NA NA NA NA NA NA NA NA NA NA NA NA NA NA NA NA NA NA NA NA NA NA NA NA NA NA NA NA NA NA NA NA NA NA NA NA NA NA NA NA NA NA NA NA NA NA NA NA NA NA 
NA NA NA NA NA NA NA NA NA NA NA NA NA NA NA NA NA NA NA NA NA NA NA NA NA NA NA NA NA NA NA NA NA NA NA NA NA NA NA NA NA NA NA NA NA NA NA NA NA NA NA NA NA NA NA NA NA NA NA NA NA NA NA NA NA NA NA NA NA NA NA NA NA NA NA NA NA NA NA NA NA NA NA NA NA NA NA NA NA NA NA NA NA NA NA NA NA NA 
NA NA NA NA NA NA NA NA NA NA NA NA NA NA NA NA NA NA NA NA NA NA NA NA NA NA NA NA NA NA NA NA NA NA NA NA NA NA NA NA NA NA NA NA NA NA NA NA NA NA NA NA NA NA NA NA NA NA NA NA NA NA NA NA NA NA NA NA NA NA NA NA NA NA NA NA NA NA NA NA NA NA NA NA NA NA NA NA NA NA NA NA NA NA NA NA NA NA 
