# Number of parameters = 77 Objective function value = 26742.4529394949  Maximum gradient component = 0.000634467417600502
# srv_sel50:
0.909624618339
# srv_sel95:
0.994656807857
# stNatLen:
 12.1384953502 11.5287661956 10.8403832473 10.1005316897 9.43067953901 8.87340260566 8.42195388576 8.05844699664 7.76647340772 7.53340838945 7.35004637387 7.20982520230 7.10817533730 7.04204811532 7.00951478428
# log_avg_fmort_dir:
-0.476489865348
# fmort_dir_dev:
 -0.986679046037 -0.931886444854 -0.516108974148 -0.496347881478 -0.543983936933 -0.447594554422 -0.330770144344 -0.281339516828 -0.0951518017726 0.142292023347 0.215521170300 0.146666037480 0.304600887399 0.225338594263 0.403003853630 0.376706160657 0.391223733637 0.194392791978 0.219159684917 0.261823069831 0.413856448111 0.214025916304 0.0513808580651 0.151658545277 0.216054195568 0.323039501884 0.126190575114 0.252928253056
# mean_log_rec:
13.9898016437
# rec_dev:
 -2.66355826927 -3.90900202047 -2.44438920982 -1.01343840474 -0.795003895971 -0.303988157155 -0.0708862250345 0.0796880413289 0.173477645620 0.278726836812 0.447158171557 0.632672751463 0.641599613765 0.703200031685 0.672248556852 0.596477228547 0.560292732560 0.614240257907 0.523259933385 0.508312039023 0.410829185196 0.445143539856 0.593171603544 0.629440210363 0.603963210987 0.618384891222 0.733989833969 0.733989866812
# log_avg_NatM:
-0.940144300000
# m_dev:
 0.00000000000 0.00000000000 0.00000000000 0.00000000000 0.00000000000 0.00000000000 0.00000000000 0.00000000000 0.00000000000 0.00000000000 0.00000000000 0.00000000000 0.00000000000 0.00000000000 0.00000000000 0.00000000000 0.00000000000 0.00000000000 0.00000000000 0.00000000000 0.00000000000 0.00000000000 0.00000000000 0.00000000000 0.00000000000 0.00000000000 0.00000000000 0.00000000000
# log_avg_GrowthK:
-1.02151300000
# log_avg_Linf:
3.36611700000
# GrowthK_dev:
 0.00000000000 0.00000000000 0.00000000000 0.00000000000 0.00000000000 0.00000000000 0.00000000000 0.00000000000 0.00000000000 0.00000000000 0.00000000000 0.00000000000 0.00000000000 0.00000000000 0.00000000000 0.00000000000 0.00000000000 0.00000000000 0.00000000000 0.00000000000 0.00000000000 0.00000000000 0.00000000000 0.00000000000 0.00000000000 0.00000000000 0.00000000000 0.00000000000
# Linf_dev:
 0.00000000000 0.00000000000 0.00000000000 0.00000000000 0.00000000000 0.00000000000 0.00000000000 0.00000000000 0.00000000000 0.00000000000 0.00000000000 0.00000000000 0.00000000000 0.00000000000 0.00000000000 0.00000000000 0.00000000000 0.00000000000 0.00000000000 0.00000000000 0.00000000000 0.00000000000 0.00000000000 0.00000000000 0.00000000000 0.00000000000 0.00000000000 0.00000000000
# SelPars50:
0.438161273307
# SelPars95:
1.70896106420
# SelPars_dev50:
 0.00000000000 0.00000000000 0.00000000000 0.00000000000 0.00000000000 0.00000000000 0.00000000000 0.00000000000 0.00000000000 0.00000000000 0.00000000000 0.00000000000 0.00000000000 0.00000000000 0.00000000000 0.00000000000 0.00000000000 0.00000000000 0.00000000000 0.00000000000 0.00000000000 0.00000000000 0.00000000000 0.00000000000 0.00000000000 0.00000000000 0.00000000000 0.00000000000
# SelPars_dev95:
 0.00000000000 0.00000000000 0.00000000000 0.00000000000 0.00000000000 0.00000000000 0.00000000000 0.00000000000 0.00000000000 0.00000000000 0.00000000000 0.00000000000 0.00000000000 0.00000000000 0.00000000000 0.00000000000 0.00000000000 0.00000000000 0.00000000000 0.00000000000 0.00000000000 0.00000000000 0.00000000000 0.00000000000 0.00000000000 0.00000000000 0.00000000000 0.00000000000
