# Number of parameters = 80 Objective function value = 19282.3127794341  Maximum gradient component = 0.000455287856078950
# srv_sel50:
1.40409670941
# srv_sel95:
2.66475754888
# stNatLen:
 11.8396871316 9.93604802845 8.31367155616 7.23959995120 6.49283172196 5.93464520314 5.50011412163 5.15458309229 4.87744186120 4.65555614819 4.48018931310 4.34540477829 4.24717812641 4.18288531143 4.15101008415
# log_avg_fmort_dir:
0.546465747028
# fmort_dir_dev:
 -1.09730330871 -0.379409825131 -0.214734725759 -0.441868657376 -0.711721477234 -0.273488204589 -0.211836014528 -0.0937947245175 -0.0342268655035 -0.0505729432969 -0.109983749686 0.0347464783819 0.0886848998238 0.0610719329697 0.0976090969765 0.176398654642 0.195348746584 0.206532929874 0.290851782620 0.240431493041 0.148427583552 0.237693474209 0.247273194673 0.264484178947 0.292536776509 0.337453738489 0.461810918111 0.0695153771423 0.168069239785
# mean_log_rec:
14.5811454545
# rec_dev:
 -2.15432015828 -1.94328983047 -1.80726168151 -1.00565254571 -0.912520844601 -1.03951947623 -0.649568336200 -0.395564663939 -0.220115031075 -0.00323529393102 0.265652301289 0.456235143631 0.600936743012 0.577257859353 0.444906201119 0.357058217657 0.282659150944 0.249665472335 0.289694930301 0.354654104879 0.450298613253 0.531418913585 0.601760618605 0.652762207378 0.695181813294 0.651889933418 0.689091850941 0.989961892150 0.989961894804
# log_avg_NatM:
0.408051067257
# m_dev:
 0.00000000000 0.00000000000 0.00000000000 0.00000000000 0.00000000000 0.00000000000 0.00000000000 0.00000000000 0.00000000000 0.00000000000 0.00000000000 0.00000000000 0.00000000000 0.00000000000 0.00000000000 0.00000000000 0.00000000000 0.00000000000 0.00000000000 0.00000000000 0.00000000000 0.00000000000 0.00000000000 0.00000000000 0.00000000000 0.00000000000 0.00000000000 0.00000000000 0.00000000000
# log_avg_GrowthK:
-1.19613400000
# log_avg_Linf:
3.45239700000
# GrowthK_dev:
 0.00000000000 0.00000000000 0.00000000000 0.00000000000 0.00000000000 0.00000000000 0.00000000000 0.00000000000 0.00000000000 0.00000000000 0.00000000000 0.00000000000 0.00000000000 0.00000000000 0.00000000000 0.00000000000 0.00000000000 0.00000000000 0.00000000000 0.00000000000 0.00000000000 0.00000000000 0.00000000000 0.00000000000 0.00000000000 0.00000000000 0.00000000000 0.00000000000 0.00000000000
# Linf_dev:
 0.00000000000 0.00000000000 0.00000000000 0.00000000000 0.00000000000 0.00000000000 0.00000000000 0.00000000000 0.00000000000 0.00000000000 0.00000000000 0.00000000000 0.00000000000 0.00000000000 0.00000000000 0.00000000000 0.00000000000 0.00000000000 0.00000000000 0.00000000000 0.00000000000 0.00000000000 0.00000000000 0.00000000000 0.00000000000 0.00000000000 0.00000000000 0.00000000000 0.00000000000
# SelPars50:
1.04550930313
# SelPars95:
1.16722749414
# SelPars_dev50:
 0.00000000000 0.00000000000 0.00000000000 0.00000000000 0.00000000000 0.00000000000 0.00000000000 0.00000000000 0.00000000000 0.00000000000 0.00000000000 0.00000000000 0.00000000000 0.00000000000 0.00000000000 0.00000000000 0.00000000000 0.00000000000 0.00000000000 0.00000000000 0.00000000000 0.00000000000 0.00000000000 0.00000000000 0.00000000000 0.00000000000 0.00000000000 0.00000000000 0.00000000000
# SelPars_dev95:
 0.00000000000 0.00000000000 0.00000000000 0.00000000000 0.00000000000 0.00000000000 0.00000000000 0.00000000000 0.00000000000 0.00000000000 0.00000000000 0.00000000000 0.00000000000 0.00000000000 0.00000000000 0.00000000000 0.00000000000 0.00000000000 0.00000000000 0.00000000000 0.00000000000 0.00000000000 0.00000000000 0.00000000000 0.00000000000 0.00000000000 0.00000000000 0.00000000000 0.00000000000
