# Number of parameters = 77 Objective function value = 19581.8284854946  Maximum gradient component = 0.0253516858707888
# srv_sel50:
0.968064319160
# srv_sel95:
1.08618189725
# stNatLen:
 10.5686249784 9.41070690991 7.97773680437 6.99974674472 6.33865970049 5.85292924885 5.47817319602 5.18158884668 4.94432601746 4.75466416739 4.60493613915 4.48998188948 4.40631001126 4.35162041130 4.32453906488
# log_avg_fmort_dir:
0.689295066131
# fmort_dir_dev:
 -0.417593818103 -0.168618652622 -0.173357544670 -0.195130909043 -0.208226984892 -0.00577234275161 -0.0558888828871 -0.188799371179 -0.227047864282 0.0111476305744 -0.0923654532489 -0.0712444004059 -0.0391407089578 0.0256255228496 0.131028207589 0.126398296333 0.0874431634334 0.277041496553 0.179202436683 0.142906786404 0.183300640698 0.280630773852 0.240895978953 0.221816324081 0.184340385543 0.277185566717 0.0754347530244 -0.601211030246
# mean_log_rec:
13.3379818982
# rec_dev:
 -2.39820954844 -2.10959658613 -1.73387049675 -1.45044557530 -1.45846827511 -1.37556147511 -0.928459653979 -0.464952900708 -0.178754763010 -0.0280226220006 0.289800863197 0.576618277743 0.717541260778 0.581549364247 0.435547567267 0.494846190525 0.593196920345 0.475169217146 0.485901688700 0.596638357559 0.650809584665 0.619626359682 0.672813869182 0.781474477893 0.877215982882 0.879332048500 1.19912993336 1.19912993287
# log_avg_NatM:
-1.36837500000
# m_dev:
 0.00000000000 0.00000000000 0.00000000000 0.00000000000 0.00000000000 0.00000000000 0.00000000000 0.00000000000 0.00000000000 0.00000000000 0.00000000000 0.00000000000 0.00000000000 0.00000000000 0.00000000000 0.00000000000 0.00000000000 0.00000000000 0.00000000000 0.00000000000 0.00000000000 0.00000000000 0.00000000000 0.00000000000 0.00000000000 0.00000000000 0.00000000000 0.00000000000
# log_avg_GrowthK:
-1.19613400000
# log_avg_Linf:
3.45239700000
# GrowthK_dev:
 0.00000000000 0.00000000000 0.00000000000 0.00000000000 0.00000000000 0.00000000000 0.00000000000 0.00000000000 0.00000000000 0.00000000000 0.00000000000 0.00000000000 0.00000000000 0.00000000000 0.00000000000 0.00000000000 0.00000000000 0.00000000000 0.00000000000 0.00000000000 0.00000000000 0.00000000000 0.00000000000 0.00000000000 0.00000000000 0.00000000000 0.00000000000 0.00000000000
# Linf_dev:
 0.00000000000 0.00000000000 0.00000000000 0.00000000000 0.00000000000 0.00000000000 0.00000000000 0.00000000000 0.00000000000 0.00000000000 0.00000000000 0.00000000000 0.00000000000 0.00000000000 0.00000000000 0.00000000000 0.00000000000 0.00000000000 0.00000000000 0.00000000000 0.00000000000 0.00000000000 0.00000000000 0.00000000000 0.00000000000 0.00000000000 0.00000000000 0.00000000000
# SelPars50:
1.00959951728
# SelPars95:
1.11192988926
# SelPars_dev50:
 0.00000000000 0.00000000000 0.00000000000 0.00000000000 0.00000000000 0.00000000000 0.00000000000 0.00000000000 0.00000000000 0.00000000000 0.00000000000 0.00000000000 0.00000000000 0.00000000000 0.00000000000 0.00000000000 0.00000000000 0.00000000000 0.00000000000 0.00000000000 0.00000000000 0.00000000000 0.00000000000 0.00000000000 0.00000000000 0.00000000000 0.00000000000 0.00000000000
# SelPars_dev95:
 0.00000000000 0.00000000000 0.00000000000 0.00000000000 0.00000000000 0.00000000000 0.00000000000 0.00000000000 0.00000000000 0.00000000000 0.00000000000 0.00000000000 0.00000000000 0.00000000000 0.00000000000 0.00000000000 0.00000000000 0.00000000000 0.00000000000 0.00000000000 0.00000000000 0.00000000000 0.00000000000 0.00000000000 0.00000000000 0.00000000000 0.00000000000 0.00000000000
