# Number of parameters = 77 Objective function value = 23454.7580711720  Maximum gradient component = 5208.62263933061
# srv_sel50:
0.999967725591
# srv_sel95:
1.00016884732
# stNatLen:
 11.2500654660 10.3718442562 8.95370426526 7.81585093377 6.99888493558 6.40242094427 5.95174610150 5.60183648689 5.32612291341 5.10820175592 4.93765125725 4.80755556036 4.71321753336 4.65187332191 4.62154615456
# log_avg_fmort_dir:
0.710555375670
# fmort_dir_dev:
 -0.556518669072 -0.221205502508 -0.353992173095 -0.256948026075 -0.284237168498 -0.0857843641530 -0.193929093271 -0.0977084122208 -0.222093784061 -0.0649412988370 -0.103042226200 -0.0245564815991 0.0443900710454 -0.0319457825012 0.0356498568808 -0.0325402723561 0.105691877410 0.132226359091 0.0837568632893 0.157353192068 0.206907949405 0.182765112611 0.138870026148 0.369509146739 0.287499809141 0.273625813587 0.286031688954 0.225165488078
# mean_log_rec:
13.2990794077
# rec_dev:
 -2.18523703512 -1.87597630911 -1.52984548252 -1.61864802935 -1.41048086376 -1.16788988022 -0.744441903758 -0.481608842645 -0.114973961050 0.0959798696015 0.388377180048 0.668094937202 0.668756224390 0.500563077819 0.377352019894 0.448954116653 0.388931234201 0.430859383012 0.498605387785 0.593645602189 0.680181700357 0.836072227956 0.922036282077 0.816197763240 0.737001449942 0.704822940346 0.686393434196 0.686277476629
# log_avg_NatM:
-1.36448700000
# m_dev:
 0.00000000000 0.00000000000 0.00000000000 0.00000000000 0.00000000000 0.00000000000 0.00000000000 0.00000000000 0.00000000000 0.00000000000 0.00000000000 0.00000000000 0.00000000000 0.00000000000 0.00000000000 0.00000000000 0.00000000000 0.00000000000 0.00000000000 0.00000000000 0.00000000000 0.00000000000 0.00000000000 0.00000000000 0.00000000000 0.00000000000 0.00000000000 0.00000000000
# log_avg_GrowthK:
-1.20372700000
# log_avg_Linf:
3.45755400000
# GrowthK_dev:
 0.00000000000 0.00000000000 0.00000000000 0.00000000000 0.00000000000 0.00000000000 0.00000000000 0.00000000000 0.00000000000 0.00000000000 0.00000000000 0.00000000000 0.00000000000 0.00000000000 0.00000000000 0.00000000000 0.00000000000 0.00000000000 0.00000000000 0.00000000000 0.00000000000 0.00000000000 0.00000000000 0.00000000000 0.00000000000 0.00000000000 0.00000000000 0.00000000000
# Linf_dev:
 0.00000000000 0.00000000000 0.00000000000 0.00000000000 0.00000000000 0.00000000000 0.00000000000 0.00000000000 0.00000000000 0.00000000000 0.00000000000 0.00000000000 0.00000000000 0.00000000000 0.00000000000 0.00000000000 0.00000000000 0.00000000000 0.00000000000 0.00000000000 0.00000000000 0.00000000000 0.00000000000 0.00000000000 0.00000000000 0.00000000000 0.00000000000 0.00000000000
# SelPars50:
1.07320970401
# SelPars95:
1.32248623429
# SelPars_dev50:
 0.00000000000 0.00000000000 0.00000000000 0.00000000000 0.00000000000 0.00000000000 0.00000000000 0.00000000000 0.00000000000 0.00000000000 0.00000000000 0.00000000000 0.00000000000 0.00000000000 0.00000000000 0.00000000000 0.00000000000 0.00000000000 0.00000000000 0.00000000000 0.00000000000 0.00000000000 0.00000000000 0.00000000000 0.00000000000 0.00000000000 0.00000000000 0.00000000000
# SelPars_dev95:
 0.00000000000 0.00000000000 0.00000000000 0.00000000000 0.00000000000 0.00000000000 0.00000000000 0.00000000000 0.00000000000 0.00000000000 0.00000000000 0.00000000000 0.00000000000 0.00000000000 0.00000000000 0.00000000000 0.00000000000 0.00000000000 0.00000000000 0.00000000000 0.00000000000 0.00000000000 0.00000000000 0.00000000000 0.00000000000 0.00000000000 0.00000000000 0.00000000000
