# Number of parameters = 78 Objective function value = 19317.5276057251  Maximum gradient component = 0.000853958302981156
# srv_sel50:
2.54317024272
# srv_sel95:
5.95415936198
# stNatLen:
 12.0434321068 10.1224098978 8.66001333911 7.63819897411 6.90691869263 6.36201074703 5.94215290544 5.61175423302 5.34914041493 5.14047129796 4.97659161884 4.85131723224 4.76045986008 4.70125680567 4.67203696032
# log_avg_fmort_dir:
0.596785734473
# fmort_dir_dev:
 -0.330719800415 0.0317810379317 0.141118912359 0.00799788496404 -0.276476727135 -0.0871523100445 0.0404396015418 -0.253402746494 -0.446132728216 -0.258638873167 -0.0502705923691 -0.116079719479 0.0323121421033 0.0586542039364 0.226081392937 0.126258813521 0.155525126845 0.000368641658538 0.100431140373 0.0672856444632 0.0832781549330 0.104984840995 0.0396634241549 -0.0450046190983 -0.0127851613852 0.0966556737672 0.210816982043 0.353009659277
# mean_log_rec:
14.6721169547
# rec_dev:
 -2.18600856758 -2.10501311952 -2.03577897161 -1.62896951339 -1.39533789180 -1.40545911323 -1.01995111490 -0.320348875747 0.00501379171644 0.147375152854 0.446803743781 0.667230596659 0.777881958682 0.662804544505 0.579888714779 0.584119391244 0.560977071833 0.599705981318 0.560023419031 0.557298958648 0.699964103451 0.808646669183 0.842230487553 0.955254242325 0.934422804390 0.716582882223 0.495321314169 0.495321339439
# log_avg_NatM:
0.505452445363
# m_dev:
 0.00000000000 0.00000000000 0.00000000000 0.00000000000 0.00000000000 0.00000000000 0.00000000000 0.00000000000 0.00000000000 0.00000000000 0.00000000000 0.00000000000 0.00000000000 0.00000000000 0.00000000000 0.00000000000 0.00000000000 0.00000000000 0.00000000000 0.00000000000 0.00000000000 0.00000000000 0.00000000000 0.00000000000 0.00000000000 0.00000000000 0.00000000000 0.00000000000
# log_avg_GrowthK:
-1.02151300000
# log_avg_Linf:
3.36611700000
# GrowthK_dev:
 0.00000000000 0.00000000000 0.00000000000 0.00000000000 0.00000000000 0.00000000000 0.00000000000 0.00000000000 0.00000000000 0.00000000000 0.00000000000 0.00000000000 0.00000000000 0.00000000000 0.00000000000 0.00000000000 0.00000000000 0.00000000000 0.00000000000 0.00000000000 0.00000000000 0.00000000000 0.00000000000 0.00000000000 0.00000000000 0.00000000000 0.00000000000 0.00000000000
# Linf_dev:
 0.00000000000 0.00000000000 0.00000000000 0.00000000000 0.00000000000 0.00000000000 0.00000000000 0.00000000000 0.00000000000 0.00000000000 0.00000000000 0.00000000000 0.00000000000 0.00000000000 0.00000000000 0.00000000000 0.00000000000 0.00000000000 0.00000000000 0.00000000000 0.00000000000 0.00000000000 0.00000000000 0.00000000000 0.00000000000 0.00000000000 0.00000000000 0.00000000000
# SelPars50:
2.51486471484
# SelPars95:
5.28676440496
# SelPars_dev50:
 0.00000000000 0.00000000000 0.00000000000 0.00000000000 0.00000000000 0.00000000000 0.00000000000 0.00000000000 0.00000000000 0.00000000000 0.00000000000 0.00000000000 0.00000000000 0.00000000000 0.00000000000 0.00000000000 0.00000000000 0.00000000000 0.00000000000 0.00000000000 0.00000000000 0.00000000000 0.00000000000 0.00000000000 0.00000000000 0.00000000000 0.00000000000 0.00000000000
# SelPars_dev95:
 0.00000000000 0.00000000000 0.00000000000 0.00000000000 0.00000000000 0.00000000000 0.00000000000 0.00000000000 0.00000000000 0.00000000000 0.00000000000 0.00000000000 0.00000000000 0.00000000000 0.00000000000 0.00000000000 0.00000000000 0.00000000000 0.00000000000 0.00000000000 0.00000000000 0.00000000000 0.00000000000 0.00000000000 0.00000000000 0.00000000000 0.00000000000 0.00000000000
