# Number of parameters = 79 Objective function value = 28097.0410357387  Maximum gradient component = 0.000907060983583922
# srv_sel50:
0.864996509032
# srv_sel95:
1.00991788689
# stNatLen:
 10.9626039793 10.2849526485 9.60026688736 8.90178833640 8.26365467414 7.72382969640 7.28095546864 6.92134674633 6.63092014302 6.39824663267 6.21472818178 6.07411317212 5.97199703062 5.90544762273 5.87265665524
# log_avg_fmort_dir:
-0.639860992841
# fmort_dir_dev:
 -1.10350893953 -0.633362527160 -0.511963840262 -0.807838481849 -0.486437484961 -0.527829054749 -0.325649037313 -0.273677599716 -0.181952014174 -0.0230996192727 0.0564564332799 0.0758486533419 0.308198708897 0.277691831763 0.378586426630 0.360299905524 0.332709487471 0.283081509078 0.412761093344 0.123914113490 0.244820402395 0.161708794644 0.0672653612516 0.174774567179 0.226609271525 0.242407143683 0.401972496859 0.373678484213 0.372533914418
# mean_log_rec:
13.2214584196
# rec_dev:
 -3.23316503964 -3.95085040447 -2.38802806088 -1.14302281718 -0.960062907010 -0.793913146348 -0.663042842007 -0.294878575289 -0.0729363737302 0.305705067723 0.569526396145 0.740955984418 0.724885590226 0.626935141451 0.594979063275 0.609962744954 0.524197596028 0.519470467384 0.461278858154 0.519568981747 0.634027499460 0.773905540679 0.902104923592 0.960433467317 0.839544618912 0.754877773795 0.803860063967 0.816840192938 0.816840194386
# log_avg_NatM:
-0.940144300000
# m_dev:
 0.00000000000 0.00000000000 0.00000000000 0.00000000000 0.00000000000 0.00000000000 0.00000000000 0.00000000000 0.00000000000 0.00000000000 0.00000000000 0.00000000000 0.00000000000 0.00000000000 0.00000000000 0.00000000000 0.00000000000 0.00000000000 0.00000000000 0.00000000000 0.00000000000 0.00000000000 0.00000000000 0.00000000000 0.00000000000 0.00000000000 0.00000000000 0.00000000000 0.00000000000
# log_avg_GrowthK:
-1.02151300000
# log_avg_Linf:
3.36611700000
# GrowthK_dev:
 0.00000000000 0.00000000000 0.00000000000 0.00000000000 0.00000000000 0.00000000000 0.00000000000 0.00000000000 0.00000000000 0.00000000000 0.00000000000 0.00000000000 0.00000000000 0.00000000000 0.00000000000 0.00000000000 0.00000000000 0.00000000000 0.00000000000 0.00000000000 0.00000000000 0.00000000000 0.00000000000 0.00000000000 0.00000000000 0.00000000000 0.00000000000 0.00000000000 0.00000000000
# Linf_dev:
 0.00000000000 0.00000000000 0.00000000000 0.00000000000 0.00000000000 0.00000000000 0.00000000000 0.00000000000 0.00000000000 0.00000000000 0.00000000000 0.00000000000 0.00000000000 0.00000000000 0.00000000000 0.00000000000 0.00000000000 0.00000000000 0.00000000000 0.00000000000 0.00000000000 0.00000000000 0.00000000000 0.00000000000 0.00000000000 0.00000000000 0.00000000000 0.00000000000 0.00000000000
# SelPars50:
0.960672151834
# SelPars95:
1.06278406628
# SelPars_dev50:
 0.00000000000 0.00000000000 0.00000000000 0.00000000000 0.00000000000 0.00000000000 0.00000000000 0.00000000000 0.00000000000 0.00000000000 0.00000000000 0.00000000000 0.00000000000 0.00000000000 0.00000000000 0.00000000000 0.00000000000 0.00000000000 0.00000000000 0.00000000000 0.00000000000 0.00000000000 0.00000000000 0.00000000000 0.00000000000 0.00000000000 0.00000000000 0.00000000000 0.00000000000
# SelPars_dev95:
 0.00000000000 0.00000000000 0.00000000000 0.00000000000 0.00000000000 0.00000000000 0.00000000000 0.00000000000 0.00000000000 0.00000000000 0.00000000000 0.00000000000 0.00000000000 0.00000000000 0.00000000000 0.00000000000 0.00000000000 0.00000000000 0.00000000000 0.00000000000 0.00000000000 0.00000000000 0.00000000000 0.00000000000 0.00000000000 0.00000000000 0.00000000000 0.00000000000 0.00000000000
