# Number of parameters = 78 Objective function value = 21637.4634834005  Maximum gradient component = 0.00126839086305368
# srv_sel50:
1.50497402703
# srv_sel95:
2.99165057814
# stNatLen:
 11.2684465950 10.7001375048 8.89175524881 7.57526628116 6.71414129807 6.11540378103 5.66912507988 5.32353883432 5.05108128040 4.83549475474 4.66653635532 4.53749885809 4.44393454498 4.38295562789 4.35283971770
# log_avg_fmort_dir:
0.723592419349
# fmort_dir_dev:
 -0.988308676571 -0.735497691984 -0.728913130929 -0.688714290482 -0.547703044445 -0.438989306900 -0.411269138029 -0.260447339673 -0.204661757191 -0.00146682987506 0.0194182665829 -0.0644909735442 -0.0632672380068 -0.0417295352389 0.168547843662 0.164737791535 0.305609268787 0.237138556862 0.340383795609 0.379629963068 0.426923469093 0.451877710510 0.404288119860 0.431585281070 0.519282271352 0.573370244033 0.474268091772 0.278398279074
# mean_log_rec:
13.7615866743
# rec_dev:
 -2.12892518620 -1.60070271314 -1.40537871105 -1.17986087008 -0.909496724162 -0.799816087100 -0.680308173475 -0.457700076714 -0.0595589333716 0.00530430895297 0.194371042356 0.562424162606 0.660918960249 0.459554587308 0.374752320660 0.368327683701 0.364139247771 0.413859814837 0.354016789519 0.463274347982 0.520274111715 0.536105144241 0.646547786075 0.746563493485 0.689569040929 0.601593137376 0.630075750205 0.630075745327
# log_avg_NatM:
-0.455152532611
# m_dev:
 0.00000000000 0.00000000000 0.00000000000 0.00000000000 0.00000000000 0.00000000000 0.00000000000 0.00000000000 0.00000000000 0.00000000000 0.00000000000 0.00000000000 0.00000000000 0.00000000000 0.00000000000 0.00000000000 0.00000000000 0.00000000000 0.00000000000 0.00000000000 0.00000000000 0.00000000000 0.00000000000 0.00000000000 0.00000000000 0.00000000000 0.00000000000 0.00000000000
# log_avg_GrowthK:
-1.18630400000
# log_avg_Linf:
3.44583300000
# GrowthK_dev:
 0.00000000000 0.00000000000 0.00000000000 0.00000000000 0.00000000000 0.00000000000 0.00000000000 0.00000000000 0.00000000000 0.00000000000 0.00000000000 0.00000000000 0.00000000000 0.00000000000 0.00000000000 0.00000000000 0.00000000000 0.00000000000 0.00000000000 0.00000000000 0.00000000000 0.00000000000 0.00000000000 0.00000000000 0.00000000000 0.00000000000 0.00000000000 0.00000000000
# Linf_dev:
 0.00000000000 0.00000000000 0.00000000000 0.00000000000 0.00000000000 0.00000000000 0.00000000000 0.00000000000 0.00000000000 0.00000000000 0.00000000000 0.00000000000 0.00000000000 0.00000000000 0.00000000000 0.00000000000 0.00000000000 0.00000000000 0.00000000000 0.00000000000 0.00000000000 0.00000000000 0.00000000000 0.00000000000 0.00000000000 0.00000000000 0.00000000000 0.00000000000
# SelPars50:
1.55199585626
# SelPars95:
2.52546882267
# SelPars_dev50:
 0.00000000000 0.00000000000 0.00000000000 0.00000000000 0.00000000000 0.00000000000 0.00000000000 0.00000000000 0.00000000000 0.00000000000 0.00000000000 0.00000000000 0.00000000000 0.00000000000 0.00000000000 0.00000000000 0.00000000000 0.00000000000 0.00000000000 0.00000000000 0.00000000000 0.00000000000 0.00000000000 0.00000000000 0.00000000000 0.00000000000 0.00000000000 0.00000000000
# SelPars_dev95:
 0.00000000000 0.00000000000 0.00000000000 0.00000000000 0.00000000000 0.00000000000 0.00000000000 0.00000000000 0.00000000000 0.00000000000 0.00000000000 0.00000000000 0.00000000000 0.00000000000 0.00000000000 0.00000000000 0.00000000000 0.00000000000 0.00000000000 0.00000000000 0.00000000000 0.00000000000 0.00000000000 0.00000000000 0.00000000000 0.00000000000 0.00000000000 0.00000000000
