#Simulated generalized assessment 
# 
#start/end year 
71 99 
#number of ages 
15 
#ages 
1 2 3 4 5 6 7 8 9 10 11 12 13 14 15 
#Number of length bins 
25 
#CPUE years 
29 
#years for CPUE 
71 72 73 74 75 76 77 78 79 80 81 82 83 84 85 86 87 88 89 90 91 92 93 94 95 96 97 98 99 
#survey years 
29 
#years for survey 
71 72 73 74 75 76 77 78 79 80 81 82 83 84 85 86 87 88 89 90 91 92 93 94 95 96 97 98 99 
#length freq from catch years 
29 
#years for length freq catch 
71 72 73 74 75 76 77 78 79 80 81 82 83 84 85 86 87 88 89 90 91 92 93 94 95 96 97 98 99 
#catch length sample sizes 
200 200 200 200 200 200 200 200 200 200 200 200 200 200 200 200 200 200 200 200 200 200 200 200 200 200 200 200 200 
#length freq from survey years 
29 
#years for length freq survey 
71 72 73 74 75 76 77 78 79 80 81 82 83 84 85 86 87 88 89 90 91 92 93 94 95 96 97 98 99 
#survey sample sizes 
200 200 200 200 200 200 200 200 200 200 200 200 200 200 200 200 200 200 200 200 200 200 200 200 200 200 200 200 200 
#total survey biomass 
4980.741 7149.691 11122.87 18960.45 18788.6 13325.27 14571.19 35066.16 54462.45 50371.78 83335.64 106204.1 115535.4 131371.1 80593.26 89443.32 81555.51 95923.98 102149.7 73288.71 133242 131568.7 151758.5 117067.6 118316.1 131017.1 188993.9 168765.6 123432.4 
#survey CV 
0.2 0.2 0.2 0.2 0.2 0.2 0.2 0.2 0.2 0.2 0.2 0.2 0.2 0.2 0.2 0.2 0.2 0.2 0.2 0.2 0.2 0.2 0.2 0.2 0.2 0.2 0.2 0.2 0.2 
#total CPUE 
5921.623 6852.073 7482.627 15324.88 19268.5 20138.5 19594.58 33191.69 34392.87 56628.96 74501.68 85554.98 96666.44 199698.9 129223.2 91393.75 116431.6 107450.2 100563.5 118517.3 147008 142450.7 146916.2 126727.9 137552.3 259841 133477.3 96354.16 132026.3 
#CPUE CV 
0.2 0.2 0.2 0.2 0.2 0.2 0.2 0.2 0.2 0.2 0.2 0.2 0.2 0.2 0.2 0.2 0.2 0.2 0.2 0.2 0.2 0.2 0.2 0.2 0.2 0.2 0.2 0.2 0.2 
#total catch biomass 
5153.253 4512.333 5531.098 7399.943 11813.96 13393.05 13192.49 16481.64 24315.07 36405.49 44631.46 59370.75 72874 96342.85 96106.99 91305.23 79090.42 87269.6 81575.85 84297.74 79578.07 82755.44 94198.73 96561.79 106919.5 113918.1 109148.1 99959.6 5912.556 
#catch CV 
0.05 0.05 0.05 0.05 0.05 0.05 0.05 0.05 0.05 0.05 0.05 0.05 0.05 0.05 0.05 0.05 0.05 0.05 0.05 0.05 0.05 0.05 0.05 0.05 0.05 0.05 0.05 0.05 0.05 
#Length Bins 
0.7268035 2.18041 3.634017 5.087624 6.541231 7.994838 9.448445 10.90205 12.35566 13.80927 15.26287 16.71648 18.17009 19.62369 21.0773 22.53091 23.98451 25.43812 26.89173 28.34534 29.79894 31.25255 32.70616 34.15976 35.61337 
#catch length counts 
5.405255e-37 7.502137e-29 1.258639e-21 2.552495e-15 6.257141e-10 1.854105e-05 0.06641103 28.75368 1504.853 9520.146 7294.065 1467.657 5478.222 4656.223 1441.129 1170.389 386.3573 134.0711 29.5092 3.897854 0.226023 0.004169249 1.810636e-05 1.479451e-08 1.964137e-12 
5.596843e-37 7.768049e-29 1.303251e-21 2.642968e-15 6.478924e-10 1.919824e-05 0.06876496 29.77285 1558.193 9857.592 7554.562 1577.906 5727.086 4612.148 1482.075 1138.069 365.7034 119.2127 24.21768 2.822391 0.1358523 0.00195025 6.2946e-06 3.72534e-09 3.535056e-13 
8.281983e-37 1.149485e-28 1.928499e-21 3.910957e-15 9.587251e-10 2.840878e-05 0.1017556 44.05667 2305.751 14586.86 11173.4 1977.132 5782.299 4395.44 1440.619 1032.869 324.6197 99.26911 18.50837 1.88272 0.07487534 0.0008382722 2.01686e-06 8.651897e-10 5.862068e-14 
1.189799e-36 1.651362e-28 2.770502e-21 5.618523e-15 1.377315e-09 4.081236e-05 0.1461832 63.29229 3312.466 20955.66 16056.99 2997.858 8680.933 6147.677 1601.784 967.0276 293.0809 83.4299 14.25192 1.255767 0.04088024 0.0003560631 6.408769e-07 2.002112e-10 9.716205e-15 
1.811007e-36 2.513558e-28 4.217016e-21 8.552023e-15 2.096428e-09 6.212099e-05 0.2225073 96.33797 5041.946 31896.88 24445.39 4624.016 12666.14 8436.928 2323.05 1284.178 300.7292 71.27582 10.95222 0.830626 0.0219759 0.0001480698 1.992747e-07 4.550186e-11 1.589579e-15 
1.975669e-36 2.742098e-28 4.600438e-21 9.329596e-15 2.287041e-09 6.77692e-05 0.2427382 105.0973 5500.373 34797.15 26703.31 6315.099 19179.54 11964.18 3257.984 1654.031 375.6031 72.68546 8.418825 0.5248372 0.01118289 5.803017e-05 5.824439e-08 9.721838e-12 2.451255e-16 
1.428595e-36 1.982795e-28 3.32655e-21 6.746176e-15 1.653746e-09 4.900351e-05 0.1755226 75.99523 3977.288 25161.79 19360.14 6316.481 20957.42 12475.87 4446.088 2214.286 469.02 81.71887 7.662855 0.3446455 0.005537396 2.185052e-05 1.63138e-08 1.988871e-12 3.620179e-17 
3.004729e-36 4.170365e-28 6.996653e-21 1.418907e-14 3.478284e-09 0.0001030679 0.3691725 159.8389 8365.334 52921.75 40571.94 7360.863 15522.63 9023.086 4603.917 2329.621 579.9846 96.42584 7.737258 0.2658555 0.002978865 8.351177e-06 4.538411e-09 4.02369e-13 5.284912e-18 
4.443501e-36 6.167287e-28 1.03469e-20 2.098331e-14 5.143812e-09 0.0001524206 0.5459456 236.3756 12370.96 78263.01 60096.94 13660.98 32129.25 16121.95 3819.569 1667.434 528.4487 95.51126 7.517391 0.2109851 0.001725694 3.308553e-06 1.232241e-09 7.672e-14 7.174929e-19 
7.033552e-36 9.762106e-28 1.637796e-20 3.321417e-14 8.142063e-09 0.0002412642 0.8641691 374.1554 19581.8 123881.6 95166.26 21804.39 47556.52 22825.19 7038.185 2438.816 412.3825 73.19893 6.234285 0.1623665 0.001055546 1.45305e-06 3.69634e-10 1.554293e-14 9.932413e-20 
7.088229e-36 9.837995e-28 1.650528e-20 3.347237e-14 8.205357e-09 0.0002431397 0.870887 377.064 19734.03 124846.5 96297.67 31723.8 76690.7 34363.91 10472.6 3480.741 605.3498 66.51828 4.335125 0.1091261 0.0006252048 6.760028e-07 1.24622e-10 3.632315e-15 1.577576e-20 
1.198545e-35 1.663502e-27 2.79087e-20 5.659828e-14 1.38744e-08 0.0004111239 1.472579 637.5758 33368.18 211101 162410.7 39836.32 76780.08 34566.23 15169.52 4792.936 788.3702 79.32923 3.550115 0.06238435 0.0003019387 2.744317e-07 3.9758e-11 8.588889e-16 2.656247e-21 
1.435554e-35 1.992455e-27 3.342756e-20 6.779042e-14 1.661802e-08 0.0004924224 1.763777 763.6545 39966.64 252850.2 195319.9 63563.58 128665 50478.2 15457.27 4923.894 975.8573 90.93365 3.427241 0.04191521 0.0001359063 9.306702e-08 1.070251e-11 1.808788e-16 4.235154e-22 
2.006441e-35 2.784807e-27 4.672092e-20 9.474909e-14 2.322662e-08 0.0006882474 2.46519 1067.342 55860.45 353404.5 273036.1 84209.9 152864.7 60306.21 23525.54 6042.981 936.0003 91.3091 3.233255 0.0315292 7.16432e-05 3.246674e-08 2.583932e-12 3.211099e-17 5.68836e-23 
1.774241e-35 2.462529e-27 4.131404e-20 8.378404e-14 2.053867e-08 0.0006085984 2.1799 943.8216 49395.89 312521.6 243725.9 114011.8 216364.5 79020.32 28341.68 7433.689 1149.899 86.46739 2.721857 0.0235853 4.214095e-05 1.364268e-08 7.324506e-13 6.082215e-18 7.386721e-24 
1.367955e-35 1.898632e-27 3.185348e-20 6.459822e-14 1.583549e-08 0.0004692347 1.680722 727.6947 38084.67 240967.6 189134.7 103001.1 185666.4 74866.14 35400.51 8389.951 1203.986 84.59835 2.1055 0.01459114 2.153498e-05 5.473729e-09 2.162245e-13 1.258885e-18 1.041262e-24 
1.542855e-35 2.141381e-27 3.59261e-20 7.285741e-14 1.786014e-08 0.0005292285 1.895611 820.7339 42953.98 271772.7 212318.1 91396.88 142831.6 59730.24 30640.63 8406.54 1281.572 79.21748 1.687734 0.009128039 1.016991e-05 1.995209e-09 6.085597e-14 2.66639e-19 1.60787e-25 
1.562609e-35 2.168798e-27 3.638609e-20 7.379026e-14 1.808881e-08 0.0005360046 1.919881 831.2423 43503.96 275269.6 216681.5 109655.8 161634.2 57646.95 24378.01 6950.277 1159.732 73.45626 1.351001 0.005870482 4.999679e-06 7.230855e-10 1.621708e-14 5.281682e-20 2.377148e-26 
1.640594e-35 2.277036e-27 3.820201e-20 7.747291e-14 1.899157e-08 0.000562755 2.015697 872.7272 45675.14 289021.2 228369.5 117783 159697.4 59066.89 24415.13 5563.863 847.7254 54.33921 0.9450185 0.003450887 2.289746e-06 2.490832e-10 4.100925e-15 9.660125e-21 3.134944e-27 
1.627303e-35 2.258589e-27 3.789252e-20 7.684526e-14 1.883771e-08 0.0005581958 1.999367 865.6567 45305.14 286706.2 228436.1 130533.4 164932.2 59298.13 23372.56 5124.783 643.2689 34.70933 0.5482967 0.001761251 9.587188e-07 8.069751e-11 9.933505e-16 1.717306e-21 4.040649e-28 
1.89424e-35 2.62908e-27 4.410827e-20 8.945068e-14 2.192778e-08 0.0006497603 2.327336 1007.656 52736.87 333749.3 266015.9 140905.3 160875.2 59187.83 22491.77 4575.864 512.4432 22.24 0.2782664 0.000739569 3.331199e-07 2.251483e-11 2.148293e-16 2.796141e-22 4.854406e-29 
2.012135e-35 2.79271e-27 4.685351e-20 9.501797e-14 2.329254e-08 0.0006902005 2.472186 1070.371 56019.23 354572.8 285589.6 167066.8 176565.8 58808.51 20012.42 3874.092 384.5898 13.84709 0.1335763 0.0002680637 9.311626e-08 4.926999e-12 3.671134e-17 3.683417e-23 4.8503e-30 
2.231101e-35 3.096622e-27 5.195225e-20 1.053581e-13 2.58273e-08 0.0007653103 2.741217 1186.852 62115.54 393211.9 318970.5 190363.8 186191.5 64259.04 20296.44 3376.358 292.3155 8.787042 0.06637159 9.956821e-05 2.534152e-08 9.866799e-13 5.478757e-18 4.135048e-24 4.107805e-31 
2.45577e-35 3.408447e-27 5.718377e-20 1.159675e-13 2.842808e-08 0.0008423759 3.017254 1306.367 68370.7 432892 354618.6 220243.4 199136.4 67339.5 20092.54 3101.272 222.6221 5.397233 0.03203293 3.634162e-05 6.797759e-09 1.91355e-13 7.640922e-19 4.158142e-25 2.997649e-32 
2.831663e-35 3.930162e-27 6.593662e-20 1.337181e-13 3.277943e-08 0.0009713144 3.47909 1506.326 78836.18 499258.4 412431.2 258109.7 215832.9 72879.49 20233.09 2864.877 177.6734 3.417209 0.0154681 1.320796e-05 1.829689e-09 3.754737e-14 1.080315e-19 4.205193e-26 2.160767e-33 
2.986623e-35 4.145235e-27 6.954492e-20 1.410357e-13 3.457324e-08 0.001024468 3.669479 1588.758 83151.02 526799.4 443446.4 304052.7 237662.7 77533.61 19880.05 2564.225 136.467 2.123957 0.007331712 4.624746e-06 4.68814e-10 7.008699e-15 1.460887e-20 4.094572e-27 1.506779e-34 
2.821114e-35 3.91552e-27 6.569098e-20 1.3322e-13 3.265731e-08 0.0009676958 3.466129 1500.715 78544.05 497923.6 430233.7 329432.6 246061.1 83281.66 19877.04 2286.464 103.4471 1.299457 0.003460942 1.626111e-06 1.200245e-10 1.293112e-15 1.936442e-21 3.895988e-28 1.028112e-35 
2.790483e-35 3.873007e-27 6.497772e-20 1.317735e-13 3.230273e-08 0.0009571888 3.428495 1484.421 77692.29 492788.3 432299.5 333887.4 239042.5 86536.8 20151.58 2129.139 80.91117 0.8120999 0.001666632 5.872862e-07 3.18727e-11 2.488585e-16 2.67493e-22 3.842358e-29 7.222947e-37 
1.73138e-36 2.403042e-28 4.031601e-21 8.176005e-15 2.004251e-09 5.938964e-05 0.212724 92.10223 4820.473 30570.25 26597.09 19547.7 13952.8 4955.811 1168.308 123.2828 4.325759 0.03767287 6.500559e-05 1.896594e-08 8.433602e-13 5.351557e-18 4.644501e-24 5.358345e-31 8.056768e-39 
#survey length counts 
7.230928e-37 1.003605e-28 1.683756e-21 3.414623e-15 8.370546e-10 2.480346e-05 0.08884196 38.4655 2013.131 12735.66 9757.566 1955.736 7275.997 6185.757 1928.706 1570.172 512.6851 175.1736 37.70399 4.864292 0.2728075 0.004817926 1.99898e-05 1.56826e-08 2.012559e-12 
1.057174e-36 1.467287e-28 2.461679e-21 4.992235e-15 1.223788e-09 3.626307e-05 0.1298884 56.2372 2943.231 18619.74 14259.62 2443.553 7332.581 5898.579 1873.7 1430.909 456.7256 147.1961 29.26149 3.323927 0.1556242 0.002162696 6.728641e-06 3.839042e-09 3.524101e-13 
1.497747e-36 2.078774e-28 3.487575e-21 7.072731e-15 1.733797e-09 5.137557e-05 0.1840189 79.67385 4169.812 26379.46 20208.1 3659.733 10969.21 8254.455 2100.632 1343.335 413.5732 124.615 22.85741 2.270208 0.08787318 0.0009578666 2.241997e-06 9.346281e-10 6.15592e-14 
2.23347e-36 3.099909e-28 5.200741e-21 1.0547e-14 2.585472e-09 7.661227e-05 0.2744127 118.8112 6218.106 39337.6 30140.28 5550.745 15857.3 11243.77 3018.607 1789.656 429.4216 106.8694 17.7369 1.53055 0.04862755 0.0004132029 7.269e-07 2.221893e-10 1.055355e-14 
2.404115e-36 3.336753e-28 5.598095e-21 1.135282e-14 2.783011e-09 8.246571e-05 0.2953788 127.8888 6693.191 42343.24 32481.49 7470.893 23922.96 15917.07 4229.961 2310.131 539.5157 111.778 13.95156 0.9927311 0.02563118 0.0001689667 2.227526e-07 4.992233e-11 1.714527e-15 
1.725798e-36 2.395294e-28 4.018602e-21 8.149645e-15 1.997789e-09 5.919815e-05 0.2120382 91.8052 4804.719 30396.35 23372.15 7410.677 26169.8 16585.35 5745.073 3118.483 680.8743 127.8669 13.16883 0.6789273 0.01323723 6.672691e-05 6.572802e-08 1.078996e-11 2.679933e-16 
3.561639e-36 4.94332e-28 8.293445e-21 1.681894e-14 4.122965e-09 0.000122171 0.4375967 189.4642 9915.804 62730.45 48079.02 8583.924 19206.95 11810.94 5867.927 3242.917 833.7781 151.9668 13.53866 0.5417754 0.007405454 2.653782e-05 1.907503e-08 2.282876e-12 4.098431e-17 
5.226589e-36 7.254161e-28 1.217036e-20 2.468125e-14 6.050317e-09 0.000179282 0.6421588 278.0326 14551.12 92055.28 70658.1 15806.11 39785.27 21415.57 4981.366 2295.604 755.6079 150.7415 13.4454 0.4463217 0.004503251 1.107803e-05 5.458981e-09 4.592517e-13 5.878869e-18 
8.261751e-36 1.146677e-27 1.923788e-20 3.901403e-14 9.563831e-09 0.0002833938 1.01507 439.4905 23001.18 145513.5 111733.3 25262.41 59219.93 30375.37 9218.444 3512.067 607.2532 115.4573 11.33093 0.3556113 0.002893126 5.146168e-06 1.73586e-09 9.864125e-14 8.630879e-19 
8.226405e-36 1.141771e-27 1.915557e-20 3.884712e-14 9.522913e-09 0.0002821813 1.010728 437.6102 22902.77 144892.7 111667.8 36373.24 95156.92 45568.27 13720.09 4979.746 910.7901 109.6163 7.956046 0.2433553 0.001771558 2.499799e-06 6.137767e-10 2.420153e-14 1.438695e-19 
1.380376e-35 1.91587e-27 3.21427e-20 6.518474e-14 1.597927e-08 0.0004734951 1.695982 734.3018 38430.43 243126 186944.4 45557.43 95218.63 45288.87 19843.29 6899.483 1195.187 133.9665 6.852161 0.1438565 0.0008850894 1.059376e-06 2.057032e-10 6.028663e-15 2.553119e-20 
1.645566e-35 2.283937e-27 3.831778e-20 7.770768e-14 1.904912e-08 0.0005644604 2.021805 875.3719 45813.48 289838.5 223689.9 72545.45 160020.5 66980.2 20435.83 6999.062 1489.97 156.545 6.859624 0.1019636 0.0004181762 3.764103e-07 5.825838e-11 1.341084e-15 4.308605e-21 
2.305438e-35 3.199796e-27 5.368322e-20 1.088685e-13 2.668783e-08 0.0007908091 2.83255 1226.396 64184.7 406065.3 313441 96651.28 191670.5 79789.75 31534.7 8882.243 1448.937 159.2225 6.698028 0.08057556 0.0002339412 1.393879e-07 1.491605e-11 2.52987e-16 6.167748e-22 
2.013547e-35 2.794671e-27 4.68864e-20 9.508468e-14 2.330889e-08 0.000690685 2.473921 1071.123 56058.31 354668.4 276144.8 129855.1 270033.6 104139.8 37957.26 10789.1 1812.937 153.6259 5.716379 0.06198956 0.0001431438 6.127876e-08 4.428816e-12 5.017698e-17 8.395067e-23 
1.559916e-35 2.165061e-27 3.632339e-20 7.366309e-14 1.805764e-08 0.0005350809 1.916573 829.8098 43428.97 274775.5 215220.4 118324.4 233859.8 97677.42 48124.41 12416.76 1930.548 155.333 4.622961 0.04004804 7.688845e-05 2.602282e-08 1.388574e-12 1.10372e-17 1.256662e-23 
1.774403e-35 2.462755e-27 4.131782e-20 8.379171e-14 2.054055e-08 0.0006086541 2.1801 943.908 49400.41 312553.3 243771.5 106206.1 182219.2 78205.32 42122.14 12437.79 2112.048 150.3613 3.872775 0.02644865 3.841806e-05 1.006386e-08 4.161548e-13 2.495029e-18 2.072023e-24 
1.786274e-35 2.479231e-27 4.159424e-20 8.435229e-14 2.067797e-08 0.0006127261 2.194685 950.2229 49730.93 314661 247161.1 127290.3 206500.6 76266.25 33593.75 10220.05 1906.414 141.7366 3.196272 0.0176748 1.975169e-05 3.825761e-09 1.165431e-13 5.205268e-19 3.232884e-25 
1.875983e-35 2.603741e-27 4.368315e-20 8.858855e-14 2.171644e-08 0.0006434979 2.304905 997.9441 52228.49 330476.9 260527.9 137345 205000.1 78017.98 34302.04 8361.661 1406.735 106.5008 2.305992 0.01084883 9.503837e-06 1.389825e-09 3.115076e-14 1.007629e-19 4.518164e-26 
1.85488e-35 2.574451e-27 4.319176e-20 8.759203e-14 2.147216e-08 0.0006362592 2.278977 986.7184 51641.01 326785.2 259666.5 152475.3 212154.6 78423.49 33000.38 7808.789 1096.758 69.47753 1.373392 0.005742843 4.161195e-06 4.730631e-10 7.947453e-15 1.889556e-20 6.148263e-27 
2.140772e-35 2.97125e-27 4.984889e-20 1.010925e-13 2.478165e-08 0.0007343255 2.630235 1138.801 59600.44 377165 299855.5 163883.7 206052.4 77779.61 31852.33 7013.062 889.1195 45.8356 0.7177987 0.002491377 1.502635e-06 1.378699e-10 1.80131e-15 3.230149e-21 7.762565e-28 
2.291423e-35 3.180344e-27 5.335688e-20 1.082067e-13 2.652559e-08 0.0007860018 2.815331 1218.941 63794.75 403757.1 324234.2 196698.7 229085.6 78625.86 28790.35 6067.516 688.6371 29.79108 0.3626582 0.0009526097 4.440481e-07 3.200325e-11 3.276005e-16 4.539853e-22 8.287563e-29 
2.542983e-35 3.529493e-27 5.921457e-20 1.200859e-13 2.943766e-08 0.0008722916 3.124407 1352.76 70798.45 448135.4 362381.3 225290.3 242431.7 86268.75 29685.92 5392.067 536.6712 19.5935 0.1883471 0.000371744 1.272599e-07 6.76044e-12 5.168287e-17 5.400596e-23 7.454179e-30 
2.817703e-35 3.910786e-27 6.561155e-20 1.330589e-13 3.261783e-08 0.0009665258 3.461938 1498.9 78447.04 496631.4 405457.4 263512.8 261867.1 91527.91 29818.27 5086.301 423.7066 12.55004 0.09547273 0.0001432527 3.615213e-08 1.390837e-12 7.655107e-18 5.775158e-24 5.794079e-31 
3.24575e-35 4.504887e-27 7.557882e-20 1.532723e-13 3.757291e-08 0.001113354 3.987853 1726.603 90364.46 572181.9 471039.7 309815.9 284292.4 99589.71 30322.61 4776.027 347.8093 8.252827 0.04811331 5.454953e-05 1.02258e-08 2.873245e-13 1.140708e-18 6.159558e-25 4.407061e-32 
3.446516e-35 4.783537e-27 8.025376e-20 1.62753e-13 3.989699e-08 0.001182221 4.234522 1833.402 95954.53 607794.6 509641.7 369133.8 316107.9 107475.5 30306.04 4385.931 276.5792 5.362987 0.02400354 2.017271e-05 2.773388e-09 5.686986e-14 1.637677e-19 6.372191e-26 3.266546e-33 
3.295065e-35 4.573333e-27 7.672715e-20 1.556011e-13 3.814378e-08 0.00113027 4.048443 1752.837 91738.87 581409.4 500153.8 406560.2 331294.1 117556.6 31047.66 4038.43 218.4412 3.447383 0.01197983 7.529358e-06 7.553937e-10 1.117817e-14 2.315189e-20 6.472576e-27 2.381087e-34 
3.22594e-35 4.477392e-27 7.511753e-20 1.523368e-13 3.734359e-08 0.001106559 3.963513 1716.065 89815.29 569488.4 497415.5 409381.2 318225.4 121520.9 31454.38 3804.141 174.4732 2.216683 0.005968325 2.823651e-06 2.087781e-10 2.242033e-15 3.33577e-21 6.662081e-28 1.746785e-35 
3.412217e-35 4.735932e-27 7.945509e-20 1.611333e-13 3.949994e-08 0.001170455 4.192381 1815.158 95002.6 602610.2 529749.1 414328.3 297913.1 110547.1 27899.16 3240.268 129.506 1.324095 0.002742 9.74045e-07 5.321717e-11 4.173606e-16 4.494572e-22 6.452235e-29 1.209636e-36 
3.412217e-35 4.735932e-27 7.945509e-20 1.611333e-13 3.949994e-08 0.001170455 4.192381 1815.158 95002.6 602610.2 529765.3 415106.7 300866.8 109076.2 26005.95 2763.4 97.3422 0.8497018 0.001468201 4.287285e-07 1.90751e-11 1.210892e-16 1.05121e-22 1.213044e-29 1.824238e-37 
