# Number of parameters = 77 Objective function value = 18696.0210574864  Maximum gradient component = 0.0736645673262229
# srv_sel50:
0.997446413170
# srv_sel95:
1.00762178610
# stNatLen:
 10.8972167643 9.51853072741 8.14337603799 7.22003573001 6.58353817578 6.10991268808 5.74168773105 5.44882136882 5.21373893108 5.02537104535 4.87640806051 4.76189740967 4.67847396106 4.62391872382 4.59689503526
# log_avg_fmort_dir:
0.584096707778
# fmort_dir_dev:
 -0.469866690303 -0.295414109827 -0.218184878965 -0.255430686585 -0.581535906207 -0.0943432791323 -0.175600182520 -0.192223891696 -0.124715808174 -0.157188995604 -0.141163402986 -0.117493587725 -0.0766413327488 -0.0953146152113 0.128682628292 0.0773899617265 0.130172276852 0.133455757645 0.243761592198 0.209618280257 0.175466606018 0.193310294605 0.239385163007 0.293362522757 0.267949049969 0.333928748325 0.370172247781 0.198462238252
# mean_log_rec:
13.6137147384
# rec_dev:
 -2.25920327484 -2.02382846083 -1.88857249911 -1.17422228657 -0.981959203746 -1.08228309192 -0.648925412021 -0.425696446764 -0.237488095267 0.0232950096659 0.306253818800 0.513016375248 0.626510079290 0.596322094310 0.486425264258 0.574224733973 0.511580117837 0.456345067985 0.430060789583 0.481324481858 0.585935169795 0.666707699291 0.718921254180 0.781085737358 0.817118460698 0.770834484850 0.688109071758 0.688109060327
# log_avg_NatM:
-1.06669500000
# m_dev:
 0.00000000000 0.00000000000 0.00000000000 0.00000000000 0.00000000000 0.00000000000 0.00000000000 0.00000000000 0.00000000000 0.00000000000 0.00000000000 0.00000000000 0.00000000000 0.00000000000 0.00000000000 0.00000000000 0.00000000000 0.00000000000 0.00000000000 0.00000000000 0.00000000000 0.00000000000 0.00000000000 0.00000000000 0.00000000000 0.00000000000 0.00000000000 0.00000000000
# log_avg_GrowthK:
-1.19613400000
# log_avg_Linf:
3.45239700000
# GrowthK_dev:
 0.00000000000 0.00000000000 0.00000000000 0.00000000000 0.00000000000 0.00000000000 0.00000000000 0.00000000000 0.00000000000 0.00000000000 0.00000000000 0.00000000000 0.00000000000 0.00000000000 0.00000000000 0.00000000000 0.00000000000 0.00000000000 0.00000000000 0.00000000000 0.00000000000 0.00000000000 0.00000000000 0.00000000000 0.00000000000 0.00000000000 0.00000000000 0.00000000000
# Linf_dev:
 0.00000000000 0.00000000000 0.00000000000 0.00000000000 0.00000000000 0.00000000000 0.00000000000 0.00000000000 0.00000000000 0.00000000000 0.00000000000 0.00000000000 0.00000000000 0.00000000000 0.00000000000 0.00000000000 0.00000000000 0.00000000000 0.00000000000 0.00000000000 0.00000000000 0.00000000000 0.00000000000 0.00000000000 0.00000000000 0.00000000000 0.00000000000 0.00000000000
# SelPars50:
1.00226622355
# SelPars95:
1.12048698657
# SelPars_dev50:
 0.00000000000 0.00000000000 0.00000000000 0.00000000000 0.00000000000 0.00000000000 0.00000000000 0.00000000000 0.00000000000 0.00000000000 0.00000000000 0.00000000000 0.00000000000 0.00000000000 0.00000000000 0.00000000000 0.00000000000 0.00000000000 0.00000000000 0.00000000000 0.00000000000 0.00000000000 0.00000000000 0.00000000000 0.00000000000 0.00000000000 0.00000000000 0.00000000000
# SelPars_dev95:
 0.00000000000 0.00000000000 0.00000000000 0.00000000000 0.00000000000 0.00000000000 0.00000000000 0.00000000000 0.00000000000 0.00000000000 0.00000000000 0.00000000000 0.00000000000 0.00000000000 0.00000000000 0.00000000000 0.00000000000 0.00000000000 0.00000000000 0.00000000000 0.00000000000 0.00000000000 0.00000000000 0.00000000000 0.00000000000 0.00000000000 0.00000000000 0.00000000000
