#Simulated generalized assessment 
# 
#start/end year 
73 100 
#number of ages 
15 
#ages 
1 2 3 4 5 6 7 8 9 10 11 12 13 14 15 
#Number of length bins 
25 
#CPUE years 
28 
#years for CPUE 
73 74 75 76 77 78 79 80 81 82 83 84 85 86 87 88 89 90 91 92 93 94 95 96 97 98 99 100 
#survey years 
28 
#years for survey 
73 74 75 76 77 78 79 80 81 82 83 84 85 86 87 88 89 90 91 92 93 94 95 96 97 98 99 100 
#length freq from catch years 
28 
#years for length freq catch 
73 74 75 76 77 78 79 80 81 82 83 84 85 86 87 88 89 90 91 92 93 94 95 96 97 98 99 100 
#catch length sample sizes 
200 200 200 200 200 200 200 200 200 200 200 200 200 200 200 200 200 200 200 200 200 200 200 200 200 200 200 200 
#length freq from survey years 
28 
#years for length freq survey 
73 74 75 76 77 78 79 80 81 82 83 84 85 86 87 88 89 90 91 92 93 94 95 96 97 98 99 100 
#survey sample sizes 
200 200 200 200 200 200 200 200 200 200 200 200 200 200 200 200 200 200 200 200 200 200 200 200 200 200 200 200 
#total survey biomass 
3745.374 7818.069 12517.95 10214.64 22147.08 24240.65 23465.23 33072.67 70138.76 73649.83 77804.62 125824.7 164305.8 222672.7 162941.4 161873 140316.3 112994.8 132552.2 135379.9 129338.1 171937.6 215405.4 196395.6 219390.4 146528.5 164259.7 138493.8 
#survey CV 
0.2 0.2 0.2 0.2 0.2 0.2 0.2 0.2 0.2 0.2 0.2 0.2 0.2 0.2 0.2 0.2 0.2 0.2 0.2 0.2 0.2 0.2 0.2 0.2 0.2 0.2 0.2 0.2 
#total CPUE 
2825.966 4408.162 7640.965 7047.889 18060.96 16746.35 18651.51 24153.97 33016.52 56575.39 46442.51 122933.8 107276.3 145366.4 154909.8 106776.4 113372.8 147256.9 92747.74 94886.76 101813.6 73212.83 138555.9 87031.24 146493.3 129247 103088.7 136820.5 
#CPUE CV 
0.2 0.2 0.2 0.2 0.2 0.2 0.2 0.2 0.2 0.2 0.2 0.2 0.2 0.2 0.2 0.2 0.2 0.2 0.2 0.2 0.2 0.2 0.2 0.2 0.2 0.2 0.2 0.2 
#total catch biomass 
2474.713 2462.98 4348.795 5989.473 8981.763 11325.15 13427.17 13375.21 24880.97 27427.11 40458.47 59723.11 64290.01 93922.31 115105.9 82708.1 73760.45 100081.9 78969.01 78293.71 74765.41 72686.23 95718.19 100049.1 108663 115974.8 105517.5 88668.3 
#catch CV 
0.1 0.1 0.1 0.1 0.1 0.1 0.1 0.1 0.1 0.1 0.1 0.1 0.1 0.1 0.1 0.1 0.1 0.1 0.1 0.1 0.1 0.1 0.1 0.1 0.1 0.1 0.1 0.1 
#Length Bins 
0.6062379 1.818714 3.03119 4.243665 5.456141 6.668617 7.881093 9.093569 10.30604 11.51852 12.731 13.94347 15.15595 16.36842 17.5809 18.79338 20.00585 21.21833 22.4308 23.64328 24.85575 26.06823 27.28071 28.49318 29.70566 
#catch length counts 
7.526238e-07 3.53998e-05 0.001152948 0.0260019 0.4060573 4.390947 32.87952 170.498 612.4347 1525.537 2646.581 3251.559 3001.876 2441.982 2126.022 1896.37 1453.801 909.2716 492.3476 246.3198 113.2707 46.09048 16.25713 4.90605 1.240325 
7.532367e-07 3.542862e-05 0.001153887 0.02602308 0.406388 4.394523 32.90629 170.6366 612.9303 1526.749 2648.525 3253.204 3001.011 2436.32 2115.153 1882.534 1439.99 897.2065 482.7624 239.6071 109.2471 44.03244 15.36106 4.579494 1.143045 
1.789397e-06 8.416463e-05 0.002741187 0.06182069 0.9654183 10.43961 78.17068 405.3281 1455.539 3621.581 6255.073 7554.02 6556.632 4481.475 2945.049 2132.725 1505.503 916.3636 489.2481 241.5973 109.549 43.84951 15.16659 4.477148 1.105597 
1.700642e-06 7.999002e-05 0.002605223 0.05875437 0.9175345 9.921865 74.29518 385.2608 1383.873 3447.18 5980.583 7348.673 6786.582 5519.476 4779.957 4182.794 3054.799 1717.051 769.1946 304.4 116.1474 42.58165 14.22891 4.14008 1.012606 
3.026132e-06 0.0001423347 0.004635747 0.1045478 1.632664 17.65494 132.1987 685.4829 2461.727 6126.576 10591.6 12838.25 11296.1 8052.975 5734.892 4453.24 3232.446 1969.732 1029.32 480.724 196.7365 67.63171 19.47295 4.842453 1.058011 
3.769799e-06 0.0001773132 0.005774973 0.1302403 2.033889 21.99365 164.6878 853.9698 3067.132 7636.514 13224.17 16133.77 14532.39 11073.86 8769.487 7281.387 5265.601 3011.947 1408.674 591.6078 235.1849 85.58249 26.92275 7.043814 1.49913 
4.392124e-06 0.0002065844 0.006728317 0.1517406 2.369648 25.62443 191.8753 994.9566 3573.627 8898.814 15418.52 18850.71 17107.97 13308.72 10881.19 9276.076 6869.459 4078.148 2019.393 893.6297 357.0494 124.0829 36.79983 9.344474 2.013179 
5.104597e-06 0.0002400956 0.007819757 0.1763553 2.754042 29.78112 223.0006 1156.354 4153.323 10342.31 17919.45 21907.7 19880.51 15463.34 12646.89 10802.85 8044.942 4838.566 2457.306 1129.326 471.7707 171.422 52.59069 13.48205 2.857171 
7.588996e-06 0.0003569498 0.01162562 0.2621872 4.094429 44.27545 331.5319 1719.095 6173.955 15368.16 26587.86 32319.25 28732.48 21111.4 15818.5 12722.54 9264.476 5536.167 2809.421 1297.136 548.9777 204.26 64.83184 17.28861 3.800208 
1.203057e-05 0.0005658602 0.01842969 0.4156362 6.490755 70.18831 525.5651 2725.201 9787.062 24359.7 42128.87 51139.9 45236.29 32746.99 23898.31 18753.75 13355.21 7708.74 3695.406 1596.312 643.6896 234.5739 74.42819 20.11265 4.52366 
1.449398e-05 0.0006817271 0.0222034 0.500743 7.819823 84.56042 633.1865 3283.331 11792.67 29363.29 50862.25 62118.09 56161.53 43235.23 34773.74 29205.85 21271.65 12261.25 5779.964 2418.647 932.9288 322.3727 96.77301 24.98184 5.472026 
1.993564e-05 0.0009376762 0.0305395 0.688743 10.75571 116.3078 870.9079 4515.959 16219.09 40377.18 69887.47 85105.71 76153.21 56994.99 43985.28 36109.18 26439.53 15729.76 7864.851 3526.692 1424.77 497.0629 146.1698 36.24466 7.55886 
2.828867e-05 0.001330562 0.04333555 0.9773263 15.26235 165.0408 1235.818 6408.134 23014.72 57293.61 99159.35 120712.8 107888.1 80469.57 61723.55 50336.6 36546.42 21426.29 10490.18 4634.844 1889.109 682.3449 210.3174 54.24161 11.50036 
3.168425e-05 0.001490275 0.04853727 1.094638 17.09435 184.8515 1384.166 7177.5 25779.76 64195.45 111230.6 136002.1 123462.9 96103.78 78594.27 66874.81 49234.11 28866.59 14024.02 6110.648 2448.688 871.0272 266.5982 69.29644 15.03244 
2.882498e-05 0.001355788 0.04415714 0.9958555 15.55172 168.1705 1259.268 6530.044 23457.05 58439.02 101444.1 124919.6 116234.9 96374.89 85805.34 77109.33 58450.54 35341.62 17966.44 8231.128 3410.611 1226.039 373.4032 95.97312 20.61841 
2.199999e-05 0.001034773 0.03370189 0.7600632 11.86949 128.3524 961.1136 4984.053 17905.19 44623.41 77569.95 96030.18 90980.14 78761.77 73922 68749.72 53517.49 33676.25 18226.16 8977.887 3963.704 1501.444 477.9948 126.9573 27.75447 
2.421836e-05 0.001139115 0.03710023 0.8367041 13.06634 141.2942 1058.011 5486.269 19705.65 49073.55 85053.46 104111.1 94894.65 74726.65 62395.87 54588.91 42163.93 27176.21 15415.78 8047.105 3772.356 1522.567 518.3079 146.7577 33.87673 
2.397812e-05 0.001127815 0.03673221 0.8284044 12.93673 139.8928 1047.521 5431.958 19511.75 48602.3 84315.94 103580.4 95593.97 77677.45 67446.85 59836.54 45350.25 27741.26 14558.09 7115.188 3272.79 1355.428 485.8747 146.3386 35.98527 
2.166701e-05 0.001019112 0.03319179 0.7485591 11.68983 126.4094 946.5587 4908.454 17631.86 43925.13 76239.42 93835.17 87165.57 71997.83 63886.75 57552.03 44151.13 27445.65 14653.26 7165.883 3199.513 1261.053 433.0126 128.5411 32.17612 
2.106752e-05 0.0009909147 0.03227344 0.727848 11.3664 122.9119 920.3694 4772.65 17144.08 42710.32 74133.55 91255.87 84811.67 70150.57 62403.09 56432.58 43621.41 27537.96 15078.51 7591.173 3469.541 1383.185 472.2386 136.9967 33.27749 
2.537834e-05 0.001193675 0.0388772 0.8767793 13.69217 148.0617 1108.683 5748.991 20648.75 51416.79 89077.83 108863.1 98665.52 76515.35 62434.52 53603.62 40690.03 25554.86 13994.57 7089.344 3286.194 1337.852 467.3475 137.9475 33.70362 
2.668462e-05 0.001255116 0.0408783 0.9219092 14.39694 155.683 1165.756 6045.046 21713.61 54083.24 93799.01 115110.9 105854.5 85232.2 73107.62 64332.22 48488.75 29417.51 15198.1 7249.292 3237.133 1301.874 456.7179 136.6491 33.97172 
2.656124e-05 0.001249312 0.04068929 0.9176466 14.33038 154.9632 1160.37 6017.161 21614.14 53842.36 93428.15 114876.8 106348.3 87104.57 76473.51 68468.26 52397.8 32517.31 17312.25 8420.121 3722.483 1443.211 484.0953 139.9556 34.24682 
2.884126e-05 0.001356554 0.04418207 0.9964176 15.5605 168.2652 1259.972 6533.595 23468.35 58452.8 101370 124368.6 114266.5 91832.61 78715.69 69641.01 53361.25 33508.84 18243.2 9132.171 4153.812 1647.332 557.901 159.7958 38.13527 
2.968716e-05 0.001396341 0.04547791 1.025642 16.01688 173.2005 1296.93 6725.293 24157.67 60177.17 104411.4 128339.5 118677.3 96930.46 84801.42 75788.68 58014.25 36111.69 19405.61 9633.17 4401.294 1775.939 616.4008 180.8234 43.85146 
2.919384e-05 0.001373138 0.04472219 1.008599 15.75073 170.3225 1275.382 6613.606 23757.21 59186.81 102742.2 126518.7 117732 97675.95 87199.93 78971 60989.55 38390.94 20932.93 10509.45 4813.19 1935.817 671.0967 198.1536 48.747 
2.765657e-05 0.001300832 0.04236724 0.9554886 14.92134 161.3538 1208.225 6265.388 22506.76 56075.49 97368.37 120028.9 112100.8 93841.82 84746.13 77370.97 60177.09 38304.12 21250.26 10882.23 5072.289 2068.876 724.2931 214.9846 53.03888 
2.263069e-05 0.001064439 0.03466807 0.781853 12.20977 132.0321 988.6691 5126.978 18419.08 45908.4 79832.84 98968.84 94201.68 82440.15 78391.52 73623.51 57958.38 37248.24 20931.75 10887.65 5160.706 2143.668 764.8601 230.9764 57.75906 
#survey length counts 
1.590358e-06 7.480279e-05 0.002436278 0.05494423 0.858033 9.278415 69.4763 360.2577 1293.853 3220.885 5573.949 6783.148 6055.186 4502.682 3444.323 2824.059 2095.268 1290.918 689.5539 340.1693 154.4856 62.13704 21.65362 6.451484 1.609708 
3.683553e-06 0.0001732566 0.005642852 0.1272606 1.987355 21.49037 160.9169 834.3673 2996.031 7452.614 12858.77 15467.05 13223.71 8601.508 5068.931 3271.473 2180.885 1301.05 688.2478 337.746 152.5543 60.94079 21.05609 6.212008 1.533463 
3.523779e-06 0.0001657416 0.005398095 0.1217407 1.901156 20.55832 153.9397 798.2298 2866.834 7136.814 12352 15037.52 13441.4 10024.67 7672.45 6202.009 4400.346 2449.808 1091.188 429.1158 162.7817 59.46436 19.83648 5.767124 1.409994 
6.221394e-06 0.0002926244 0.009530584 0.2149388 3.356575 36.29653 271.784 1409.238 5060.475 12589.99 21737.04 26213.38 22630.21 15202.27 9634.32 6728.73 4657.821 2792.04 1447.238 671.9752 273.9812 93.99549 27.03227 6.716839 1.466701 
7.821798e-06 0.0003678997 0.01198225 0.2702301 4.220029 45.6336 341.7005 1771.797 6362.866 15834.82 27370.8 33155.74 29103.88 20589.26 14415.61 10916.27 7611.082 4300.625 1997.804 833.6099 329.6472 119.5953 37.56846 9.822054 2.089581 
9.072709e-06 0.0004267365 0.01389853 0.313447 4.894923 52.93164 396.3482 2055.17 7380.697 18369.61 31764.47 38535.82 34014.21 24471.24 17681.65 13805.4 9881.841 5797.834 2851.238 1254.159 498.9108 172.956 51.22622 12.99728 2.798719 
1.04569e-05 0.000491842 0.01601897 0.3612683 5.641722 61.00721 456.8174 2368.72 8506.745 21172.25 36611.03 44416.96 39210.23 28222.22 20417.3 15983.79 11507.76 6839.951 3449.515 1575.88 655.5819 237.674 72.83073 18.65801 3.95238 
1.552129e-05 0.0007300469 0.02377715 0.5362348 8.374072 90.55359 678.0557 3515.841 12625.56 31415.28 54267.39 65574.26 57036.66 39238.56 26093.12 19014.74 13282.31 7824.254 3940.441 1808.22 762.0616 282.8987 89.68672 23.9008 5.251527 
2.485388e-05 0.001169007 0.03807378 0.8586601 13.4092 145.0013 1085.753 5629.802 20216.56 50300.18 86867.19 104860.6 90863.62 61753.9 40022.74 28345.5 19309.5 10979.68 5223.631 2241.919 899.5994 326.9253 103.5866 27.97143 6.288562 
3.000098e-05 0.001411102 0.04595865 1.036484 16.18618 175.0305 1310.614 6795.861 24405.56 60739.34 105009.2 127298.1 112048.2 79928.81 56827.12 43625.28 30676.24 17473.87 8182.557 3402.778 1306.02 449.9769 134.874 34.78837 7.616241 
4.138714e-05 0.001946652 0.06340116 1.429857 22.32925 241.459 1808.022 9374.962 33666.59 83776.61 144761.1 175129.2 152996 106697.3 72847.33 54314.08 38233.22 22440.01 11137.19 4963.519 1996.598 694.8951 204.0858 50.56665 10.54041 
5.782761e-05 0.002719932 0.0885864 1.997847 31.19924 337.3752 2526.233 13099.03 47040.04 117054.3 202255.7 244650.1 213615.5 148710.1 101131.6 74981.08 52352.29 30287.02 14721.93 6464.353 2622.829 944.9747 290.8958 74.97053 15.88863 
6.60081e-05 0.003104703 0.1011181 2.28047 35.6128 385.1018 2883.614 14952.3 53697.94 133647.4 231101.5 280367.5 247472 178027.8 128547.7 100122 71234.9 41278.92 19917.01 8624.212 3439.622 1220.239 372.9666 96.86969 21.00415 
5.954638e-05 0.002800775 0.09121939 2.057228 32.12657 347.4037 2601.347 13488.95 48446.65 120617.2 208840.1 254636.3 228882 173477.4 136548.8 113708.7 83847.07 50194.17 25349.27 11544.95 4763.794 1708.564 519.7304 133.4859 28.66432 
4.563502e-05 0.002146452 0.06990852 1.576614 24.6211 266.2429 1993.625 10337.85 37131.48 92468.36 160255.9 196122.3 178619.5 140319.1 116580.6 101132.8 76816.1 47881.71 25740.96 12607.89 5545.968 2096.741 666.8182 176.9978 38.67843 
5.07905e-05 0.00238894 0.07780621 1.754727 27.40258 296.32 2218.823 11505.22 41319 102842.6 177867.3 215943.2 191133.2 138716.2 102092.7 81827.91 61105.46 38898.64 21899.07 11366.87 5310.46 2139.607 727.6741 205.9238 47.51784 
5.008716e-05 0.002355859 0.07672877 1.730428 27.02312 292.2168 2188.105 11346.06 40749.1 101441 175558.2 213680.9 190865.5 142151.1 108911.7 89123.64 65556.19 39668.16 20668.93 10038.7 4598.058 1900.146 680.4176 204.8182 50.34978 
4.676976e-05 0.002199824 0.07164683 1.615817 25.23331 272.8627 2043.185 10594.64 38051.08 94731.09 163990.8 199814.3 179167.3 134910.2 105249.9 87464.69 65144.41 40053.4 21228.15 10316.86 4587.517 1804.151 618.7704 183.5582 45.92953 
4.463077e-05 0.002099216 0.0683701 1.541919 24.07928 260.3835 1949.741 10110.12 36311.02 90400.47 156503.6 190736.7 171176.1 129221.4 101278.4 84629.45 63550.83 39685.57 21572.85 10796.46 4915.926 1955.946 667.0875 193.4027 46.96102 
5.452045e-05 0.002564379 0.08352014 1.88359 29.41496 318.081 2381.765 12350.06 44352.16 110383.1 190847.3 231411.5 203882.1 145931.3 104715.8 81949.08 59986.77 37182.25 20201.65 10170.49 4696.08 1907.984 665.8107 196.41 47.97001 
5.780959e-05 0.002719084 0.0885588 1.997225 31.18953 337.2707 2525.464 13095.32 47030.78 117071.2 202557.6 246303 219230.6 161637.3 121805.6 98395.41 71825.43 43076.04 22089.33 10466.92 4652.661 1866.641 654.0597 195.5668 48.60105 
5.804712e-05 0.002730257 0.08892267 2.005431 31.31769 338.6566 2535.845 13149.22 47225.33 117565.2 203478.6 247736.2 221520.5 165503.8 127541.1 105070.1 77973.61 47842.52 25281.28 12218.56 5379.234 2080.875 697.1476 201.4069 49.26268 
6.354892e-05 0.002989035 0.09735091 2.195509 34.28603 370.7548 2776.19 14395.4 51699.65 128690.6 222644.3 270647.3 240648.2 176947.6 132955.2 107754.6 79878.88 49552.25 26767.35 13314.52 6031.726 2387.031 807.5119 231.1382 55.13882 
6.588953e-05 0.003099126 0.1009365 2.276373 35.54884 384.4105 2878.447 14925.71 53605.28 133444.8 230942.8 281080.5 251035.4 186922.3 143280.3 117614.2 87234.54 53668.37 28617.06 14113.23 6420.719 2585.023 896.1953 262.7325 63.69089 
6.48222e-05 0.003048924 0.09930145 2.239499 34.973 378.1837 2831.825 14684.03 52738.4 131297.5 227299.9 276992.1 248498.8 187404.1 146627.5 122311.1 91658.53 57043.63 30864.93 15397.31 7022.943 2818.495 975.9882 287.9885 70.81907 
6.188402e-05 0.002910726 0.09480044 2.13799 33.38779 361.042 2703.47 14018.51 50348.68 125353.6 217047.5 264675.9 238023.2 180725.9 142950 120327.4 90857.22 57179.89 31476 16016.9 7435.893 3026.667 1058.445 313.9669 77.42898 
5.072635e-05 0.002385923 0.07770794 1.752511 27.36798 295.9466 2216.047 11491.22 41274.34 102787.1 178151.6 218081.6 198811 156605.5 130718.1 114054.4 87479.27 55637.91 31028.4 16038.63 7572.654 3139.221 1118.884 337.6784 84.41044 
5.421979e-05 0.002550238 0.08305957 1.873203 29.25276 316.3273 2368.642 12282.19 44110.92 109807.4 190020.8 231207.2 206290 153253.4 117361.1 97181.39 74087.7 48247.31 28031.92 15091.68 7337.357 3106.681 1128.364 346.9744 88.33611 
