# Number of parameters = 77 Objective function value = 26492.6802335022  Maximum gradient component = 1.04542742423961
# srv_sel50:
0.999807938872
# srv_sel95:
1.00067123119
# stNatLen:
 12.1762520241 11.2494039186 9.71168914189 8.46615705675 7.56126803345 6.89921077551 6.40161656425 6.01846004932 5.71891033316 5.48372500586 5.30058163555 5.16141183917 5.06089278706 4.99558897103 4.96343116060
# log_avg_fmort_dir:
0.828849938679
# fmort_dir_dev:
 -1.01555576106 -0.845464220714 -0.604329797873 -0.619531431523 -0.727569537415 -0.411645125154 -0.534506072684 -0.467736490572 -0.295819438135 -0.309441144788 -0.0137812071013 -0.0395669038210 -0.0534939531690 0.0983166704535 0.0696076415074 0.249663543246 0.259118995799 0.226029073127 0.241899252712 0.325319316391 0.395616857538 0.480870613402 0.566116994395 0.673026428642 0.721609229761 0.708275694315 0.811529219347 0.111441553374
# mean_log_rec:
13.5375719436
# rec_dev:
 -1.76595745947 -2.84789440977 -2.25977742335 -1.43632317516 -1.32283662522 -1.05589101157 -0.765141821861 -0.435474935732 -0.207235593108 -0.0411006153888 -0.0113637329352 0.175244449374 0.366026112737 0.399386886371 0.522490403078 0.506830103390 0.515283764821 0.587320329880 0.737813984239 0.822160809217 0.822422245621 0.867033606606 0.974767404386 0.987868305904 0.875932629830 0.972076773579 1.00816951273 1.00816948180
# log_avg_NatM:
-1.36448700000
# m_dev:
 0.00000000000 0.00000000000 0.00000000000 0.00000000000 0.00000000000 0.00000000000 0.00000000000 0.00000000000 0.00000000000 0.00000000000 0.00000000000 0.00000000000 0.00000000000 0.00000000000 0.00000000000 0.00000000000 0.00000000000 0.00000000000 0.00000000000 0.00000000000 0.00000000000 0.00000000000 0.00000000000 0.00000000000 0.00000000000 0.00000000000 0.00000000000 0.00000000000
# log_avg_GrowthK:
-1.20372700000
# log_avg_Linf:
3.45755400000
# GrowthK_dev:
 0.00000000000 0.00000000000 0.00000000000 0.00000000000 0.00000000000 0.00000000000 0.00000000000 0.00000000000 0.00000000000 0.00000000000 0.00000000000 0.00000000000 0.00000000000 0.00000000000 0.00000000000 0.00000000000 0.00000000000 0.00000000000 0.00000000000 0.00000000000 0.00000000000 0.00000000000 0.00000000000 0.00000000000 0.00000000000 0.00000000000 0.00000000000 0.00000000000
# Linf_dev:
 0.00000000000 0.00000000000 0.00000000000 0.00000000000 0.00000000000 0.00000000000 0.00000000000 0.00000000000 0.00000000000 0.00000000000 0.00000000000 0.00000000000 0.00000000000 0.00000000000 0.00000000000 0.00000000000 0.00000000000 0.00000000000 0.00000000000 0.00000000000 0.00000000000 0.00000000000 0.00000000000 0.00000000000 0.00000000000 0.00000000000 0.00000000000 0.00000000000
# SelPars50:
0.993068562836
# SelPars95:
1.16703533558
# SelPars_dev50:
 0.00000000000 0.00000000000 0.00000000000 0.00000000000 0.00000000000 0.00000000000 0.00000000000 0.00000000000 0.00000000000 0.00000000000 0.00000000000 0.00000000000 0.00000000000 0.00000000000 0.00000000000 0.00000000000 0.00000000000 0.00000000000 0.00000000000 0.00000000000 0.00000000000 0.00000000000 0.00000000000 0.00000000000 0.00000000000 0.00000000000 0.00000000000 0.00000000000
# SelPars_dev95:
 0.00000000000 0.00000000000 0.00000000000 0.00000000000 0.00000000000 0.00000000000 0.00000000000 0.00000000000 0.00000000000 0.00000000000 0.00000000000 0.00000000000 0.00000000000 0.00000000000 0.00000000000 0.00000000000 0.00000000000 0.00000000000 0.00000000000 0.00000000000 0.00000000000 0.00000000000 0.00000000000 0.00000000000 0.00000000000 0.00000000000 0.00000000000 0.00000000000
