# Number of parameters = 77 Objective function value = 25095.1174931053  Maximum gradient component = 0.000847186110862147
# srv_sel50:
0.843207874514
# srv_sel95:
0.983486785706
# stNatLen:
 9.73330630770 8.40744493360 7.26053605573 6.40874670532 5.77724923982 5.29620016887 4.92039563052 4.62187853540 4.38299820767 4.19223914664 4.04187267318 3.92662202147 3.84288367366 3.78826387108 3.76130056270
# log_avg_fmort_dir:
0.417526150718
# fmort_dir_dev:
 -0.467429103822 -0.215435258330 -0.239147404976 -0.0705364842491 -0.0370659900216 0.133180919625 -0.160405762592 0.0656494336607 0.0405370529196 0.130979780226 -0.0330864574398 0.143984724784 0.0810807525878 -0.0646224813516 0.0594109619838 0.130750117404 -0.00364282054751 0.0180242604443 0.113312891449 0.0220028911398 -0.0495746309146 0.157044482565 0.0360031159368 -0.0275680512221 0.0335188590810 -0.0704882474029 0.0393828073250 0.234139641737
# mean_log_rec:
13.1708866424
# rec_dev:
 -2.59170588492 -2.11043601011 -1.79868100310 -1.46176432163 -1.24003186930 -1.13960145356 -0.731793394112 -0.322569750676 0.000544831203529 0.161415414656 0.488543075863 0.607247927665 0.624998062682 0.595903283726 0.536845821822 0.563626933015 0.606510753413 0.553340770257 0.578947971233 0.722468668196 0.822372875189 0.726223567237 0.752564254533 0.779961589464 0.746168651458 0.627986513784 0.450456360465 0.450456361552
# log_avg_NatM:
-0.940144300000
# m_dev:
 0.00000000000 0.00000000000 0.00000000000 0.00000000000 0.00000000000 0.00000000000 0.00000000000 0.00000000000 0.00000000000 0.00000000000 0.00000000000 0.00000000000 0.00000000000 0.00000000000 0.00000000000 0.00000000000 0.00000000000 0.00000000000 0.00000000000 0.00000000000 0.00000000000 0.00000000000 0.00000000000 0.00000000000 0.00000000000 0.00000000000 0.00000000000 0.00000000000
# log_avg_GrowthK:
-1.02151300000
# log_avg_Linf:
3.36611700000
# GrowthK_dev:
 0.00000000000 0.00000000000 0.00000000000 0.00000000000 0.00000000000 0.00000000000 0.00000000000 0.00000000000 0.00000000000 0.00000000000 0.00000000000 0.00000000000 0.00000000000 0.00000000000 0.00000000000 0.00000000000 0.00000000000 0.00000000000 0.00000000000 0.00000000000 0.00000000000 0.00000000000 0.00000000000 0.00000000000 0.00000000000 0.00000000000 0.00000000000 0.00000000000
# Linf_dev:
 0.00000000000 0.00000000000 0.00000000000 0.00000000000 0.00000000000 0.00000000000 0.00000000000 0.00000000000 0.00000000000 0.00000000000 0.00000000000 0.00000000000 0.00000000000 0.00000000000 0.00000000000 0.00000000000 0.00000000000 0.00000000000 0.00000000000 0.00000000000 0.00000000000 0.00000000000 0.00000000000 0.00000000000 0.00000000000 0.00000000000 0.00000000000 0.00000000000
# SelPars50:
1.00942012943
# SelPars95:
1.13966643526
# SelPars_dev50:
 0.00000000000 0.00000000000 0.00000000000 0.00000000000 0.00000000000 0.00000000000 0.00000000000 0.00000000000 0.00000000000 0.00000000000 0.00000000000 0.00000000000 0.00000000000 0.00000000000 0.00000000000 0.00000000000 0.00000000000 0.00000000000 0.00000000000 0.00000000000 0.00000000000 0.00000000000 0.00000000000 0.00000000000 0.00000000000 0.00000000000 0.00000000000 0.00000000000
# SelPars_dev95:
 0.00000000000 0.00000000000 0.00000000000 0.00000000000 0.00000000000 0.00000000000 0.00000000000 0.00000000000 0.00000000000 0.00000000000 0.00000000000 0.00000000000 0.00000000000 0.00000000000 0.00000000000 0.00000000000 0.00000000000 0.00000000000 0.00000000000 0.00000000000 0.00000000000 0.00000000000 0.00000000000 0.00000000000 0.00000000000 0.00000000000 0.00000000000 0.00000000000
