# Number of parameters = 106 Objective function value = 26539.0084641430  Maximum gradient component = 0.000395646864101003
# srv_sel50:
2.16391587531
# srv_sel95:
3.67108336280
# stNatLen:
 12.2680710851 11.7246702999 10.2722564849 9.15360981802 8.33253800355 7.72338959259 7.25995463538 6.89926371656 6.61473138037 6.38971392223 6.21348564043 6.07896736654 5.98145579616 5.91790209847 5.88650425075
# log_avg_fmort_dir:
0.949620020965
# fmort_dir_dev:
 -0.300722276621 -0.655283137892 -0.729513769919 -1.34598616629 -0.741406427461 -0.322960843046 -0.0961836889326 -0.324491879742 -0.215236937534 -0.183659803654 -0.0658514280535 -0.170053497202 0.0707534304661 0.115154352189 0.147526382858 0.328352559291 0.429289095192 0.339773361175 0.498963750083 0.432907858453 0.274993642443 0.274801119010 0.225510217229 0.192287293125 0.503142746569 0.338607863006 0.441282409346 0.538003775911
# mean_log_rec:
16.0342342528
# rec_dev:
 -3.31323121884 -2.76778698743 -2.48844887815 -1.64904321793 -0.984165439375 -0.796179875142 -0.673877523571 -0.295936012197 0.0315845204845 0.165911595551 0.472620289762 0.439794651481 0.292244855837 0.367872308969 0.297842079250 0.303130010240 0.623868774085 0.507120062417 0.450238880668 0.801797414621 1.08171899623 1.08782954950 1.24840761710 1.07956461869 0.936160092921 1.04002117082 0.870470834762 0.870470829249
# log_avg_NatM:
0.580839383006
# m_dev:
 -1.28675884792 -0.774653436992 -0.701215658220 -0.460186519070 -0.419334656080 -0.0386061148863 -0.0787295962015 -0.153968872325 -0.152347750718 -0.0283363690568 -0.0755807924335 0.0339171696974 0.0517533418077 -0.00631176683378 0.0951315431529 0.0622758140719 -0.0391892697501 0.203362273693 0.168038762304 0.113255139794 0.264427400063 0.377777874028 0.345562502362 0.568708255454 0.497455909160 0.405361476874 0.548700987415 0.479491200614
# log_avg_GrowthK:
-1.20372700000
# log_avg_Linf:
3.45755400000
# GrowthK_dev:
 0.00000000000 0.00000000000 0.00000000000 0.00000000000 0.00000000000 0.00000000000 0.00000000000 0.00000000000 0.00000000000 0.00000000000 0.00000000000 0.00000000000 0.00000000000 0.00000000000 0.00000000000 0.00000000000 0.00000000000 0.00000000000 0.00000000000 0.00000000000 0.00000000000 0.00000000000 0.00000000000 0.00000000000 0.00000000000 0.00000000000 0.00000000000 0.00000000000
# Linf_dev:
 0.00000000000 0.00000000000 0.00000000000 0.00000000000 0.00000000000 0.00000000000 0.00000000000 0.00000000000 0.00000000000 0.00000000000 0.00000000000 0.00000000000 0.00000000000 0.00000000000 0.00000000000 0.00000000000 0.00000000000 0.00000000000 0.00000000000 0.00000000000 0.00000000000 0.00000000000 0.00000000000 0.00000000000 0.00000000000 0.00000000000 0.00000000000 0.00000000000
# SelPars50:
2.10203230686
# SelPars95:
3.34593834708
# SelPars_dev50:
 0.00000000000 0.00000000000 0.00000000000 0.00000000000 0.00000000000 0.00000000000 0.00000000000 0.00000000000 0.00000000000 0.00000000000 0.00000000000 0.00000000000 0.00000000000 0.00000000000 0.00000000000 0.00000000000 0.00000000000 0.00000000000 0.00000000000 0.00000000000 0.00000000000 0.00000000000 0.00000000000 0.00000000000 0.00000000000 0.00000000000 0.00000000000 0.00000000000
# SelPars_dev95:
 0.00000000000 0.00000000000 0.00000000000 0.00000000000 0.00000000000 0.00000000000 0.00000000000 0.00000000000 0.00000000000 0.00000000000 0.00000000000 0.00000000000 0.00000000000 0.00000000000 0.00000000000 0.00000000000 0.00000000000 0.00000000000 0.00000000000 0.00000000000 0.00000000000 0.00000000000 0.00000000000 0.00000000000 0.00000000000 0.00000000000 0.00000000000 0.00000000000
