# Number of parameters = 78 Objective function value = 21680.1523490235  Maximum gradient component = 0.000117470214586612
# srv_sel50:
1.48838283992
# srv_sel95:
2.96151091454
# stNatLen:
 11.3009120000 10.6771038719 8.84390796947 7.50287073789 6.62321360577 6.01064794441 5.55358992468 5.19942417112 4.92008357128 4.69898392221 4.52566174858 4.39325981706 4.29723100446 4.23463189467 4.20372534600
# log_avg_fmort_dir:
0.729197254089
# fmort_dir_dev:
 -1.04412873297 -0.708794503220 -0.827007498854 -0.688911758025 -0.506461172410 -0.401096356317 -0.326781758262 -0.162469905074 -0.271684029627 -0.215635751778 -0.0467490421050 -0.0288193331399 -0.0604452079300 0.0101662244512 0.127591338569 0.195344413435 0.277625792014 0.315361725660 0.320399720143 0.445290084345 0.375926694518 0.412300475743 0.451708029533 0.376567611332 0.505900319404 0.571664543695 0.491328839996 0.411809236872
# mean_log_rec:
13.7542179092
# rec_dev:
 -2.04396636670 -1.48741674592 -1.37550511395 -1.18627967023 -0.917963417471 -0.806881423737 -0.696509193243 -0.523881900515 -0.0742858295798 0.0432759658840 0.264771972311 0.588017009320 0.639495382481 0.441673392318 0.366390088647 0.398168472585 0.364037673951 0.422213722083 0.312606718698 0.409686596412 0.495371484718 0.505104558998 0.647779070958 0.728172194704 0.689207781555 0.616326351260 0.590195616466 0.590195608001
# log_avg_NatM:
-0.460996831688
# m_dev:
 0.00000000000 0.00000000000 0.00000000000 0.00000000000 0.00000000000 0.00000000000 0.00000000000 0.00000000000 0.00000000000 0.00000000000 0.00000000000 0.00000000000 0.00000000000 0.00000000000 0.00000000000 0.00000000000 0.00000000000 0.00000000000 0.00000000000 0.00000000000 0.00000000000 0.00000000000 0.00000000000 0.00000000000 0.00000000000 0.00000000000 0.00000000000 0.00000000000
# log_avg_GrowthK:
-1.18630400000
# log_avg_Linf:
3.44583300000
# GrowthK_dev:
 0.00000000000 0.00000000000 0.00000000000 0.00000000000 0.00000000000 0.00000000000 0.00000000000 0.00000000000 0.00000000000 0.00000000000 0.00000000000 0.00000000000 0.00000000000 0.00000000000 0.00000000000 0.00000000000 0.00000000000 0.00000000000 0.00000000000 0.00000000000 0.00000000000 0.00000000000 0.00000000000 0.00000000000 0.00000000000 0.00000000000 0.00000000000 0.00000000000
# Linf_dev:
 0.00000000000 0.00000000000 0.00000000000 0.00000000000 0.00000000000 0.00000000000 0.00000000000 0.00000000000 0.00000000000 0.00000000000 0.00000000000 0.00000000000 0.00000000000 0.00000000000 0.00000000000 0.00000000000 0.00000000000 0.00000000000 0.00000000000 0.00000000000 0.00000000000 0.00000000000 0.00000000000 0.00000000000 0.00000000000 0.00000000000 0.00000000000 0.00000000000
# SelPars50:
1.56244629590
# SelPars95:
2.55336587781
# SelPars_dev50:
 0.00000000000 0.00000000000 0.00000000000 0.00000000000 0.00000000000 0.00000000000 0.00000000000 0.00000000000 0.00000000000 0.00000000000 0.00000000000 0.00000000000 0.00000000000 0.00000000000 0.00000000000 0.00000000000 0.00000000000 0.00000000000 0.00000000000 0.00000000000 0.00000000000 0.00000000000 0.00000000000 0.00000000000 0.00000000000 0.00000000000 0.00000000000 0.00000000000
# SelPars_dev95:
 0.00000000000 0.00000000000 0.00000000000 0.00000000000 0.00000000000 0.00000000000 0.00000000000 0.00000000000 0.00000000000 0.00000000000 0.00000000000 0.00000000000 0.00000000000 0.00000000000 0.00000000000 0.00000000000 0.00000000000 0.00000000000 0.00000000000 0.00000000000 0.00000000000 0.00000000000 0.00000000000 0.00000000000 0.00000000000 0.00000000000 0.00000000000 0.00000000000
