# Number of parameters = 599 Objective function value = 100754.  Maximum gradient component = 1.04485e+007
# srv_sel50:
0.719878390637
# srv_sel95:
0.997810928239
# stNatLen:
 6.52393992784 6.36163555371 6.86217329608 6.94514783396 6.67444426597 6.22029659066 5.95250260043 5.87662752067 5.84175833958 5.86314387781 5.69125462989 5.30484723740 4.92888543617 5.27950490246 7.10815747278
# log_avg_fmort_dir:
-0.0233826653557
# fmort_dir_dev:
 0.472518801825 -1.11591868113 -1.17628453967 -0.898600521810 -0.916593593526 -1.17027551633 -0.945487129235 -1.01380388082 -1.23742934382 -1.39500118450 -1.15413838599 -1.05597216837 -1.22526927694 -1.13933810246 -1.17707030220 -0.998767616472 -1.16496155528 -1.12299496852 -1.15219797790 -1.04952511478 -1.04333078111 -1.10343703652 -1.18626025855 -1.05023761952 -1.20769960080 -1.12330609104 -1.01980645883 -0.950962748887 -0.846337896795 -1.14191616743 -1.05651273588 -0.924358471220 -0.886685277372 -1.16363613115 -1.50006635991 -1.31974554189 -0.924608788350 -0.903183217195 -1.14186112382 -1.22641066774 -1.04320909005 -1.48461544769 -1.22411380013 -0.693169463329 -0.360915610395 -0.392811439357 -0.294194100447 -0.180102401432 -0.158663627464 0.0220148278011 0.329218746573 0.369814082367 0.250172300628 0.227122106407 0.456955529383 0.999850678608 1.52529390838 4.06923876199 4.04588321690 3.52949118672 1.14214769534 1.24854353806 1.01837321126 1.21555403197 1.02542398007 0.556943080558 0.944679856683 1.48978112621 2.13751850728 1.56739925331 1.89706564752 1.50929202957 0.0571292337712 -1.05381506946 0.454679361687 0.981006360238 0.315456669443 0.978819253668 -0.242262127969 1.38764962233 0.791057528531 -0.0992448492166 -0.678684487968 0.961328871404 0.677422253305 0.656020977991 1.87970740037 0.759744855273 1.71490559163 0.777315169861 1.16142824775 1.15560129888 0.796750001556 0.920753611437 1.45224662998 0.806475304159
# mean_log_rec:
7.26883191818
# rec_dev:
 -2.05735152367 -1.02671028945 -0.638198091743 -1.74127738208 -1.94604999725 -1.14090501357 -0.621839565644 -1.11833503675 -1.92303043762 -0.700163690560 -1.09117389199 -1.02547518179 -1.19822911607 -1.03204917628 -0.944486675825 -0.994868656157 -0.990921649499 -1.05510735802 -0.876895109849 -0.884438365364 -0.953502995403 -0.751146816455 -1.04596726065 -1.14274602287 -1.13554408145 -1.44293180956 -0.449678959646 -1.43815271609 -1.61522452202 -1.27318451913 -0.789968835909 -0.655973241192 -0.956941948263 -2.24535488037 -1.77423047441 -0.402214164304 -0.879920639238 -1.00113243168 -0.203549384382 -0.542005318927 -3.27179258157 -1.69064545252 -0.158978735341 -0.309155790486 -0.340545015510 -0.299936041285 -0.336126085431 -0.125351218114 -0.0218313924556 -0.185755781914 -0.144170239292 0.00803984192057 0.0495018126466 -0.0728823425027 -0.128321089761 0.324975715225 0.695804677276 0.967122498153 0.726903256664 0.580715289892 0.452529703077 0.632413114689 0.590746707527 0.343616021312 0.392633721713 0.503389573009 0.801915145240 0.903622782905 1.06744781040 1.60202549762 2.00634276383 1.53137005144 -0.818410399628 1.03805697137 1.63146323099 1.58274043712 1.86863590650 -0.797533111697 2.17994089232 2.03891482021 1.72107674172 -1.24015902717 2.23387665382 1.57882260596 1.53584163993 2.09966571045 1.49151671017 2.07409336280 1.69991972466 1.83425966261 1.97289659288 1.94281307212 2.25261298570 2.73434522627 2.92404833201 1.03181427170
# log_avg_NatM:
-1.38189893074
# m_dev:
 -2.12634634309 -1.59063361261 -2.04305393097 -1.66427154144 -1.52627881345 -1.47250189041 -1.63243063776 -1.38440945520 -1.04002705564 -0.889191386525 -0.786906789244 -0.655801089573 -0.635636561534 -0.672265472421 -0.735258230013 -0.781961564400 -0.817411460727 -0.823064771269 -0.803520336313 -0.774545516515 -0.726225907854 -0.686016718592 -0.633277069457 -0.643671741329 -0.604626613587 -0.647547537063 -0.672120651000 -0.702230291686 -0.713146926102 -0.745500107023 -0.829066668174 -0.974055196081 -0.999583414574 -0.906012570468 -0.848771822118 -0.849131559906 -0.936270498487 -0.819253043800 -0.636373633092 -0.473465466109 -0.441598605829 -0.388223562686 -0.371571316529 -0.361345576154 -0.253656429203 -0.148789130066 -0.0635181610305 -0.00159827494562 0.0301713929452 0.0444476839969 0.0932202035191 0.123489752424 0.205885190204 0.276016330143 0.344267795995 0.443210872055 0.701873528857 0.959209517112 1.16851524939 0.875418775332 0.747565679058 0.714442871877 0.717281700882 0.760591045703 0.673733490908 0.648402626472 0.733054494959 0.818690484107 0.947560828040 0.996354922775 0.963460788737 0.993377565853 0.789046883877 0.671760732136 0.702110582696 0.953290336143 0.975307881076 0.875194753185 0.786639141808 1.08155765387 1.02808521417 0.860695731112 0.840338889455 1.04259301452 1.08664119267 1.09504107661 1.20254064208 1.17138917406 1.20490745604 1.15982469313 1.19677511189 1.17980220583 1.16755676992 1.22487095265 1.35676579339 1.29918627839
# log_avg_GrowthK:
-0.967584000000
# log_avg_Linf:
3.39366393551
# GrowthK_dev:
 0.00000000000 0.00000000000 0.00000000000 0.00000000000 0.00000000000 0.00000000000 0.00000000000 0.00000000000 0.00000000000 0.00000000000 0.00000000000 0.00000000000 0.00000000000 0.00000000000 0.00000000000 0.00000000000 0.00000000000 0.00000000000 0.00000000000 0.00000000000 0.00000000000 0.00000000000 0.00000000000 0.00000000000 0.00000000000 0.00000000000 0.00000000000 0.00000000000 0.00000000000 0.00000000000 0.00000000000 0.00000000000 0.00000000000 0.00000000000 0.00000000000 0.00000000000 0.00000000000 0.00000000000 0.00000000000 0.00000000000 0.00000000000 0.00000000000 0.00000000000 0.00000000000 0.00000000000 0.00000000000 0.00000000000 0.00000000000 0.00000000000 0.00000000000 0.00000000000 0.00000000000 0.00000000000 0.00000000000 0.00000000000 0.00000000000 0.00000000000 0.00000000000 0.00000000000 0.00000000000 0.00000000000 0.00000000000 0.00000000000 0.00000000000 0.00000000000 0.00000000000 0.00000000000 0.00000000000 0.00000000000 0.00000000000 0.00000000000 0.00000000000 0.00000000000 0.00000000000 0.00000000000 0.00000000000 0.00000000000 0.00000000000 0.00000000000 0.00000000000 0.00000000000 0.00000000000 0.00000000000 0.00000000000 0.00000000000 0.00000000000 0.00000000000 0.00000000000 0.00000000000 0.00000000000 0.00000000000 0.00000000000 0.00000000000 0.00000000000 0.00000000000 0.00000000000
# Linf_dev:
 0.136789060901 0.0457013182420 0.0517333011516 0.0554390155318 0.0471135481218 0.0636691152961 -0.0733197418666 0.0557373361362 0.147474274050 0.0109466575200 -0.0241921164700 0.0306126451845 0.0367250143751 -0.00762468859522 0.0362838674210 0.0234040683011 0.0121691723985 0.0496234390135 0.0274273746068 0.0217889709121 0.0275824768093 0.0517550018200 0.0110770478589 0.0190815542731 0.0403689603738 0.00577105506108 0.00593993292128 -0.00681005478589 0.0442906638535 -0.0159517412676 0.0124705336355 -0.00991079829159 0.0489106480984 0.0222478574805 0.0242963207810 0.00542884338003 -0.0101153647261 0.0236614838482 0.0556330137588 0.0154203329251 0.0422172247195 0.0275943805780 -0.0302025988845 -0.0582660045265 0.0317763600662 0.0374425502169 0.0298124830113 0.0407396105945 0.0243433282362 0.0238510568251 0.0169161515766 0.0107112626768 0.00216684943403 0.0295130187979 0.0275261849334 0.0442538340728 0.0438890725679 0.0714740595100 0.123338183323 0.115437617964 0.104047881449 0.0467384436289 0.0529009751667 0.0443601681623 0.0572937205382 0.0505962012830 0.0342854231652 0.0409300599126 0.0511512542046 0.0530277716436 0.0314502260767 0.0430830482462 0.0186624841888 0.0444957112271 -0.713876105387 -0.0106012716032 -0.0210729838646 -0.0383281549041 0.00290972581951 -0.545114242234 -0.00644984434042 -0.0245106750009 -0.0494662428703 -0.563831769272 0.00438112408410 -0.0578125635439 -0.0493760821258 -0.0135345908842 -0.0588364618847 -0.0141899864752 -0.0537794410150 -0.0277791998816 -0.0346761222634 -0.0625152207170 -0.0595296431723 -0.0482176430893
# SelPars50:
2.11630767449
# SelPars95:
3.37765796131
# SelPars_dev50:
 -0.141165502317 -8.76807076050 -5.74026761535 -0.0443900360782 -0.110853108052 -1.27022644074 -0.0715936610538 -0.109680400149 -0.111655097062 -2.09087458403 -0.116227148268 -0.0989477556880 -0.114707778897 -0.0725264893438 -0.106432223683 -0.0929119667216 -0.0667850320847 -0.00995906447709 -0.0812504713859 -0.0949651460743 -0.116247740390 -0.115831487580 -0.116077327282 -0.115998268408 -0.0712906758660 -0.116166618767 -0.106384376164 -0.116183431413 -0.115699907535 -0.0466017094642 -0.0639564928500 -0.103668020801 -0.0946312185459 -0.0971278767931 -4.20124260630 -1.80223563520 -0.116609404463 -0.0400515385954 -0.0666349526744 -0.116296614135 -0.111924521484 -3.00364381178 -2.15923700429 -0.0106365843733 0.0551183703477 0.411484154707 0.468444682970 0.517483756725 0.396056896394 0.485513290346 0.905120104017 1.03432546082 0.823890819479 0.743368936962 0.873946581486 1.19698071617 1.32056377501 0.885804855572 0.804166422205 0.722696377649 0.730343856916 1.00491935101 0.900268607178 0.840437989537 0.868857836833 0.608054923475 0.670303990061 0.705145278821 0.772732407674 0.594582221259 0.657928041155 0.770080110692 0.648667464690 0.112737311986 1.11393845713 0.848453616801 0.468101208385 0.860563520482 -0.0746703916281 1.07551687303 0.692429310595 0.527396458722 -3.09608316702 0.829590662406 0.529803973681 0.601519472650 0.861192195163 0.436780323457 0.731699597207 0.344494411638 0.538969938843 0.406680589528 0.259188959041 0.517785764969 0.921128771907 1.41336296797
# SelPars_dev95:
 0.0619742336033 3.62721916461 1.88286262994 -1.15778578165 -1.36555080348 -0.576769341773 -1.25060831428 -1.36582873195 -1.35252883440 -0.366245348506 -1.37608193725 -1.34517667634 -1.37334355799 -1.27124360361 -1.35750490470 -1.31049403289 -1.26091505607 -1.10954016440 -1.28723417304 -1.31988624683 -1.37750891934 -1.37102331901 -1.37710106731 -1.37678639077 -1.25904100721 -1.37732928582 -1.35958709770 -1.37740740467 -1.37612457093 -1.20011128027 -1.24493268497 -1.35266416234 -1.32264047821 -1.33508107200 0.361382503174 -0.318155483743 -1.37795723639 -1.20441543165 -1.25236584158 -1.37763031311 -1.36940768844 0.299818513677 0.147339993995 -1.07496655664 -1.02391008318 -0.184988144800 -0.0411190030900 0.0243098768542 -0.221206662465 -0.0189615006622 0.545727920449 0.777821514934 0.547866364603 0.389474783956 0.834701776629 1.16607815942 1.33036619541 0.157386534465 0.0529019115471 -0.0444347092828 0.579726174628 0.835388853074 0.876363325594 0.700798661664 0.793845661692 0.494212454878 0.488645354794 0.441208065291 0.328852924263 0.233419254504 0.223157361945 0.510925674913 0.991813566914 1.66926091383 1.51921392112 1.07872929667 1.50506195872 0.981511116472 1.84496119273 1.26580154806 1.23672734753 1.60583565009 2.98816568537 1.28334661059 1.26010835402 1.24247904279 0.884624677176 0.987736125448 0.733390493884 0.683908794788 0.660296169802 0.466153770642 0.365034539316 0.803025426339 1.20305997720 2.68957288072
