# Number of parameters = 80 Objective function value = 22451.3058584345  Maximum gradient component = 0.000930943723948490
# srv_sel50:
1.39884966680
# srv_sel95:
2.75977181991
# stNatLen:
 11.2788403891 10.7025597880 8.87421606656 7.54912430541 6.68495749859 6.08509124829 5.63837945581 5.29264875779 5.02017443966 4.80462635520 4.63572588280 4.50674699814 4.41323064839 4.35228344617 4.32218224711
# log_avg_fmort_dir:
0.682648097594
# fmort_dir_dev:
 -1.09209793892 -0.759142046964 -0.722080935626 -0.695008712100 -0.466671355316 -0.316316568507 -0.376631047973 -0.186153101133 -0.226822065210 -0.151455412110 -0.121521265442 -0.0175638670365 0.00808127019483 0.00288068201341 0.124889644296 0.223247200422 0.324450358027 0.205030267295 0.323588980997 0.302855412123 0.469515053500 0.400538560619 0.350954192209 0.402016527258 0.393635346488 0.502363464968 0.502932686919 0.629804427530 -0.0353197585228
# mean_log_rec:
13.7257559926
# rec_dev:
 -2.07799009645 -1.57285039241 -1.43982454117 -1.20838215925 -0.948031131573 -0.812185861637 -0.687638638816 -0.519059105062 -0.136706028900 0.0150108011393 0.233866128943 0.576736653834 0.652218144309 0.461450143391 0.378692548228 0.352345666892 0.274923271273 0.348614336324 0.285581274489 0.411845666230 0.464170484705 0.513131886037 0.624392254701 0.722356730893 0.708756786995 0.569321709543 0.540037445364 0.634608030925 0.634607991051
# log_avg_NatM:
-0.505589352846
# m_dev:
 0.00000000000 0.00000000000 0.00000000000 0.00000000000 0.00000000000 0.00000000000 0.00000000000 0.00000000000 0.00000000000 0.00000000000 0.00000000000 0.00000000000 0.00000000000 0.00000000000 0.00000000000 0.00000000000 0.00000000000 0.00000000000 0.00000000000 0.00000000000 0.00000000000 0.00000000000 0.00000000000 0.00000000000 0.00000000000 0.00000000000 0.00000000000 0.00000000000 0.00000000000
# log_avg_GrowthK:
-1.18630400000
# log_avg_Linf:
3.44583300000
# GrowthK_dev:
 0.00000000000 0.00000000000 0.00000000000 0.00000000000 0.00000000000 0.00000000000 0.00000000000 0.00000000000 0.00000000000 0.00000000000 0.00000000000 0.00000000000 0.00000000000 0.00000000000 0.00000000000 0.00000000000 0.00000000000 0.00000000000 0.00000000000 0.00000000000 0.00000000000 0.00000000000 0.00000000000 0.00000000000 0.00000000000 0.00000000000 0.00000000000 0.00000000000 0.00000000000
# Linf_dev:
 0.00000000000 0.00000000000 0.00000000000 0.00000000000 0.00000000000 0.00000000000 0.00000000000 0.00000000000 0.00000000000 0.00000000000 0.00000000000 0.00000000000 0.00000000000 0.00000000000 0.00000000000 0.00000000000 0.00000000000 0.00000000000 0.00000000000 0.00000000000 0.00000000000 0.00000000000 0.00000000000 0.00000000000 0.00000000000 0.00000000000 0.00000000000 0.00000000000 0.00000000000
# SelPars50:
1.48472388519
# SelPars95:
2.39213859194
# SelPars_dev50:
 0.00000000000 0.00000000000 0.00000000000 0.00000000000 0.00000000000 0.00000000000 0.00000000000 0.00000000000 0.00000000000 0.00000000000 0.00000000000 0.00000000000 0.00000000000 0.00000000000 0.00000000000 0.00000000000 0.00000000000 0.00000000000 0.00000000000 0.00000000000 0.00000000000 0.00000000000 0.00000000000 0.00000000000 0.00000000000 0.00000000000 0.00000000000 0.00000000000 0.00000000000
# SelPars_dev95:
 0.00000000000 0.00000000000 0.00000000000 0.00000000000 0.00000000000 0.00000000000 0.00000000000 0.00000000000 0.00000000000 0.00000000000 0.00000000000 0.00000000000 0.00000000000 0.00000000000 0.00000000000 0.00000000000 0.00000000000 0.00000000000 0.00000000000 0.00000000000 0.00000000000 0.00000000000 0.00000000000 0.00000000000 0.00000000000 0.00000000000 0.00000000000 0.00000000000 0.00000000000
