#Simulated generalized assessment 
# 
#start/end year 
71 98 
#number of ages 
15 
#ages 
1 2 3 4 5 6 7 8 9 10 11 12 13 14 15 
#Number of length bins 
25 
#CPUE years 
28 
#years for CPUE 
71 72 73 74 75 76 77 78 79 80 81 82 83 84 85 86 87 88 89 90 91 92 93 94 95 96 97 98 
#survey years 
28 
#years for survey 
71 72 73 74 75 76 77 78 79 80 81 82 83 84 85 86 87 88 89 90 91 92 93 94 95 96 97 98 
#length freq from catch years 
28 
#years for length freq catch 
71 72 73 74 75 76 77 78 79 80 81 82 83 84 85 86 87 88 89 90 91 92 93 94 95 96 97 98 
#catch length sample sizes 
200 200 200 200 200 200 200 200 200 200 200 200 200 200 200 200 200 200 200 200 200 200 200 200 200 200 200 200 
#length freq from survey years 
28 
#years for length freq survey 
71 72 73 74 75 76 77 78 79 80 81 82 83 84 85 86 87 88 89 90 91 92 93 94 95 96 97 98 
#survey sample sizes 
200 200 200 200 200 200 200 200 200 200 200 200 200 200 200 200 200 200 200 200 200 200 200 200 200 200 200 200 
#total survey biomass 
6032.675 9837.495 8285.759 11992.47 19216.2 23416.6 20331.13 31496.9 60811.94 39337.88 90556.82 88880.71 113289.8 174335.9 124028.4 144478.1 92294.92 185209.6 96831.4 105121.1 115554.1 129575.6 128289.9 108776.3 145405.9 103402 145300.2 157095.6 
#survey CV 
0.2 0.2 0.2 0.2 0.2 0.2 0.2 0.2 0.2 0.2 0.2 0.2 0.2 0.2 0.2 0.2 0.2 0.2 0.2 0.2 0.2 0.2 0.2 0.2 0.2 0.2 0.2 0.2 
#total CPUE 
4466.279 8317.378 9935.081 13368.93 31957.2 40213.95 24815.05 31566.63 38990.02 58048.55 96516.64 114374.1 181699.7 160597.8 122628.8 120857 121266.8 95164.19 118746.8 133305.3 106902.7 103646.4 119630.7 118508.8 182920.1 142767.3 179023.9 112431.8 
#CPUE CV 
0.2 0.2 0.2 0.2 0.2 0.2 0.2 0.2 0.2 0.2 0.2 0.2 0.2 0.2 0.2 0.2 0.2 0.2 0.2 0.2 0.2 0.2 0.2 0.2 0.2 0.2 0.2 0.2 
#total catch biomass 
4317.88 4759.952 6264.229 7424.669 9146.696 18621.58 19441.61 22423.14 25723.54 40383.01 47398.9 61663.14 83086.24 100684.1 108066.4 102287.4 86220.05 85105.85 78331.76 77417.52 80718.2 78230.04 87924.78 99652.26 107486.4 108291.8 109922.8 99469.65 
#catch CV 
0.05 0.05 0.05 0.05 0.05 0.05 0.05 0.05 0.05 0.05 0.05 0.05 0.05 0.05 0.05 0.05 0.05 0.05 0.05 0.05 0.05 0.05 0.05 0.05 0.05 0.05 0.05 0.05 
#Length Bins 
0.7268035 2.18041 3.634017 5.087624 6.541231 7.994838 9.448445 10.90205 12.35566 13.80927 15.26287 16.71648 18.17009 19.62369 21.0773 22.53091 23.98451 25.43812 26.89173 28.34534 29.79894 31.25255 32.70616 34.15976 35.61337 
#catch length counts 
5.747992e-37 7.977834e-29 1.338447e-21 2.714344e-15 6.653895e-10 1.971671e-05 0.07062203 30.5769 1600.273 10123.8 7754.625 1450.078 5063.781 4290.577 1214.586 935.561 284.5835 89.61479 17.509 2.055049 0.1064887 0.00177131 7.006455e-06 5.28542e-09 6.570121e-13 
5.865426e-37 8.140825e-29 1.365792e-21 2.769799e-15 6.789837e-10 2.011953e-05 0.07206488 31.2016 1632.968 10330.64 7914.609 1520.265 5136.018 4118.352 1187.264 860.6823 253.749 75.18568 13.52224 1.381435 0.05859464 0.0007553087 2.225763e-06 1.2185e-09 1.081871e-13 
1.170519e-36 1.624603e-28 2.725609e-21 5.52748e-15 1.354997e-09 4.015103e-05 0.1438144 62.26669 3258.791 20616.05 15782.28 2317.886 5265.627 3979.441 1169.121 792.7709 225.1835 62.22383 10.26526 0.9132644 0.03170302 0.0003155608 6.904756e-07 2.741586e-10 1.740642e-14 
9.680356e-37 1.34357e-28 2.254117e-21 4.571304e-15 1.120601e-09 3.320546e-05 0.1189366 51.49543 2695.066 17049.82 13075.65 2981.069 10157.94 7125.531 1395.147 702.8663 190.8822 48.71443 7.284897 0.5606623 0.0159197 0.0001225557 1.991598e-07 5.732384e-11 2.602891e-15 
1.630167e-36 2.262564e-28 3.79592e-21 7.69805e-15 1.887086e-09 5.591782e-05 0.2002885 86.71802 4538.476 28711.75 21993.36 3676.93 8813.793 5957.231 2138.15 1249.659 225.5516 42.14118 5.586045 0.3671335 0.00846842 5.045512e-05 6.111092e-08 1.278731e-11 4.15889e-16 
4.461621e-36 6.192436e-28 1.03891e-20 2.106888e-14 5.164787e-09 0.0001530421 0.5481719 237.3395 12421.4 78581.43 60163.01 8484.925 14616.44 9011.292 2063.419 1020.231 285.5289 52.17639 4.464145 0.2281946 0.004210397 1.931898e-05 1.746457e-08 2.667864e-12 6.241268e-17 
1.989531e-36 2.761337e-28 4.632716e-21 9.395055e-15 2.303087e-09 6.824469e-05 0.2444414 105.8347 5538.965 35041.74 27023.01 11127.47 39912.59 22743.66 3851.412 1396.842 258.9186 47.84776 4.593825 0.1624376 0.002089333 7.176966e-06 4.819421e-09 5.379216e-13 9.082745e-18 
4.672208e-36 6.484717e-28 1.087946e-20 2.206332e-14 5.408564e-09 0.0001602656 0.5740454 248.5418 13007.69 82290.64 63047.61 10040.66 18141.88 10977.03 7067.571 3244.783 418.9365 48.31533 3.737117 0.128432 0.001216614 2.786852e-06 1.318831e-09 1.062183e-13 1.292342e-18 
5.53253e-36 7.678787e-28 1.288276e-20 2.612598e-14 6.404476e-09 0.0001897763 0.6797479 294.3074 15402.88 97444.01 74833.04 17248.03 40936.19 20262.98 3919.229 1736.929 598.8427 74.53091 3.446136 0.0831592 0.0006616876 1.143977e-06 3.646868e-10 1.98069e-14 1.677246e-19 
7.356359e-36 1.021014e-27 1.712963e-20 3.473854e-14 8.515745e-09 0.0002523371 0.9038305 391.3274 20480.52 129567.2 99525.46 22550.1 48813.25 23466.48 7323.184 2451.738 361.7857 63.75409 4.205454 0.07029464 0.0003571449 4.608012e-07 1.10732e-10 4.235704e-15 2.421536e-20 
8.94247e-36 1.241156e-27 2.082296e-20 4.222855e-14 1.035183e-08 0.0003067437 1.098706 475.7018 24896.34 157504.2 121148.3 30627.81 65325.26 29171.26 8705.431 2889.526 495.939 49.83675 2.929973 0.0600276 0.000247999 2.048128e-07 3.323726e-11 9.184623e-16 3.805064e-21 
1.331677e-35 1.848279e-27 3.100872e-20 6.288506e-14 1.541553e-08 0.0004567904 1.636149 708.396 37074.63 234549.1 180361 41984.54 78190.3 33120.89 10804.45 3260.162 527.1613 52.12092 2.169368 0.03382943 0.0001387918 1.0077e-07 1.156754e-11 2.09233e-16 5.831906e-22 
1.752925e-35 2.432944e-27 4.081768e-20 8.277744e-14 2.029192e-08 0.0006012866 2.153711 932.4824 48802.42 308746.8 237879.5 63210.29 116575.5 45232.23 12896.84 3571.59 568.9491 50.40486 1.851012 0.02131105 6.248714e-05 3.780229e-08 3.752809e-12 5.37752e-17 1.068308e-22 
2.139238e-35 2.969122e-27 4.981318e-20 1.010201e-13 2.476389e-08 0.0007337995 2.62835 1137.985 59557.61 376793.6 290899.2 85376.85 151374.9 56408.09 17768.62 4319.27 584.1278 46.5444 1.483471 0.01394661 3.029133e-05 1.280108e-08 9.34313e-13 1.054755e-17 1.682904e-23 
2.114331e-35 2.934551e-27 4.923319e-20 9.984392e-14 2.447556e-08 0.0007252556 2.597748 1124.735 58864.17 372415.7 288735.2 102877.3 180169 64537.29 21503.22 5001.275 650.3951 42.57532 1.116079 0.008572386 1.454139e-05 4.549708e-09 2.342421e-13 1.843915e-18 2.10567e-24 
1.662931e-35 2.308038e-27 3.872213e-20 7.852771e-14 1.925014e-08 0.0005704169 2.043141 884.6094 46296.96 292920 228752.7 104712.7 180686.8 65474.69 25157.29 5629.531 717.3845 42.51275 0.9025522 0.005348426 6.999114e-06 1.661752e-09 6.325505e-14 3.582546e-19 2.877796e-25 
1.871625e-35 2.597692e-27 4.358167e-20 8.838276e-14 2.166599e-08 0.000642003 2.29955 995.6259 52107.12 329676.7 256423.5 92679.05 136692.8 52094.91 22909.29 5275.926 688.9451 37.75914 0.6894768 0.00321239 3.134515e-06 5.50139e-10 1.547732e-14 6.435886e-20 3.754317e-26 
1.854799e-35 2.574338e-27 4.318986e-20 8.758817e-14 2.147121e-08 0.0006362312 2.278877 986.6749 51638.69 326729.3 255701.9 108448 152303.9 49526.97 17608.87 4262.207 586.2463 31.25416 0.5052743 0.001930216 1.450685e-06 1.876719e-10 3.819138e-15 1.145802e-20 4.830277e-27 
1.80402e-35 2.50386e-27 4.200745e-20 8.519026e-14 2.088339e-08 0.000618813 2.216488 959.6626 50224.99 317800.1 249865.1 113020.4 147637.7 49181.65 17501.61 3367.449 414.3638 21.80476 0.32286 0.001043391 6.236871e-07 6.147342e-11 9.236788e-16 2.003628e-21 6.04052e-28 
1.818822e-35 2.524405e-27 4.235213e-20 8.588926e-14 2.105474e-08 0.0006238905 2.234674 967.5368 50637.12 320423 252770.6 115507.6 138062.4 45271.09 15693.77 2914.754 298.7158 12.89174 0.1693173 0.000472183 2.305832e-07 1.777968e-11 2.026019e-16 3.25982e-22 7.170337e-29 
2.079104e-35 2.885659e-27 4.841292e-20 9.818042e-14 2.406778e-08 0.0007131722 2.554467 1105.996 57883.56 366291.2 289340.7 126197.8 135855.8 42866.36 13850.68 2424.681 225.655 7.926856 0.08094615 0.0001826212 7.267185e-08 4.459761e-12 3.936097e-17 4.79768e-23 7.860675e-30 
2.291157e-35 3.179974e-27 5.335067e-20 1.081941e-13 2.652251e-08 0.0007859104 2.815003 1218.799 63787.32 403687.4 320862.6 148010.7 146880.7 42769.55 12249.75 1935.914 159.5135 4.754342 0.03796554 6.412394e-05 1.93157e-08 9.135607e-13 6.228003e-18 5.811122e-24 7.19861e-31 
2.711334e-35 3.763152e-27 6.313469e-20 1.280359e-13 3.138649e-08 0.000930039 3.331249 1442.316 75485.42 477760.1 381205.1 174689.6 158500.8 46090.29 12266.65 1665.056 115.5252 2.851409 0.01815388 2.328941e-05 5.148523e-09 1.773831e-13 8.887228e-19 6.159466e-25 5.699519e-32 
2.888873e-35 4.009565e-27 6.726877e-20 1.364197e-13 3.344169e-08 0.0009909384 3.54938 1536.759 80428.48 509151.8 411555.6 214317 182842.6 50911.05 12502.07 1550.536 89.12668 1.737054 0.008604638 8.426582e-06 1.388576e-09 3.489799e-14 1.258421e-19 6.253002e-26 4.160377e-33 
3.342517e-35 4.639193e-27 7.783209e-20 1.578419e-13 3.869309e-08 0.001146547 4.106744 1778.079 93058.5 589171 477543.1 237711.4 185790.4 53818.44 12530.31 1385.748 67.83199 1.047155 0.003909373 2.849374e-06 3.475552e-10 6.414304e-15 1.682206e-20 6.02319e-27 2.86701e-34 
3.694375e-35 5.127549e-27 8.602528e-20 1.744575e-13 4.276621e-08 0.001267241 4.539051 1965.253 102855.1 651369.8 534298.5 283412.4 204802.9 55164.53 11872.47 1234.377 51.50687 0.6368435 0.001809958 9.690097e-07 8.566045e-11 1.143404e-15 2.168229e-21 5.604794e-28 1.920612e-35 
3.697396e-35 5.131742e-27 8.609561e-20 1.746002e-13 4.280118e-08 0.001268277 4.542762 1966.86 102940 652178.8 544327.8 316450 215631.8 57892.84 11278.97 1030.121 37.26915 0.3752118 0.000819348 3.258523e-07 2.092172e-11 2.002105e-16 2.708319e-22 4.991934e-29 1.221006e-36 
3.344421e-35 4.641835e-27 7.787642e-20 1.579318e-13 3.871512e-08 0.0011472 4.109084 1779.092 93114.05 590288.2 504150.7 324674.6 211218.9 58569.44 10788.47 877.233 26.34853 0.2143943 0.0003654447 1.093046e-07 5.149854e-12 3.563364e-17 3.45175e-23 4.527299e-30 7.85276e-38 
#survey length counts 
8.055317e-37 1.118025e-28 1.875719e-21 3.80392e-15 9.324861e-10 2.763127e-05 0.09897071 42.8509 2242.646 14187.63 10866.94 2003.863 6901.655 5846.1 1641.652 1257.814 378.6856 117.6348 22.48169 2.54479 0.1255393 0.001985403 7.499775e-06 5.428039e-09 6.502587e-13 
1.569012e-36 2.177686e-28 3.653519e-21 7.409264e-15 1.816294e-09 5.382011e-05 0.1927749 83.46486 4368.219 27634.6 21152.37 3027.88 6995.971 5599.459 1600.241 1153.208 334.4119 97.38199 17.17381 1.708567 0.06971124 0.000858476 2.421177e-06 1.275176e-09 1.094447e-13 
1.305583e-36 1.812063e-28 3.040111e-21 6.165284e-15 1.511347e-09 4.478397e-05 0.1604089 69.45151 3634.816 22994.95 17628.73 3865.089 13676.81 10212.08 1979.194 1043.169 289.1909 78.19363 12.57838 1.092137 0.03681967 0.0003536078 7.446631e-07 2.851941e-10 1.753671e-14 
2.150994e-36 2.985437e-28 5.00869e-21 1.015752e-14 2.489997e-09 7.378317e-05 0.2642793 114.4238 5988.487 37884.93 29014.21 4728.488 11747.02 8429.759 2929.474 1864.19 350.2714 67.99944 9.741501 0.7286244 0.02014275 0.0001508848 2.380759e-07 6.649175e-11 2.93355e-15 
5.825292e-36 8.085121e-28 1.356447e-20 2.750847e-14 6.743377e-09 0.0001998186 0.7157177 309.881 16217.94 102599.4 78540.72 10885.83 19463.71 12819.3 2879.725 1509.143 434.043 87.33818 8.0591 0.4667021 0.0104025 6.043277e-05 7.152178e-08 1.462751e-11 4.650169e-16 
2.573461e-36 3.571795e-28 5.992427e-21 1.215252e-14 2.979048e-09 8.827463e-05 0.3161854 136.8973 7164.662 45326.39 34921.26 13899.4 53149.75 32489.2 5472.591 2107.903 402.3954 78.95956 8.525531 0.3486417 0.00538833 2.351642e-05 2.076211e-08 3.111625e-12 7.15257e-17 
5.902568e-36 8.192375e-28 1.374441e-20 2.787339e-14 6.832832e-09 0.0002024693 0.7252122 313.9918 16433.08 103960.6 79634.06 12492.18 23841.65 15161.9 9547.113 4906.648 667.1408 81.63332 6.918522 0.2802189 0.003262613 9.490248e-06 5.906511e-09 6.401257e-13 1.06214e-17 
6.980369e-36 9.688292e-28 1.625412e-20 3.296303e-14 8.080498e-09 0.0002394399 0.8576349 371.3263 19433.74 122944.4 94374.33 21354.93 54171.53 28831.77 5498.642 2524.39 925.6234 131.6699 6.745498 0.1882883 0.001852672 4.123698e-06 1.733411e-09 1.266638e-13 1.464307e-18 
9.261586e-36 1.285447e-27 2.156604e-20 4.37355e-14 1.072124e-08 0.00031769 1.137914 492.6775 25784.78 163123.5 125244 27952.27 64938.47 33353.05 10247.57 3795.2 570.5267 108.3064 8.460994 0.1691557 0.001052564 1.746672e-06 5.565648e-10 2.870578e-14 2.239535e-19 
1.116509e-35 1.549641e-27 2.599844e-20 5.272431e-14 1.292474e-08 0.0003829838 1.371786 593.9358 31084.24 196650.6 151171.8 37751.64 86900.29 41491.57 12230.64 4430.072 802.9429 88.82047 5.829158 0.1469423 0.0007690479 8.18444e-07 1.757061e-10 6.557356e-15 3.711856e-20 
1.662891e-35 2.307983e-27 3.87212e-20 7.852582e-14 1.924968e-08 0.0005704033 2.043092 884.5882 46295.82 292885.1 225099.3 51947.87 104759.1 47309.75 15338.89 5072.642 863.4751 95.35279 4.560403 0.08515566 0.000445178 4.245803e-07 6.489721e-11 1.584349e-15 6.037069e-21 
2.177424e-35 3.02212e-27 5.070234e-20 1.028233e-13 2.520593e-08 0.0007468978 2.675266 1158.298 60620.71 383512.8 295278.6 78029.03 156568.9 64920.45 18484.6 5577.614 944.5197 93.84255 4.012645 0.05633394 0.0002090731 1.660446e-07 2.212236e-11 4.298965e-16 1.16686e-21 
2.648323e-35 3.675698e-27 6.166746e-20 1.250604e-13 3.065708e-08 0.0009084252 3.253831 1408.797 73730.81 466457.7 359816 105397.2 204057.3 80868.35 25685.71 6858.42 986.6709 88.41092 3.314298 0.03839502 0.0001066562 5.924232e-08 5.803562e-12 8.918619e-17 1.952018e-22 
2.640904e-35 3.6654e-27 6.149469e-20 1.2471e-13 3.057119e-08 0.0009058802 3.244716 1404.85 73524.26 465160.4 360209.4 128530 246484.9 93466.9 31677.75 8065.246 1133.68 84.12874 2.601724 0.0248124 5.42228e-05 2.242115e-08 1.552833e-12 1.665314e-17 2.614637e-23 
2.057323e-35 2.855429e-27 4.790574e-20 9.715188e-14 2.381564e-08 0.000705701 2.527706 1094.41 57277.06 362384.2 282509.2 130207.6 246522.4 93613.22 37113.07 9070.43 1260.26 85.62177 2.171235 0.01604254 2.716327e-05 8.559734e-09 4.396022e-13 3.396671e-18 3.752094e-24 
2.333652e-35 3.238955e-27 5.434019e-20 1.102008e-13 2.701443e-08 0.000800487 2.867214 1241.405 64970.21 411053.5 319285.2 116514.8 188844.3 74508.33 34319.95 8576.905 1238.362 78.47027 1.732391 0.01016283 1.288809e-05 3.009947e-09 1.145207e-13 6.508663e-19 5.226499e-25 
2.308008e-35 3.203363e-27 5.374305e-20 1.089898e-13 2.671757e-08 0.0007916906 2.835707 1227.763 64256.28 406553.8 317615.3 136716 211550.7 71877.98 26555.71 6913.189 1063.6 66.26225 1.310939 0.006364621 6.258778e-06 1.081282e-09 2.981311e-14 1.224254e-19 7.113857e-26 
2.235494e-35 3.102719e-27 5.205455e-20 1.055656e-13 2.587816e-08 0.0007668171 2.746614 1189.189 62237.49 393797.1 309001.1 142557.1 205311.8 70964.04 26789.47 5569.184 757.2621 46.95496 0.8612645 0.00357262 2.81302e-06 3.718668e-10 7.589232e-15 2.256105e-20 9.382451e-27 
2.261795e-35 3.139223e-27 5.266698e-20 1.068076e-13 2.618262e-08 0.0007758389 2.778929 1203.18 62969.75 398446.5 313658.5 146821.6 193640.4 65715.55 24320.21 4909.905 565.1912 28.60318 0.467482 0.001688817 1.093962e-06 1.136587e-10 1.764249e-15 3.896938e-21 1.183458e-27 
2.581264e-35 3.582624e-27 6.010595e-20 1.218937e-13 2.98808e-08 0.0008854227 3.17144 1373.124 71863.98 454740.3 358468.3 160800.5 191242.6 62465.73 21666.07 4130.003 436.661 18.23153 0.2320683 0.0006799059 3.607981e-07 2.997325e-11 3.615147e-16 6.061952e-22 1.373049e-28 
2.879512e-35 3.996573e-27 6.705081e-20 1.359777e-13 3.333333e-08 0.0009877276 3.537879 1531.78 80167.47 507322.8 402305.9 191727.1 210370.6 63621.39 19635.1 3391.346 319.4794 11.44267 0.1150173 0.0002531426 1.018764e-07 6.541809e-12 6.113423e-17 7.866289e-23 1.349366e-29 
3.436156e-35 4.769158e-27 8.001252e-20 1.622638e-13 3.977706e-08 0.001178667 4.221793 1827.891 95664.88 605438.2 481939.7 229080.8 229767.7 69405.94 20120.94 3002.519 239.4766 7.15478 0.05779334 9.720521e-05 2.879712e-08 1.349267e-12 9.283926e-18 8.892903e-24 1.141935e-30 
3.647048e-35 5.061862e-27 8.492324e-20 1.722226e-13 4.221835e-08 0.001251007 4.480903 1940.076 101536.5 642713.8 518055.7 281507.8 265284.2 76919.06 20651.46 2841.405 189.8133 4.505041 0.02846294 3.671855e-05 8.136956e-09 2.786807e-13 1.381697e-18 9.498329e-25 8.781282e-32 
4.23988e-35 5.884675e-27 9.872762e-20 2.002176e-13 4.9081e-08 0.00145436 5.20928 2255.439 118041.6 747261.6 604044.5 314851.2 271422.5 82002.34 21064.46 2600.43 149.3754 2.836249 0.01357446 1.307583e-05 2.150687e-09 5.42023e-14 1.957122e-19 9.702063e-26 6.419614e-33 
4.694327e-35 6.515416e-27 1.093096e-19 2.216777e-13 5.434168e-08 0.001610243 5.76763 2497.185 130694.2 827552.9 676822.9 377837 301114.2 84928.33 20164.35 2364.147 116.9732 1.793968 0.006579391 4.672302e-06 5.581084e-10 1.018972e-14 2.664036e-20 9.544644e-27 4.549857e-34 
4.734317e-35 6.57092e-27 1.102408e-19 2.235662e-13 5.480461e-08 0.001623961 5.816764 2518.459 131808.5 834911.3 694559.9 427139.2 320208.9 90490.04 19587.99 2026.307 87.6642 1.105366 0.003133732 1.659511e-06 1.443048e-10 1.891308e-15 3.530755e-21 9.028137e-28 3.074593e-35 
4.283507e-35 5.945226e-27 9.974349e-20 2.022778e-13 4.958602e-08 0.001469324 5.262881 2278.647 119258.7 755824.5 643187.9 440449.9 314076.8 92146.19 18971.74 1765.81 63.88149 0.6553832 0.001459347 5.835187e-07 3.73186e-11 3.541382e-16 4.737864e-22 8.624732e-29 2.083687e-36 
4.154976e-35 5.766833e-27 9.675059e-20 1.962082e-13 4.809814e-08 0.001425236 5.104963 2210.274 115681.3 733390.4 628055.2 413072.2 276166.4 84552.95 16854.85 1465.019 45.13886 0.3690535 0.0006347487 1.926082e-07 9.173254e-12 6.37278e-17 6.165736e-23 8.052278e-30 1.388137e-37 
