#Simulated generalized assessment 
# 
#start/end year 
73 100 
#number of ages 
15 
#ages 
1 2 3 4 5 6 7 8 9 10 11 12 13 14 15 
#Number of length bins 
25 
#CPUE years 
28 
#years for CPUE 
73 74 75 76 77 78 79 80 81 82 83 84 85 86 87 88 89 90 91 92 93 94 95 96 97 98 99 100 
#survey years 
28 
#years for survey 
73 74 75 76 77 78 79 80 81 82 83 84 85 86 87 88 89 90 91 92 93 94 95 96 97 98 99 100 
#length freq from catch years 
28 
#years for length freq catch 
73 74 75 76 77 78 79 80 81 82 83 84 85 86 87 88 89 90 91 92 93 94 95 96 97 98 99 100 
#catch length sample sizes 
200 200 200 200 200 200 200 200 200 200 200 200 200 200 200 200 200 200 200 200 200 200 200 200 200 200 200 200 
#length freq from survey years 
28 
#years for length freq survey 
73 74 75 76 77 78 79 80 81 82 83 84 85 86 87 88 89 90 91 92 93 94 95 96 97 98 99 100 
#survey sample sizes 
200 200 200 200 200 200 200 200 200 200 200 200 200 200 200 200 200 200 200 200 200 200 200 200 200 200 200 200 
#total survey biomass 
54488.24 55249.71 40185.92 44903.23 95205.5 106666.5 157613.5 231137.1 385395.7 238380.7 339885.9 252649.4 324441.6 430096.6 392471.7 570220.1 332144 296346.5 535021.7 337855.7 435380 306277.2 422691.1 447711.3 346356.1 441147 377889 510413.4 
#survey CV 
0.2 0.2 0.2 0.2 0.2 0.2 0.2 0.2 0.2 0.2 0.2 0.2 0.2 0.2 0.2 0.2 0.2 0.2 0.2 0.2 0.2 0.2 0.2 0.2 0.2 0.2 0.2 0.2 
#total CPUE 
37793.14 52845.5 43262.34 79409.65 80240.71 89011.87 173530.8 225564 260061.8 398848.4 268561.6 356443.5 384289.7 477694.3 303004 267639.2 341822.7 524318 346923.8 376779 208761.8 358990 417362.7 549994.4 346521.5 585094.5 539045.7 399801.3 
#CPUE CV 
0.2 0.2 0.2 0.2 0.2 0.2 0.2 0.2 0.2 0.2 0.2 0.2 0.2 0.2 0.2 0.2 0.2 0.2 0.2 0.2 0.2 0.2 0.2 0.2 0.2 0.2 0.2 0.2 
#total catch biomass 
11604.1 16352.9 12002.46 9437.692 17381.35 27113.95 40973.71 58601.09 80982.52 118416.7 157929.7 148301.7 170468.4 173302.3 142882.8 174603.1 179092.2 171115.5 186019.6 227479.2 196609.8 178322.4 157241.4 189149.3 216325 203069.8 194528.2 214671.2 
#catch CV 
0.1 0.1 0.1 0.1 0.1 0.1 0.1 0.1 0.1 0.1 0.1 0.1 0.1 0.1 0.1 0.1 0.1 0.1 0.1 0.1 0.1 0.1 0.1 0.1 0.1 0.1 0.1 0.1 
#Length Bins 
0.6062379 1.818714 3.03119 4.243665 5.456141 6.668617 7.881093 9.093569 10.30604 11.51852 12.731 13.94347 15.15595 16.36842 17.5809 18.79338 20.00585 21.21833 22.4308 23.64328 24.85575 26.06823 27.28071 28.49318 29.70566 
#catch length counts 
1.634393e-06 7.687397e-05 0.002503735 0.05646557 0.8817918 9.53537 71.40148 370.2631 1330.112 3314.362 5757.708 7110.96 6687.701 5717.967 5402.653 5372.423 4966.797 4330.94 3765.768 3270.701 2771.478 2221.807 1608.87 999.1435 507.6487 
1.858542e-06 8.741684e-05 0.002847109 0.06420954 1.002725 10.84309 81.19368 421.0398 1512.488 3768.488 6544.462 8072.492 7559.666 6397.68 5971.594 5898.112 5433.633 4710.069 4037.889 3419.533 2810.755 2203.729 1584.826 987.8373 504.8729 
2.680635e-07 1.260842e-05 0.0004106483 0.009261198 0.1446293 1.564066 11.71473 60.80834 219.2978 554.8688 1021.452 1532.232 2303.998 3722.639 5450.019 6399.501 6140.774 5318.89 4511.624 3767.437 3034.145 2318.588 1629.671 1002.104 509.9304 
4.434872e-10 2.086003e-08 6.794667e-07 1.532989e-05 0.0002397823 0.002609408 0.02002994 0.1139748 0.5537223 2.80844 14.71021 65.35053 219.8291 556.9875 1128.104 1976.322 3073.36 4078.737 4476.343 4142.651 3400.853 2564.578 1762.822 1061.33 531.9173 
7.291265e-06 0.000342946 0.01116952 0.251901 3.93379 42.53815 318.5168 1651.475 5929.228 14740.44 25375.19 30248.12 24969.55 14285.48 5716.171 1776.968 889.5465 1270.288 2044.761 2705.315 2874.948 2491.091 1795.822 1082.386 535.1683 
6.06248e-06 0.0002851498 0.009287144 0.2094487 3.270846 35.36979 264.8531 1373.473 4934.523 12301.07 21405.18 26601.15 25516.36 22664.79 21674.55 19778.87 14230.57 7499.273 3137.786 1643.008 1564.907 1643.099 1406.65 937.1791 483.3021 
1.311979e-05 0.0006170917 0.02009827 0.4532668 7.078409 76.54287 573.1453 2971.87 10672.26 26556.27 45882.53 55485.56 48420.08 33764.51 23504.9 19102.13 16368.74 13190.86 9401.557 5570.279 2771.422 1412.711 908.4748 614.0752 341.9249 
1.591587e-05 0.000748606 0.02438161 0.549867 8.586966 92.85607 695.3061 3605.487 12950.33 32251.54 55904.36 68461.56 62501.62 49436.89 41583.85 36729.56 28973.54 19836.08 12962.56 8519.984 5253.724 2815.446 1327.235 602.5189 271.5412 
2.602079e-05 0.001223893 0.03986138 0.8989749 14.03878 151.8095 1136.739 5894.308 21168.35 52687.56 91122.06 110623.1 97915.6 71184.84 53028.41 44276.06 36294.83 27297.94 19186.96 12533.17 7450.795 4013.484 1934.256 814.7444 298.4927 
2.927118e-05 0.001376775 0.04484067 1.011271 15.79245 170.7733 1278.751 6630.925 23817.28 59315.3 102820.9 125939.4 115057.7 91228.97 77203.55 69008.66 55644.23 39303.25 26222.06 17170.5 10610.08 5893.322 2856.908 1184.486 412.6484 
3.814292e-05 0.001794059 0.05843132 1.317774 20.57894 222.5325 1666.32 8640.592 31034.81 77281.2 133904 163730.9 148711.3 116254 97059.69 87725.72 74111.02 56493.25 40329.18 26906.12 16346.74 8959.389 4370.918 1836.535 640.4278 
3.620985e-05 0.001703137 0.05547004 1.25099 19.53601 211.2545 1581.869 8202.643 29461.3 73357.93 127072 155214.9 140449.5 108659.5 89236.52 79500.66 66403.34 50366.08 36526.85 25432.05 16287.41 9272.706 4589.751 1931.726 673.9923 
4.252912e-05 0.002000365 0.06515057 1.46931 22.94539 248.122 1857.927 9634.001 34600.67 86138.9 149102.5 181610.7 162679.1 122366.4 96224.76 83077.6 68225.03 50987.72 36451.98 25240.66 16355.98 9594.249 4934.339 2146.826 764.8603 
5.169407e-05 0.00243144 0.0791904 1.785944 27.89008 301.5918 2258.303 11710.02 42055.78 104689.1 181147.5 220337.2 196375.6 145554.3 111570.2 93971.2 75258.58 54334.24 37331.97 25043.89 15932.63 9306.267 4838.364 2154.06 789.2938 
4.811992e-05 0.002263329 0.07371515 1.662463 25.96175 280.7398 2102.169 10900.52 39149.97 97470.05 168754.2 205724.9 184839 140135.7 111205.5 95597.77 76378.6 54023.46 35867.23 23098.83 14103.19 7955.122 4047.817 1792.197 661.9483 
5.750592e-05 0.002704801 0.0880936 1.986734 31.0257 335.499 2512.196 13026.5 46783.27 116451.7 201463 244870.1 217669.4 160135.9 121297.8 101405.7 81123.75 58449.58 39535.13 25473.49 15206.11 8258.733 4034.409 1728.101 625.5399 
5.16415e-05 0.002428967 0.07910986 1.784128 27.86172 301.2853 2256.013 11698.26 42015.16 104603.9 181108.8 220801.9 198433.5 150527.8 119491.1 102560.1 81550.96 57186.79 37550.94 23871.84 14260.69 7730.996 3715.653 1545.605 541.3481 
4.665325e-05 0.002194344 0.07146834 1.611792 25.17045 272.1829 2038.093 10568.21 37955.74 94489.79 163546.4 199150.7 178212.8 133634.1 104401.2 89220.49 71913.43 51825.98 34921.34 22330.35 13167.81 7015.869 3327.564 1367.516 470.9955 
5.473701e-05 0.002574565 0.08385189 1.891072 29.53181 319.3448 2391.237 12399.35 44531.74 110855.2 191835.7 233426 208325.2 155011.6 119549.1 101064.5 80861.99 57969.01 39118.41 25326.82 15200.48 8192.172 3881.846 1578.938 536.2925 
5.266167e-05 0.002476951 0.08067267 1.819373 28.41213 307.2374 2300.588 11929.53 42847.51 106693.5 184845 225915.7 204832.3 159210.7 131166.4 115710.2 93554.16 66668.98 44464.55 28525.29 17089.62 9266.663 4435.722 1818.387 618.3586 
4.620734e-05 0.002173371 0.07078526 1.596387 24.92988 269.5817 2018.622 10467.38 37595.44 93611.09 162150.3 198040.5 179129.1 138417.1 113402.2 100630 83319.35 61903.15 43165.08 28417.75 17113 9244.681 4414.712 1814.047 620.0852 
4.821232e-05 0.002267675 0.07385669 1.665655 26.0116 281.2787 2106.2 10921.33 39223.44 97640.39 168963.3 205576.7 183420.1 136420.8 105337.2 89703.21 73116.37 54226.91 38265.55 25888.55 16154.08 9001.808 4377.027 1810.562 620.0297 
5.047175e-05 0.002373948 0.07731792 1.743715 27.23061 294.4606 2204.907 11433.19 41062.18 102221.8 176919.6 215389.3 192590.6 144057.7 111975 95016.32 75839.47 54100.08 36555.44 24104.31 15032.35 8533.68 4265.254 1811.639 632.4797 
5.478231e-05 0.002576696 0.08392129 1.892638 29.55626 319.6094 2393.226 12409.82 44571.54 110976 192193.4 234562.2 211599.8 162244.8 131074.4 114326.4 92351.8 66109.71 44325 28546.48 17228.03 9522.705 4717.793 2021.652 719.0004 
6.156551e-05 0.002895745 0.09431251 2.126986 33.21593 359.1833 2689.543 13946.1 50085.93 124672.7 215686.7 262164.3 233065.3 171535 130122.4 109184.9 88032.21 64308.8 44279.39 28997.55 17494.67 9519.195 4607.45 1935.648 682.3489 
5.437292e-05 0.00255744 0.08329414 1.878494 29.33539 317.2212 2375.348 12317.21 44240.34 110165.3 190884.5 233412.4 211995.1 165516.2 137132.8 121118.3 97457.32 68846.19 45647.02 29417.33 17863.43 9837.628 4777.622 1990.457 691.5096 
6.43467e-05 0.003026559 0.09857303 2.223071 34.71645 375.4092 2811.041 14576.09 52348.28 130302.3 225413.5 273929.1 243344 178756.6 135335.5 113858.8 92728.36 68833.77 48053.19 31580.59 18974.13 10273.04 4949.809 2061.911 716.1124 
5.653147e-05 0.002658968 0.08660083 1.953068 30.49997 329.8146 2469.647 12806.2 45996.75 114540 198470.6 242717.1 220536.3 172367.4 143003.7 126362 101636.5 71823.67 47824.79 31119.85 19112.13 10603.97 5156.58 2140.862 738.8449 
#survey length counts 
1.000766e-05 0.0004707121 0.01533078 0.345748 5.399356 58.38657 437.2007 2267.133 8143.788 20287.36 35207.34 43313.45 40197.15 33274.3 30227.9 29425.47 26998.24 23395.6 20066.44 17000.47 13977.42 10960.41 7882.9 4913.697 2511.393 
1.31564e-06 6.18814e-05 0.002015438 0.04545341 0.7098312 7.676289 57.49355 298.4091 1075.806 2718.371 4979.739 7361.179 10783.71 17061.66 24769.1 29020.39 27843.61 24130.58 20481.24 17110.37 13783.58 10534.54 7405.068 4553.673 2317.236 
1.888855e-09 8.884473e-08 2.893887e-06 6.528892e-05 0.001021096 0.01110682 0.08510406 0.4811973 2.297936 11.36319 58.53324 258.4776 868.1162 2199.201 4455.847 7810.897 12153.24 16134.56 17711.38 16394.07 13460.73 10152.05 6978.83 4201.895 2105.96 
2.711345e-05 0.001275286 0.04153522 0.9367241 14.62827 158.1833 1184.443 6141.211 22048.55 54814.1 94360.71 112481.2 92851.61 53118.41 21239.21 6550.909 3160.073 4418.655 7098.83 9391.727 9981.178 8648.945 6235.269 3758.272 1858.258 
2.039503e-05 0.0009592838 0.03124325 0.7046145 11.00358 118.9888 890.9993 4620.485 16599.42 41372.58 71942.03 89168.1 84785.29 73851.71 69149.69 62436.77 44771.53 23574.19 9865.937 5173.457 4933.091 5180.812 4435.455 2955.165 1523.993 
4.375843e-05 0.002058186 0.06703376 1.511781 23.60861 255.2933 1911.609 9912.029 35594.45 88566 152983.2 184829.4 160730.9 110846.7 75484.14 60164.41 51175.96 41189.73 29363.99 17402.99 8660.812 4416.205 2840.74 1920.384 1069.325 
4.898763e-05 0.002304142 0.0750444 1.692441 26.42991 285.8025 2140.085 11097.26 39858.49 99252.91 171969.8 210250.4 190836 148647.5 122372.6 106656.9 83771.17 57319.08 37480.05 24651.43 15206.78 8150.796 3842.856 1744.704 786.3528 
7.837381e-05 0.003686326 0.1200612 2.707684 42.28437 457.2453 3423.817 17753.36 63756.86 158678 274352.2 332697 293284.7 210653 153637.3 126210.1 102860.1 77295.45 54352.82 35521.62 21124.16 11381.36 5485.902 2310.962 846.6978 
8.240656e-05 0.003876008 0.126239 2.84701 44.46016 480.7745 3600.033 18667.75 67049.99 166966.2 289312.9 353811.4 321475.7 251242.4 208373.2 183967.4 147761.3 104325.2 69646.26 45634.46 28209.65 15672.26 7598.4 3150.574 1097.643 
8.816254e-05 0.004146741 0.1350566 3.045869 47.56563 514.3556 3851.483 19971.51 71731.14 178606.9 309373.6 377833.1 341717.9 264091.4 216866.2 193990.9 163376.1 124526.6 88955.02 59381.07 36089.53 19784.47 9653.381 4056.411 1414.601 
8.548026e-05 0.004020579 0.1309476 2.953201 46.11848 498.7065 3734.299 19363.78 69547.21 173157.5 299854.9 365832.4 329642.4 252116.2 203555.6 179373.3 149316.3 113236.3 82177.9 57250.65 36677.64 20885.35 10338.96 4351.766 1518.431 
9.528813e-05 0.004481895 0.1459724 3.292046 51.41003 555.9268 4162.751 21585.23 77522.47 192981 333957 406370.9 362728.2 270128.7 209077.1 178544.9 146105.4 109168.2 78100.22 54113.01 35078.27 20580.86 10586.06 4606.093 1641.104 
0.0001080924 0.005084145 0.1655873 3.734412 58.3182 630.6287 4722.109 24485.57 87937.12 218889.3 378672.2 460215.4 408943.6 300510.7 227110.3 189351.9 151132.5 109090.8 75009.08 50353.75 32047.64 18723.34 9735.605 4334.651 1588.376 
0.0001032443 0.004856114 0.1581604 3.566918 55.70255 602.3446 4510.329 23387.63 83996.94 209110.6 361953.3 440829.6 394722.1 296409.1 231755.3 197239.7 157074 111078.2 73800.07 47561.11 29051.36 16390.89 8341.388 3693.504 1364.259 
0.0001164651 0.005477957 0.1784135 4.023675 62.83545 679.4763 5087.873 26382.09 94747.26 235830.8 407911.9 495428.5 439194.6 320550.3 239595.4 198360.4 158168.9 113941 77125.01 49726.89 29696.13 16132.47 7881.922 3376.447 1222.273 
0.0001069212 0.005029057 0.1637931 3.693949 57.68631 623.7962 4670.958 24220.56 86988.6 216560.1 374859.9 456605.3 409024.4 307490.9 240710.2 204668.5 162249.4 113759.4 74754.33 47556.88 28422.25 15412.03 7408.356 3081.93 1079.502 
0.0001070803 0.005036541 0.1640368 3.699446 57.77215 624.7242 4677.901 24256.43 87115.54 216857.6 375248.5 456485 407023.7 302100.1 232183.2 196167.9 157516 113479.1 76513.81 48957.32 28880.64 15391.36 7301.055 3000.751 1033.563 
0.0001223173 0.005753215 0.1873784 4.225858 65.99283 713.6191 5343.537 27707.89 99510.17 247700.9 428545.5 520970.4 463386.9 341483.7 259249 216719.5 172744 123797.1 83596.33 54158.93 32517.72 17529.18 8307.32 3379.283 1147.846 
0.0001114901 0.005243957 0.1707922 3.851798 60.15136 650.4526 4870.573 25255.87 90710.46 225860.4 391194.9 477619 431455.2 332038.7 269615.1 235666.7 190002.3 135390.4 90364.98 58011.73 34769.7 18858.01 9028.142 3701.322 1258.73 
9.955082e-05 0.004682391 0.1525024 3.439315 53.70985 580.7966 4348.987 22551.18 80995.16 201660.8 349217.1 426070.3 383962.7 293716.3 237062.3 208350.7 172004.8 127786 89168.33 58740.31 35386.39 19120.55 9132.127 3752.798 1282.862 
0.0001078637 0.005073388 0.1652369 3.726511 58.19481 629.2945 4712.119 24433.78 87751.41 218429.7 377894.7 459356.3 408473 300883.9 228687.9 192568 156375.4 115944.4 81872.12 55424.76 34597 19283.15 9377.409 3879.279 1328.529 
0.0001177319 0.005537539 0.180354 4.06744 63.51891 686.8672 5143.223 26669.25 95780.7 238424.5 412544.1 501742.2 447002.2 330904.1 252951.9 212134.8 168650.6 120259.7 81313.46 53652.94 33473.52 19006.79 9501.093 4035.83 1409.053 
0.0001184507 0.005571348 0.1814552 4.092273 63.90673 691.0613 5174.642 26832.44 96370.7 239931.8 415416.1 506481.3 455250.6 345603.7 275042.9 237543.3 191287 136911.7 91861.65 59201.2 35743.28 19761.69 9791.86 4196.321 1492.492 
0.0001352848 0.006363146 0.2072435 4.673865 72.9891 789.2736 5910.028 30645.19 110057.4 273936.8 473812.2 575416.9 509948.7 371908.5 277832.1 230520.7 185152.4 135213.5 93162.11 61047.94 36845.35 20052.87 9707.299 4078.51 1437.817 
0.0001193076 0.005611652 0.1827678 4.121877 64.36905 696.061 5212.09 27026.82 97071.77 241706.1 418685.1 511393.8 462635.7 357384.9 291595.1 255069 204625.8 144533.5 95900.13 61846.34 37571.63 20696.07 10052.38 4188.372 1455.164 
0.0001396268 0.00656737 0.2138949 4.823872 75.33167 814.6052 6099.708 31628.71 113589.2 282724.1 488987.2 593735.3 525839.2 382848 285527.4 237570.4 192759.9 143049.4 99929.14 65713.13 39496.27 21389.09 10307.28 4294.011 1491.407 
0.0001208945 0.005686294 0.1851989 4.176703 65.22523 705.3195 5281.418 27386.34 98363.28 244924.4 424277 518304.6 469144.6 362939.2 296712 259773.8 208349.7 147222.6 98104.64 63882.85 39250.12 21782.17 10593.8 4398.59 1518.096 
0.0001410457 0.006634112 0.2160687 4.872895 76.09724 822.8836 6161.694 31950.07 114742.5 285587.7 493891 599458.3 530159.7 384390.3 284633.3 235548.2 190743.9 141493.6 98854.8 65085.33 39267.74 21415.62 10406.31 4362.433 1518.465 
