# Number of parameters = 78 Objective function value = 21937.7512832119  Maximum gradient component = 0.00127963421815977
# srv_sel50:
1.82616960726
# srv_sel95:
4.13464424186
# stNatLen:
 11.5170763589 10.3028228009 8.98666210165 7.95455395871 7.18664905366 6.61423252351 6.17737403361 5.83659597231 5.56742760530 5.35446501919 5.18770315265 5.06048467219 4.96834944650 4.90837507385 4.87879695310
# log_avg_fmort_dir:
0.839108285711
# fmort_dir_dev:
 -0.326162700941 -0.264255399724 -0.333814110305 -0.293154537443 -0.200089748912 -0.205721005764 0.0618540576611 -0.120218522756 -0.406013220520 -0.0913313877855 0.163946993716 -0.220151281428 -0.103475914203 0.165875142293 0.169514159200 0.244010863116 0.0719768805499 0.0889602947487 0.0561092004118 0.0354467488495 0.238443601993 0.0680015367214 0.197628964595 0.155033648010 0.156916565085 0.356862813713 0.217922745456 0.115883613662
# mean_log_rec:
13.4382496442
# rec_dev:
 -1.73202387243 -1.46543153770 -1.22537612781 -0.983268162536 -0.965267485287 -1.19719008200 -0.846116082671 -0.0658162915768 -0.152851383204 -0.158463361303 0.460564398357 0.637413942279 0.532159367713 0.292908608168 0.271765859602 0.395103879105 0.290758248251 0.382005801749 0.388150043152 0.388644062568 0.473193082291 0.486645397322 0.678066993368 0.662862447496 0.487095780636 0.498219192967 0.733123582215 0.733123699287
# log_avg_NatM:
0.121333095149
# m_dev:
 0.00000000000 0.00000000000 0.00000000000 0.00000000000 0.00000000000 0.00000000000 0.00000000000 0.00000000000 0.00000000000 0.00000000000 0.00000000000 0.00000000000 0.00000000000 0.00000000000 0.00000000000 0.00000000000 0.00000000000 0.00000000000 0.00000000000 0.00000000000 0.00000000000 0.00000000000 0.00000000000 0.00000000000 0.00000000000 0.00000000000 0.00000000000 0.00000000000
# log_avg_GrowthK:
-1.02151300000
# log_avg_Linf:
3.36611700000
# GrowthK_dev:
 0.00000000000 0.00000000000 0.00000000000 0.00000000000 0.00000000000 0.00000000000 0.00000000000 0.00000000000 0.00000000000 0.00000000000 0.00000000000 0.00000000000 0.00000000000 0.00000000000 0.00000000000 0.00000000000 0.00000000000 0.00000000000 0.00000000000 0.00000000000 0.00000000000 0.00000000000 0.00000000000 0.00000000000 0.00000000000 0.00000000000 0.00000000000 0.00000000000
# Linf_dev:
 0.00000000000 0.00000000000 0.00000000000 0.00000000000 0.00000000000 0.00000000000 0.00000000000 0.00000000000 0.00000000000 0.00000000000 0.00000000000 0.00000000000 0.00000000000 0.00000000000 0.00000000000 0.00000000000 0.00000000000 0.00000000000 0.00000000000 0.00000000000 0.00000000000 0.00000000000 0.00000000000 0.00000000000 0.00000000000 0.00000000000 0.00000000000 0.00000000000
# SelPars50:
2.10604469820
# SelPars95:
3.21333767567
# SelPars_dev50:
 0.00000000000 0.00000000000 0.00000000000 0.00000000000 0.00000000000 0.00000000000 0.00000000000 0.00000000000 0.00000000000 0.00000000000 0.00000000000 0.00000000000 0.00000000000 0.00000000000 0.00000000000 0.00000000000 0.00000000000 0.00000000000 0.00000000000 0.00000000000 0.00000000000 0.00000000000 0.00000000000 0.00000000000 0.00000000000 0.00000000000 0.00000000000 0.00000000000
# SelPars_dev95:
 0.00000000000 0.00000000000 0.00000000000 0.00000000000 0.00000000000 0.00000000000 0.00000000000 0.00000000000 0.00000000000 0.00000000000 0.00000000000 0.00000000000 0.00000000000 0.00000000000 0.00000000000 0.00000000000 0.00000000000 0.00000000000 0.00000000000 0.00000000000 0.00000000000 0.00000000000 0.00000000000 0.00000000000 0.00000000000 0.00000000000 0.00000000000 0.00000000000
