# Number of parameters = 77 Objective function value = 19556.4351958002  Maximum gradient component = 113.309103688832
# srv_sel50:
0.999995221729
# srv_sel95:
1.00001327418
# stNatLen:
 10.6305031226 9.48370439075 8.05187227518 7.07065605188 6.40308145783 5.91060078766 5.52972105897 5.22783764247 4.98610038477 4.79273470205 4.64001219331 4.52272021170 4.43732871770 4.38151662628 4.35390310537
# log_avg_fmort_dir:
0.710036606273
# fmort_dir_dev:
 -0.316291317876 -0.134149908777 -0.259118719880 -0.181616950543 -0.255191457590 -0.0883797130772 -0.111939995475 -0.208893951316 -0.139292961957 -0.105067141476 -0.0577129887157 -0.0948852706372 -0.0390069450143 -0.0735278529766 0.0768166804666 0.124708072686 0.0658941568684 0.139283296688 0.0795992005423 0.230940578898 0.0623615279846 0.236583337024 0.101159650057 0.243103846860 0.220953660789 0.210926604679 0.244780834155 0.0279637276121
# mean_log_rec:
13.3077953963
# rec_dev:
 -2.34581478492 -2.01743384901 -1.64074627927 -1.39977881420 -1.44584653773 -1.37257306296 -0.899622743296 -0.451437146954 -0.220293699409 -0.00271681659071 0.246637967267 0.531033971459 0.730591370058 0.679236939343 0.538409230642 0.520750402024 0.530116640453 0.485526326975 0.539063853823 0.541544128434 0.670971872310 0.701297170404 0.841502385537 0.858877041564 0.848360676436 0.839960898163 0.846191426934 0.846191432508
# log_avg_NatM:
-1.36837500000
# m_dev:
 0.00000000000 0.00000000000 0.00000000000 0.00000000000 0.00000000000 0.00000000000 0.00000000000 0.00000000000 0.00000000000 0.00000000000 0.00000000000 0.00000000000 0.00000000000 0.00000000000 0.00000000000 0.00000000000 0.00000000000 0.00000000000 0.00000000000 0.00000000000 0.00000000000 0.00000000000 0.00000000000 0.00000000000 0.00000000000 0.00000000000 0.00000000000 0.00000000000
# log_avg_GrowthK:
-1.19613400000
# log_avg_Linf:
3.45239700000
# GrowthK_dev:
 0.00000000000 0.00000000000 0.00000000000 0.00000000000 0.00000000000 0.00000000000 0.00000000000 0.00000000000 0.00000000000 0.00000000000 0.00000000000 0.00000000000 0.00000000000 0.00000000000 0.00000000000 0.00000000000 0.00000000000 0.00000000000 0.00000000000 0.00000000000 0.00000000000 0.00000000000 0.00000000000 0.00000000000 0.00000000000 0.00000000000 0.00000000000 0.00000000000
# Linf_dev:
 0.00000000000 0.00000000000 0.00000000000 0.00000000000 0.00000000000 0.00000000000 0.00000000000 0.00000000000 0.00000000000 0.00000000000 0.00000000000 0.00000000000 0.00000000000 0.00000000000 0.00000000000 0.00000000000 0.00000000000 0.00000000000 0.00000000000 0.00000000000 0.00000000000 0.00000000000 0.00000000000 0.00000000000 0.00000000000 0.00000000000 0.00000000000 0.00000000000
# SelPars50:
1.01151178439
# SelPars95:
1.15334958825
# SelPars_dev50:
 0.00000000000 0.00000000000 0.00000000000 0.00000000000 0.00000000000 0.00000000000 0.00000000000 0.00000000000 0.00000000000 0.00000000000 0.00000000000 0.00000000000 0.00000000000 0.00000000000 0.00000000000 0.00000000000 0.00000000000 0.00000000000 0.00000000000 0.00000000000 0.00000000000 0.00000000000 0.00000000000 0.00000000000 0.00000000000 0.00000000000 0.00000000000 0.00000000000
# SelPars_dev95:
 0.00000000000 0.00000000000 0.00000000000 0.00000000000 0.00000000000 0.00000000000 0.00000000000 0.00000000000 0.00000000000 0.00000000000 0.00000000000 0.00000000000 0.00000000000 0.00000000000 0.00000000000 0.00000000000 0.00000000000 0.00000000000 0.00000000000 0.00000000000 0.00000000000 0.00000000000 0.00000000000 0.00000000000 0.00000000000 0.00000000000 0.00000000000 0.00000000000
