#Simulated generalized assessment 
# 
#start/end year 
73 100 
#number of ages 
15 
#ages 
1 2 3 4 5 6 7 8 9 10 11 12 13 14 15 
#Number of length bins 
25 
#CPUE years 
28 
#years for CPUE 
73 74 75 76 77 78 79 80 81 82 83 84 85 86 87 88 89 90 91 92 93 94 95 96 97 98 99 100 
#survey years 
28 
#years for survey 
73 74 75 76 77 78 79 80 81 82 83 84 85 86 87 88 89 90 91 92 93 94 95 96 97 98 99 100 
#length freq from catch years 
28 
#years for length freq catch 
73 74 75 76 77 78 79 80 81 82 83 84 85 86 87 88 89 90 91 92 93 94 95 96 97 98 99 100 
#catch length sample sizes 
200 200 200 200 200 200 200 200 200 200 200 200 200 200 200 200 200 200 200 200 200 200 200 200 200 200 200 200 
#length freq from survey years 
28 
#years for length freq survey 
73 74 75 76 77 78 79 80 81 82 83 84 85 86 87 88 89 90 91 92 93 94 95 96 97 98 99 100 
#survey sample sizes 
200 200 200 200 200 200 200 200 200 200 200 200 200 200 200 200 200 200 200 200 200 200 200 200 200 200 200 200 
#total survey biomass 
2038.99 4831.542 4777.916 9052.954 19391.88 23922.01 47962.06 47700.89 63793.76 102006.8 122301.7 130774.5 119014.2 141734.9 142164 118408.7 168449.1 115047 81208.14 142273.4 200451.1 166247.6 152775.5 205826.5 183429.6 135200.9 162450.4 131619.5 
#survey CV 
0.2 0.2 0.2 0.2 0.2 0.2 0.2 0.2 0.2 0.2 0.2 0.2 0.2 0.2 0.2 0.2 0.2 0.2 0.2 0.2 0.2 0.2 0.2 0.2 0.2 0.2 0.2 0.2 
#total CPUE 
1970.544 3018.774 4531.672 6770.454 16158.3 25358.2 24483.57 36688.55 58973.56 95231.93 98965.08 114970.5 150456.2 207915.2 162207.7 128316.9 93285.07 91723.35 92583 101103.2 120679.8 198553.4 118037.8 135911.2 168527.6 218427.9 176677.6 195332.1 
#CPUE CV 
0.2 0.2 0.2 0.2 0.2 0.2 0.2 0.2 0.2 0.2 0.2 0.2 0.2 0.2 0.2 0.2 0.2 0.2 0.2 0.2 0.2 0.2 0.2 0.2 0.2 0.2 0.2 0.2 
#total catch biomass 
933.836 1499.804 2546.469 4322.13 6200.103 8134.72 13476.55 20479.48 32312.51 42759.75 67320.1 76987.29 86895.41 87066.56 79675.53 92250.63 88142.26 93090.89 99574.43 74753.49 89905.67 75741.31 110843.4 90459.96 108722 100115.4 131202.7 90568.31 
#catch CV 
0.1 0.1 0.1 0.1 0.1 0.1 0.1 0.1 0.1 0.1 0.1 0.1 0.1 0.1 0.1 0.1 0.1 0.1 0.1 0.1 0.1 0.1 0.1 0.1 0.1 0.1 0.1 0.1 
#Length Bins 
0.7268801 2.18064 3.634401 5.088161 6.541921 7.995682 9.449442 10.9032 12.35696 13.81072 15.26448 16.71824 18.172 19.62576 21.07952 22.53328 23.98704 25.44081 26.89457 28.34833 29.80209 31.25585 32.70961 34.16337 35.61713 
#catch length counts 
6.62521e-08 7.194198e-06 0.0004605786 0.01738458 0.3868711 5.076017 39.27355 179.3196 485.0241 791.8967 849.1701 776.0144 783.4895 745.1929 573.4558 371.9056 203.1369 87.7876 29.71695 8.031997 1.70377 0.2708738 0.03091053 0.002449495 0.0001312899 
2.092396e-07 2.272096e-05 0.001454615 0.0549045 1.221821 16.03066 124.0118 565.7931 1524.434 2441.412 2397.535 1642.279 1074.317 788.3343 539.2339 323.6224 170.5658 73.94291 25.12539 6.564251 1.292743 0.1879623 0.01971751 0.001448326 7.214457e-05 
2.463773e-07 2.675368e-05 0.001712793 0.06464953 1.438692 18.87669 146.0514 666.8541 1803.323 2938.539 3111.514 2702.128 2469.598 2034.089 1216.358 536.9365 202.2593 70.12118 21.24189 5.240875 0.9936389 0.1378508 0.01350768 0.0009113921 4.145491e-05 
5.491098e-07 5.962686e-05 0.003817361 0.1440865 3.206446 42.07002 325.4664 1485.252 4005.869 6444.616 6448.968 4696.811 3388.121 2580.136 1697.721 916.7982 401.3381 132.3956 31.79886 5.828073 0.8656056 0.1030889 0.009203722 0.0005774259 2.439292e-05 
7.677367e-07 8.336717e-05 0.005337237 0.2014546 4.483116 58.82192 455.1149 2077.966 5617.717 9134.101 9548.144 7912.209 6735.313 5331.59 3210.084 1489.355 585.8477 194.7981 50.75113 9.790228 1.355647 0.1333668 0.009402489 0.0004782486 1.725154e-05 
1.233871e-06 0.0001339838 0.008577758 0.3237683 7.205044 94.53503 731.4059 3338.811 9017.455 14590.25 14921.83 11551.51 8975.538 6909.261 4359.454 2204.557 905.619 286.379 67.0218 11.73538 1.549302 0.1496575 0.01011639 0.0004636059 1.419243e-05 
1.934344e-06 0.000210047 0.01344739 0.5075732 11.29541 148.205 1146.695 5235.537 14150.7 22962.9 23725.78 18817.59 14913.54 11332.25 6875.486 3316.315 1330.237 427.7519 103.9569 18.52141 2.370462 0.2138004 0.0133924 0.0005743414 1.653944e-05 
2.646472e-06 0.0002873757 0.01839804 0.694437 15.4539 202.7711 1568.994 7165.705 19390.2 31610.37 33196.05 27399.25 22666.32 17517.95 10706.52 5182.242 2047.136 634.3646 147.7651 25.54591 3.226039 0.2883617 0.01766478 0.0007241496 1.954022e-05 
4.493961e-06 0.0004879913 0.03124162 1.17922 26.24212 344.3201 2664.127 12164.14 32875.11 53284.14 54604.4 41867.16 31194.49 22789.7 13853.87 6802.952 2705.592 829.5632 188.33 31.30612 3.765029 0.3200251 0.01873693 0.0007382201 1.916133e-05 
5.343627e-06 0.0005802552 0.03714846 1.402177 31.20409 409.4429 3168.558 14477.73 39243.31 64356.04 68773.47 58544.68 48977.96 36854.03 21493.12 9829.442 3678.136 1093.455 245.566 40.41207 4.752584 0.3890228 0.02166842 0.000806345 1.971858e-05 
8.968829e-06 0.0009739095 0.06235056 2.353435 52.37323 687.2016 5317.641 24288.52 65726.72 106991.4 111047.6 87331.88 66357.54 48544.25 29533.78 14422.63 5552.447 1604.597 338.8667 52.23864 5.824374 0.4571625 0.02448522 0.0008720632 2.025197e-05 
9.991715e-06 0.001084983 0.06946164 2.621852 58.34728 765.6248 5925.59 27084.99 73499.86 120902.8 129904.6 110446 90200.06 65504.82 36972.73 16330.82 5830.471 1630.559 339.8633 51.1553 5.432309 0.3984069 0.01981726 0.0006575903 1.430996e-05 
1.193379e-05 0.00129587 0.08296284 3.131462 69.68842 914.4478 7077.518 32350.58 87774.58 144184.5 153820 128006.3 101971.5 74299.39 43531.5 20056.76 7175.237 1909.958 368.801 51.50238 5.150688 0.3594434 0.01698829 0.0005307661 1.076933e-05 
1.310398e-05 0.00142294 0.09109806 3.438542 76.52344 1004.193 7773.716 35559.56 96742.59 160404.1 175970.3 154828.1 129523.2 95467.6 55587.48 25510.56 9194.249 2490.441 487.5653 67.48522 6.484832 0.4249415 0.01869277 0.0005439577 1.031209e-05 
1.313839e-05 0.001426676 0.09133736 3.447584 76.72533 1006.871 7795.165 35667.68 97113.7 161327.8 177521.1 156221.7 129956.4 95632.78 56063.62 25795.17 9160.25 2411.531 457.9568 61.7932 5.80731 0.3705845 0.01568938 0.0004329157 7.681503e-06 
1.245919e-05 0.001352923 0.08661575 3.269381 72.76082 954.9062 7394.478 33859.29 92413.9 154678 173568.3 157762.2 134225 99146.72 58013.96 26622.14 9413.705 2461.954 461.8804 60.97115 5.550874 0.3410768 0.01386839 0.0003668305 6.218353e-06 
1.26124e-05 0.00136956 0.08768092 3.309595 73.65633 966.6775 7485.968 34280.55 93554.13 156346.1 174043.9 154684.3 127935.3 93121.64 54362.37 24851.44 8667.18 2218.674 406.0861 52.18301 4.608685 0.2733192 0.01066297 0.0002691169 4.334111e-06 
1.400228e-05 0.001520486 0.09734346 3.674324 81.77395 1073.227 8311.197 38057.53 103805.8 172950.6 190086.3 163148.1 128136.8 88875.34 49688.96 21816.63 7348.871 1826.454 324.7235 40.37762 3.433418 0.1952325 0.007279222 0.0001750578 2.678134e-06 
1.252587e-05 0.001360166 0.08707992 3.286959 73.15605 960.2559 7439.701 34116.69 93488.19 157932.3 179768.9 163407.7 133507 92009.2 49494.11 20580.23 6538.659 1535.935 258.9615 30.62742 2.481336 0.1344097 0.0047655 0.0001086998 1.573128e-06 
1.415696e-05 0.001537284 0.09841925 3.714974 82.68143 1085.245 8406.621 38523.37 105268.8 176031.4 194254.5 165955 127824.2 86782.3 47438.3 19953.56 6239.558 1403.974 222.9843 24.66619 1.867061 0.09463503 0.003145641 6.73554e-05 9.154666e-07 
1.399155e-05 0.001519325 0.09727002 3.671655 81.72154 1072.816 8314.407 38157.24 104725.9 177264.4 201193.8 179037.8 140419.9 92973.51 48432.06 19492.32 5939.361 1318.574 205.9654 22.06627 1.588615 0.07552643 0.002336214 4.640364e-05 5.847976e-07 
1.724182e-05 0.001872268 0.119866 4.524575 100.704 1321.939 10242.81 46966.11 128485.3 215066.4 236291 197078.1 144420.8 92523.97 47719.19 18871.64 5533.256 1166.167 172.7707 17.65123 1.216411 0.05526376 0.001623014 3.034914e-05 3.57224e-07 
1.839871e-05 0.001997899 0.1279102 4.828343 107.4732 1411.114 10940.97 50263.24 138251.7 234771.9 266390.4 232809.6 174712.1 109197.7 53309.3 19902.87 5574.835 1131.847 161.1317 15.6794 1.021047 0.04367236 0.001206919 2.124478e-05 2.352779e-07 
2.14643e-05 0.00233079 0.149223 5.632878 125.3819 1646.252 12763.28 58613.3 160954.7 271657.3 302637.3 254873.8 183734 112290.7 54065.73 19618.91 5208.631 984.7033 129.9196 11.75874 0.7157093 0.02867386 0.0007416729 1.219467e-05 1.259261e-07 
2.746285e-05 0.002982174 0.1909273 7.207236 160.4313 2106.634 16335.94 75052.26 206242.9 348226.2 386601.2 320320.3 222862.9 129915.4 59520.67 20617.21 5248.988 950.8973 119.1768 10.11751 0.5715972 0.02114394 0.0005045669 7.665021e-06 7.325915e-08 
2.552248e-05 0.002771489 0.177442 6.69854 149.1295 1959.01 15207.73 70074.47 194058.6 333960.3 385782.3 338193.8 244418.3 141500.1 62025.3 20106.49 4743.628 795.0734 92.3969 7.292264 0.3833146 0.0131695 0.0002908644 4.074094e-06 3.580158e-08 
2.530883e-05 0.002748299 0.1759589 6.642697 147.8938 1942.997 15086.86 69544.64 192672.2 331435.4 381554.2 332280.4 240009.1 140982.8 63131.14 20630.54 4773.396 763.0989 82.8984 6.046246 0.2923244 0.009231733 0.0001876007 2.420164e-06 1.95942e-08 
2.483944e-05 0.002697351 0.1727007 6.52005 145.1831 1908.037 14827.85 68488.55 190626.2 331102.7 387423.8 343161.2 249139 145230.5 64349.16 20883 4814.282 765.0129 81.75508 5.769458 0.2650226 0.007829165 0.0001472158 1.746221e-06 1.296106e-08 
#survey length counts 
3.79313e-07 4.118893e-05 0.002636949 0.09953172 2.214933 29.06045 224.8036 1025.527 2761.574 4411.14 4280.806 2803.735 1669.196 1143.44 767.8818 461.0093 245.692 108.5455 37.79967 10.17989 2.078929 0.3153932 0.03474509 0.002696272 0.0001425971 
4.330235e-07 4.702125e-05 0.00301034 0.1136255 2.528581 33.17637 256.6729 1171.578 3163.688 5122.17 5284.372 4277.847 3624.752 2915.608 1747.335 775.7886 294.5318 103.6691 32.14289 8.179392 1.61117 0.2337178 0.02408338 0.001717909 8.300946e-05 
9.598102e-07 0.0001042241 0.006672512 0.2518543 5.60466 73.53509 568.8696 2595.594 6995.451 11217.46 11071.21 7702.41 5148.15 3758.924 2458.463 1337.565 595.8707 201.3313 49.63802 9.363932 1.440997 0.1793624 0.01685975 0.001119835 5.030243e-05 
1.246328e-06 0.0001353366 0.008664361 0.327037 7.277774 95.48872 738.7691 3372.204 9106.302 14734.55 15116.23 11915.93 9596.376 7470.275 4515.255 2112.122 842.4436 286.5025 76.87992 15.36142 2.213644 0.2276155 0.01686156 0.0009071082 3.482109e-05 
2.087007e-06 0.0002266244 0.01450868 0.5476312 12.18679 159.8971 1237.044 5645.804 15234.18 24553.73 24737.94 18346.2 13472.42 10139.28 6407.284 3273.956 1370.802 444.7918 107.2089 19.42207 2.670448 0.2703751 0.01925087 0.0009330506 3.033366e-05 
3.186884e-06 0.0003460581 0.02215493 0.83624 18.60943 244.1676 1889.074 8623.03 23283.52 37631.93 38310.25 29217.2 22119.17 16566.09 10096.62 4922.583 2011.321 664.0137 166.6305 30.81916 4.11652 0.3893972 0.02570689 0.001167493 3.57518e-05 
4.164133e-06 0.0004521759 0.02894868 1.092672 24.31606 319.0468 2468.546 11271.01 30466.1 49457.54 51181.93 40795.57 32609.05 25034.19 15414.31 7559.328 3049.075 971.4253 233.7774 41.98487 5.542104 0.520682 0.03367811 0.001463477 4.20109e-05 
7.158722e-06 0.000777353 0.0497668 1.878453 41.8026 548.4803 4243.563 19371.61 52310.79 84517.87 85666.66 63880.06 46084.12 33375.69 20431.47 10178.08 4141.069 1307.675 307.2168 53.12828 6.686117 0.5979381 0.03701073 0.001548121 4.281152e-05 
8.331222e-06 0.0009046728 0.05791795 2.186124 48.6498 638.3426 4939.544 22562.61 61085.42 99745.29 105161.7 87092.33 71349.08 53761.34 31696.56 14716.79 5632.199 1725.272 401.5618 68.8838 8.492261 0.7323947 0.04317456 0.001707356 4.452741e-05 
1.283711e-05 0.001393959 0.08924248 3.368472 74.96153 983.5724 7610.54 34753.78 93971.76 152549.5 157013.2 121341 90905.62 66692.03 41067.23 20432.55 8078.135 2411.099 528.1555 84.90699 9.933508 0.8226997 0.04670618 0.001769975 4.387636e-05 
1.44581e-05 0.00156998 0.1005115 3.793833 84.42828 1107.83 8573.364 39175.44 106194.7 174067.7 185216.4 154922.4 125621.2 92015.53 52683.25 23696.62 8679.493 2508.577 543.4971 85.50316 9.540909 0.7388436 0.03897994 0.001377541 3.203611e-05 
1.800631e-05 0.001955274 0.1251784 4.724895 105.1484 1379.718 10677.62 48791.29 132244.6 216516.7 228933.5 187672 148456.3 109046.3 64857.66 30521.96 11239 3096.893 621.7788 90.77674 9.54902 0.704693 0.0353726 0.001177936 2.555345e-05 
1.855382e-05 0.002014728 0.1289849 4.868587 108.3475 1421.766 11005.07 50322.68 136748.8 225968 245931.6 214278.4 179478.8 133966.1 79310.93 37204.26 13813.65 3879.869 791.8041 114.8505 11.62435 0.8060238 0.03767827 0.001169656 2.373142e-05 
1.903145e-05 0.002066593 0.1323054 4.993932 111.1378 1458.417 11289.69 51637.63 140430.4 232515.6 253988.9 221728.8 185003 137997.2 82357.99 38807.23 14219.85 3885.435 769.792 108.9827 10.80574 0.7308685 0.03292207 0.0009696977 1.841953e-05 
1.765185e-05 0.001916785 0.1227147 4.631946 103.0837 1352.802 10474.2 47940.75 130682.3 218011.1 243090 219969.4 188512.8 141447.9 84359.36 39692.89 14500.68 3941.956 772.8638 107.2123 10.31085 0.6722987 0.02912026 0.0008232237 1.495474e-05 
1.765288e-05 0.001916897 0.122722 4.632232 103.0907 1352.919 10475.6 47951.49 130714.1 217838 241326.1 214085.1 178747.1 132347.4 78864.31 37028.24 13360.51 3559.186 681.6446 92.17635 8.611917 0.5426803 0.02257902 0.0006096363 1.053078e-05 
1.969345e-05 0.00213848 0.136908 5.167703 115.0082 1509.337 11686.94 53494.92 145764.4 242289.1 265336.6 227776.7 180961 127886.9 73066.39 32973.96 11500.95 2978.219 554.8285 72.69929 6.547668 0.3960661 0.01576653 0.0004060539 6.668996e-06 
1.786667e-05 0.001940114 0.1242088 4.688412 104.3453 1369.565 10608.99 48626.32 133081.7 224227.4 254421.1 231906.4 192255.3 135237.5 74427.83 31838.13 10482.55 2567.8 454.0833 56.65323 4.867238 0.2807965 0.01064067 0.0002601653 4.045519e-06 
2.069114e-05 0.00224682 0.1438445 5.42958 120.8399 1586.01 12283.8 56267.36 153600.9 256328.1 282211.1 241812.7 188949.2 131039.5 73437.38 31862.02 10345.78 2430.592 405.2289 47.32188 3.801428 0.2053946 0.007303861 0.0001677952 2.452556e-06 
2.029801e-05 0.002204133 0.1411123 5.326522 118.5515 1556.196 12058.26 55311.02 151630.8 256128.9 290313.3 259886.4 207437.1 140505.3 75054.09 31156.1 9865.581 2290.924 376.4098 42.63826 3.260608 0.1653256 0.005473156 0.0001166954 1.582471e-06 
2.555886e-05 0.002775402 0.1776858 6.707038 149.2759 1959.415 15179.62 69573.9 190159.9 317809.9 348917.8 292744.7 218357 143326.7 75981.56 31062.26 9476.618 2090.283 325.9553 35.24948 2.583889 0.1253538 0.003943324 7.91836e-05 1.00303e-06 
2.624576e-05 0.002849998 0.1824628 6.887504 153.3026 2012.674 15601.69 71638 196839.2 333782.1 378949 334267.7 256156.4 164263 82452.73 31828.26 9285.299 1976.151 296.5672 30.57905 2.119729 0.09688762 0.002870537 5.431087e-05 6.478137e-07 
3.108334e-05 0.003375308 0.2160946 8.157048 181.5612 2383.678 18476.68 84811.69 232687.8 392286.3 437434.9 371879.2 273896.5 172033 85372.27 32100.56 8886.6 1761.866 245.1474 23.52891 1.526044 0.06539896 0.001814899 3.209312e-05 3.57123e-07 
3.823682e-05 0.004152104 0.265828 10.03449 223.3569 2932.647 22736.44 104410.5 286687.5 483675.6 537976.8 450655.8 320910.3 192552.5 91021.87 32700.88 8692.721 1654.073 218.9052 19.72122 1.187637 0.04700805 0.001204142 1.968614e-05 2.028952e-07 
3.657918e-05 0.003972124 0.2543093 9.600108 213.7152 2807.057 21784.61 100318.5 277535.3 477268.7 552962.2 491247.2 363946.3 216980.5 98187.2 33032.01 8141.656 1434.262 176.14 14.76558 0.828051 0.03046111 0.0007224249 1.089146e-05 1.032203e-07 
3.746859e-05 0.004068718 0.2604955 9.833824 218.9281 2875.822 22323.11 102838.3 284637.5 489338.1 565078.6 498682 369327.2 223685.8 103635.4 35227.31 8527.546 1433.755 164.6398 12.75713 0.6582484 0.02226873 0.0004862081 6.754991e-06 5.900725e-08 
3.564398e-05 0.003870609 0.2478163 9.355616 208.3072 2737.161 21263.52 98147.88 272911.8 473876.6 556761.9 500510.4 372963.3 224290.9 102895.7 34774.44 8401.515 1406.778 159.1728 11.94417 0.5856438 0.01852873 0.0003742157 4.779487e-06 3.827641e-08 
3.956056e-05 0.004295924 0.2750484 10.38377 231.201 3037.926 23596.13 108833.5 301780.4 519304.6 595910.4 512948.1 363748.7 210406.7 93584.2 30635.19 7146.825 1154.919 126.3053 9.167881 0.4338967 0.01317737 0.0002533897 3.052722e-06 2.285445e-08 
