#Simulated generalized assessment 
# 
#start/end year 
69 96 
#number of ages 
15 
#ages 
1 2 3 4 5 6 7 8 9 10 11 12 13 14 15 
#Number of length bins 
25 
#CPUE years 
28 
#years for CPUE 
69 70 71 72 73 74 75 76 77 78 79 80 81 82 83 84 85 86 87 88 89 90 91 92 93 94 95 96 
#survey years 
28 
#years for survey 
69 70 71 72 73 74 75 76 77 78 79 80 81 82 83 84 85 86 87 88 89 90 91 92 93 94 95 96 
#length freq from catch years 
28 
#years for length freq catch 
69 70 71 72 73 74 75 76 77 78 79 80 81 82 83 84 85 86 87 88 89 90 91 92 93 94 95 96 
#catch length sample sizes 
200 200 200 200 200 200 200 200 200 200 200 200 200 200 200 200 200 200 200 200 200 200 200 200 200 200 200 200 
#length freq from survey years 
28 
#years for length freq survey 
69 70 71 72 73 74 75 76 77 78 79 80 81 82 83 84 85 86 87 88 89 90 91 92 93 94 95 96 
#survey sample sizes 
200 200 200 200 200 200 200 200 200 200 200 200 200 200 200 200 200 200 200 200 200 200 200 200 200 200 200 200 
#total survey biomass 
7417.293 11098.41 21578.18 17257.15 23431.44 31725.87 32773.81 36809.25 42434.48 44538.6 66347.86 89603.84 82445.95 96352.33 97419.42 83471.3 83446.72 68762 68978.88 85503.45 101167.4 66418.32 105578 94372.85 128294 80586.27 67782.54 92027.78 
#survey CV 
0.2 0.2 0.2 0.2 0.2 0.2 0.2 0.2 0.2 0.2 0.2 0.2 0.2 0.2 0.2 0.2 0.2 0.2 0.2 0.2 0.2 0.2 0.2 0.2 0.2 0.2 0.2 0.2 
#total CPUE 
9667.965 6246.269 8542.638 18032.48 24222.37 24340.13 32364.7 26465.77 26740.39 44681.03 61382.77 91086.84 114166.3 127927.9 107750 107528.3 100745.5 102666.8 81663.34 83643.09 95221.95 87115.45 112819.9 87235.35 138499 146089.4 103363.5 97462.42 
#CPUE CV 
0.2 0.2 0.2 0.2 0.2 0.2 0.2 0.2 0.2 0.2 0.2 0.2 0.2 0.2 0.2 0.2 0.2 0.2 0.2 0.2 0.2 0.2 0.2 0.2 0.2 0.2 0.2 0.2 
#total catch biomass 
5709.511 5788.679 7156.829 10139.22 13864.24 16212.97 21649.35 24690.96 27780.53 37162.8 53291.69 60755.07 77579.35 92087.67 113654.4 96610.29 84480.78 77419.21 78792.85 89343.1 81834.57 98584.5 95049.31 95443.13 109082.6 117706.1 105498.4 96490.2 
#catch CV 
0.05 0.05 0.05 0.05 0.05 0.05 0.05 0.05 0.05 0.05 0.05 0.05 0.05 0.05 0.05 0.05 0.05 0.05 0.05 0.05 0.05 0.05 0.05 0.05 0.05 0.05 0.05 0.05 
#Length Bins 
0.7268035 2.18041 3.634017 5.087624 6.541231 7.994838 9.448445 10.90205 12.35566 13.80927 15.26287 16.71648 18.17009 19.62369 21.0773 22.53091 23.98451 25.43812 26.89173 28.34534 29.79894 31.25255 32.70616 34.15976 35.61337 
#catch length counts 
1.325916e-37 1.840284e-29 3.087457e-22 6.261302e-16 1.534884e-10 4.548143e-06 0.01629071 7.053314 369.1424 2335.334 1802.38 1054.1 5776.505 4927.19 3769.888 3751.172 1669.915 670.597 156.44 20.29595 1.085431 0.01727796 6.117155e-05 3.915917e-08 3.969515e-12 
1.601803e-37 2.223197e-29 3.729874e-22 7.564108e-16 1.854252e-10 5.494488e-06 0.01968036 8.520918 445.9509 2821.257 2177.662 1221.535 6242.415 5078.345 3998.369 3658.111 1571.766 575.1379 120.5666 13.48753 0.587234 0.007188762 1.881662e-05 8.698709e-09 6.284943e-13 
4.024805e-37 5.586164e-29 9.371949e-22 1.900612e-15 4.659128e-10 1.380585e-05 0.0494503 21.41027 1120.528 7088.835 5445.704 1675.95 6726.057 5215.427 4219.308 3542.807 1468.378 487.0575 90.40918 8.543483 0.2995434 0.002811423 5.436472e-06 1.815191e-09 9.352596e-14 
6.934853e-37 9.625119e-29 1.614813e-21 3.274809e-15 8.027809e-10 2.378787e-05 0.08520427 36.89051 1930.702 12214.32 9402.969 3630.022 14777.57 10202.09 4758.113 3360.634 1324.231 394.629 64.1678 5.035441 0.1396405 0.0009963613 1.421587e-06 3.431659e-10 1.262487e-14 
6.579597e-37 9.132047e-29 1.53209e-21 3.107048e-15 7.616564e-10 2.256927e-05 0.08083946 35.00069 1831.797 11588.78 8973.537 5409.37 22838.48 15392.91 9712.454 5942.288 1399.751 319.6485 44.68702 2.876067 0.0621495 0.0003328007 3.481494e-07 6.069906e-11 1.596473e-15 
1.376295e-36 1.910206e-28 3.204767e-21 6.499204e-15 1.593203e-09 4.720953e-05 0.1690968 73.2131 3831.682 24240.61 18643.65 5790.739 18889.55 13367.94 13635.54 8202.187 2152.987 361.0751 30.71883 1.494055 0.02478501 9.85239e-05 7.488933e-08 9.378177e-12 1.759768e-16 
1.444971e-36 2.005524e-28 3.364683e-21 6.82351e-15 1.672703e-09 4.956525e-05 0.1775347 76.86638 4022.881 25450.67 19700.51 10230.33 36085.01 21295.79 11929.16 7038.891 2565.121 445.2529 30.93211 0.9083489 0.01006655 2.892999e-05 1.584666e-08 1.416273e-12 1.886522e-17 
2.276612e-36 3.159787e-28 5.301198e-21 1.075072e-14 2.635413e-09 7.809212e-05 0.2797133 121.1062 6338.216 40098.28 30927.88 11480.88 34315.99 22064.71 20654.95 9642.262 2090.003 369.5145 28.50973 0.6801028 0.004683638 8.408084e-06 3.140644e-09 1.974717e-13 1.856525e-18 
2.38092e-36 3.304559e-28 5.544084e-21 1.124329e-14 2.75616e-09 8.167007e-05 0.2925289 126.6549 6628.615 41936.25 32519.17 16530.08 49543.57 27808.88 19579.95 9502.455 2652.106 329.4484 19.17381 0.4444675 0.002513104 2.960212e-06 6.801068e-10 2.757567e-14 1.757667e-19 
4.334466e-36 6.015953e-28 1.009301e-20 2.046842e-14 5.017592e-09 0.0001486804 0.5325491 230.5754 12067.4 76343.97 58903.77 19886.1 48899.46 29621.6 26767.49 10675.36 2311.446 297.1526 14.89579 0.2460378 0.001151082 1.102199e-06 1.796775e-10 4.689695e-15 1.887459e-20 
6.50861e-36 9.033522e-28 1.515561e-20 3.073527e-14 7.534389e-09 0.0002232577 0.7996728 346.2307 18120.34 114639.3 88719.47 34893.3 82697.13 41273.38 25784.74 10197.64 2337.232 232.8679 9.779461 0.1356756 0.0004593283 3.265281e-07 4.133665e-11 8.0993e-16 2.287019e-21 
5.378259e-36 7.464669e-28 1.252353e-20 2.539747e-14 6.22589e-09 0.0001844845 0.6607935 286.1008 14973.38 94735.09 74238.89 48457.65 118396.6 60193.25 40521.14 12222.52 1968.638 180.4188 6.318772 0.06727803 0.0001781195 9.30685e-08 8.370052e-12 1.19228e-16 2.499692e-22 
1.166122e-35 1.6185e-27 2.71537e-20 5.506716e-14 1.349907e-08 0.000400002 1.432742 620.3278 32465.5 205395.3 158763.2 50601.06 94941.86 61055.82 54241.92 15666.28 2300.838 147.1164 3.841108 0.03259191 6.455679e-05 2.496743e-08 1.647211e-12 1.675754e-17 2.475297e-23 
1.191046e-35 1.653094e-27 2.773408e-20 5.624415e-14 1.378759e-08 0.0004085516 1.463365 633.5867 33159.42 209802.9 164790.4 99280.13 199713.4 84012.4 43527.65 14248.5 2477.676 141.8243 2.729286 0.01587951 2.298838e-05 6.534935e-09 3.113181e-13 2.279361e-18 2.416749e-24 
1.08252e-35 1.502466e-27 2.520699e-20 5.111926e-14 1.253129e-08 0.0003713249 1.330025 575.8551 30137.99 190698.1 151182.2 108138.9 208319.2 120599.6 83600.36 17461.78 2004.674 120.873 2.228885 0.009884754 9.73162e-06 1.894147e-09 6.389186e-14 3.341979e-19 2.522093e-25 
7.191603e-36 9.981471e-28 1.674599e-20 3.396053e-14 8.325024e-09 0.0002466857 0.883588 382.5631 20021.87 126706.8 102571.2 100281.4 185571.9 117347.1 83121.87 20991.78 2469.805 93.95216 1.345974 0.005379541 4.237056e-06 5.83747e-10 1.32925e-14 4.721576e-20 2.46966e-26 
1.216035e-35 1.687777e-27 2.831596e-20 5.742419e-14 1.407686e-08 0.0004171232 1.494068 646.8797 33855.14 214213.9 168237.6 79882.82 123907.8 97048.02 69896.12 17839.9 2193.262 86.19572 0.9410404 0.002577364 1.58757e-06 1.756587e-10 3.016117e-15 7.579395e-21 2.710052e-27 
7.906913e-36 1.097427e-27 1.841162e-20 3.73384e-14 9.153069e-09 0.0002712222 0.9714737 420.6146 22013.38 139344.9 115482.7 128072.2 196499.2 88670.94 47081.52 13230.53 1632.349 63.07558 0.6604602 0.001491003 6.452269e-07 4.999657e-11 6.386507e-16 1.221631e-21 3.265578e-28 
1.349283e-35 1.872716e-27 3.141869e-20 6.371647e-14 1.561934e-08 0.0004628297 1.657781 717.7618 37564.88 237714.6 188552.6 98380.07 135501.2 111709.8 60732.95 9957.347 950.9064 35.68156 0.3468592 0.000700271 2.532287e-07 1.481291e-11 1.327044e-16 1.759736e-22 3.343439e-29 
9.115953e-36 1.265234e-27 2.122693e-20 4.304778e-14 1.055266e-08 0.0003126945 1.120021 484.9304 25379.53 160711.3 136543.1 159774.9 207462.3 93788.56 44232.35 10035.7 787.7545 19.18531 0.1515911 0.0002660205 8.149765e-08 3.913305e-12 2.759977e-17 2.738964e-23 3.724226e-30 
1.239143e-35 1.719849e-27 2.885404e-20 5.851542e-14 1.434437e-08 0.0004250498 1.522459 659.1723 34498.65 218381.5 177733.8 121767.7 154533.8 124778.6 53102.04 7296.941 526.8438 12.23534 0.06782366 8.419173e-05 2.020466e-08 7.810811e-13 4.393252e-18 3.42169e-24 3.584334e-31 
1.610755e-35 2.235622e-27 3.75072e-20 7.606384e-14 1.864616e-08 0.0005525197 1.979036 856.8542 44844.73 283934.9 234173.7 172149 185282.6 96743.92 40877.89 7243.274 404.1688 6.716212 0.03136511 2.972248e-05 4.933161e-09 1.349018e-13 5.645254e-19 3.357152e-25 2.697552e-32 
1.369467e-35 1.90073e-27 3.188869e-20 6.466962e-14 1.5853e-08 0.0004697532 1.68258 728.4991 38127.46 241596.8 210418.3 224427.9 236314.9 122210.9 39125.71 4947.821 271.7639 4.117277 0.01393052 9.767934e-06 1.237048e-09 2.460262e-14 7.168476e-20 2.962758e-26 1.691621e-33 
1.92427e-35 2.67076e-27 4.480754e-20 9.086879e-14 2.227541e-08 0.0006600613 2.364232 1023.631 53573.65 339351.7 284906.7 210949.6 218871.4 145087.3 44138.24 4637.032 180.77 2.160563 0.006269358 3.396816e-06 3.077522e-10 4.41041e-15 9.405858e-21 2.817163e-27 1.13991e-34 
2.24777e-35 3.119757e-27 5.234039e-20 1.061453e-13 2.602026e-08 0.0007710279 2.761697 1195.72 62580.96 396676 344405.5 299734.8 267633.1 129968.9 38089.41 4229.431 139.6901 1.204506 0.002499918 1.04288e-06 7.359521e-11 7.843155e-16 1.195297e-21 2.533851e-28 7.309429e-36 
2.133445e-35 2.961082e-27 4.967829e-20 1.007466e-13 2.469684e-08 0.0007318124 2.621233 1134.904 59399.26 376920.8 343126.1 356867.2 319505.2 161461.1 36998.32 3126.837 93.84203 0.7066922 0.001099512 3.199657e-07 1.59986e-11 1.253951e-16 1.426877e-22 2.235055e-29 4.66654e-37 
1.837226e-35 2.549948e-27 4.278067e-20 8.675833e-14 2.126778e-08 0.0006302033 2.257286 977.3282 51153.36 324998.7 308509.3 352616.6 324118.5 177762 38823.64 2854.75 63.82039 0.3743807 0.0004780922 1.082603e-07 3.907639e-12 2.131068e-17 1.688952e-23 1.875769e-30 2.825523e-38 
1.616157e-35 2.24312e-27 3.763298e-20 7.631893e-14 1.870869e-08 0.0005543727 1.985673 859.7289 44998.13 285862.7 270143.5 305792.4 295612.2 169119.7 38196.62 2858.106 58.82356 0.2851074 0.0002904841 5.455471e-08 1.671458e-12 7.607442e-18 4.869007e-24 4.253711e-31 4.979956e-39 
#survey length counts 
5.286111e-37 7.336773e-29 1.230896e-21 2.496232e-15 6.119219e-10 1.813237e-05 0.06494718 28.11989 1471.683 9310.326 7143.846 1957.76 8448.414 7148.563 5058.364 4952.34 2136.845 832.2016 186.4314 23.33445 1.198098 0.01824668 6.194138e-05 3.819548e-08 3.748087e-12 
1.095835e-36 1.520946e-28 2.551703e-21 5.174802e-15 1.268542e-09 3.758922e-05 0.1346385 58.2938 3050.866 19300.68 14787.35 2777.881 8644.683 6977.755 5190.997 4693.069 1963.936 697.7429 139.5093 14.88098 0.6212691 0.007312914 1.843455e-05 8.234239e-09 5.771269e-13 
1.591099e-36 2.20834e-28 3.704949e-21 7.513562e-15 1.841861e-09 5.457772e-05 0.1954885 84.63977 4429.709 28023.73 21497.44 5175.468 18279.95 13322.53 5829.052 4392.421 1757.272 564.0991 99.64104 8.909074 0.2968183 0.002674807 4.998718e-06 1.618754e-09 8.113253e-14 
1.264543e-36 1.755103e-28 2.944549e-21 5.971486e-15 1.46384e-09 4.337624e-05 0.1553666 67.26839 3520.56 22272.34 17146.48 6642.653 27081.77 19183.91 11532.47 7746.036 1873.211 453.7986 69.42438 5.139765 0.1346016 0.0009160165 1.26032e-06 2.955298e-10 1.060508e-14 
2.319132e-36 3.218803e-28 5.40021e-21 1.095152e-14 2.684635e-09 7.955065e-05 0.2849375 123.3681 6456.595 40846.51 31342.62 7291.09 21965.28 16074.62 15986.18 10594.4 2883.253 533.5923 49.21844 2.746597 0.05564093 0.0002827218 2.836613e-07 4.788273e-11 1.227606e-15 
2.126521e-36 2.951471e-28 4.951706e-21 1.004196e-14 2.461668e-09 7.294373e-05 0.2612726 113.122 5920.355 37454.53 28873.34 11499.04 40900.75 25478.26 13892.39 8804.749 3364.131 654.737 51.10594 1.734996 0.02331247 8.586598e-05 6.227574e-08 7.517223e-12 1.369781e-16 
2.997366e-36 4.160146e-28 6.979509e-21 1.41543e-14 3.469761e-09 0.0001028154 0.3682679 159.4473 8344.836 52792.59 40622.06 12622.54 38162.6 25382.41 23798.96 12326.64 2761.97 533.2208 47.35788 1.346931 0.01137445 2.604047e-05 1.286724e-08 1.094056e-12 1.408515e-17 
2.862602e-36 3.973102e-28 6.665703e-21 1.351791e-14 3.313757e-09 9.819268e-05 0.3517102 152.2784 7969.645 50419.72 38976.34 17296.99 54381.68 31923.04 22483.79 11836.94 3524.567 492.2051 32.07445 0.8941112 0.006345409 9.624554e-06 2.919928e-09 1.598336e-13 1.395658e-18 
4.78073e-36 6.635338e-28 1.113216e-20 2.257579e-14 5.534189e-09 0.0001639881 0.5873788 254.3147 13309.82 84203.52 64868.03 20324.7 52660.38 32835.77 30472.39 13389.37 3055.264 439.7558 25.59021 0.5058309 0.002968564 3.702595e-06 8.020558e-10 2.824515e-14 1.554341e-19 
6.753407e-36 9.373283e-28 1.572563e-20 3.189126e-14 7.817766e-09 0.0002316547 0.8297495 359.2529 18801.87 118949.9 91909.53 34662.05 88223.87 46053.52 29318.1 12588.18 3121.072 351.6769 17.02829 0.287906 0.001230784 1.139042e-06 1.92384e-10 5.102293e-15 1.968538e-20 
5.328022e-36 7.394943e-28 1.240655e-20 2.516024e-14 6.167736e-09 0.0001827613 0.6546212 283.4284 14833.52 93848.53 73362.12 47189.43 125327.8 66086.06 46259.55 15442.27 2655.519 275.0401 11.3225 0.1471809 0.0004953311 3.390567e-07 4.074579e-11 7.870983e-16 2.260106e-21 
1.150515e-35 1.596839e-27 2.679029e-20 5.433018e-14 1.33184e-08 0.0003946486 1.413567 612.0258 32031 202644.7 156465.3 49274.34 100132.4 65138.87 62099.87 19806.95 3180.336 232.3749 7.076405 0.07397011 0.000187315 9.517782e-08 8.417037e-12 1.163052e-16 2.355085e-22 
1.172313e-35 1.627093e-27 2.729785e-20 5.53595e-14 1.357073e-08 0.0004021255 1.440348 623.6211 32637.86 206498.2 161779.7 96885.66 212878.7 93499.66 50339.77 17811.24 3479.711 231.4588 5.287227 0.03788277 7.019411e-05 2.63157e-08 1.684099e-12 1.67746e-17 2.440911e-23 
1.042353e-35 1.446717e-27 2.427167e-20 4.922246e-14 1.206631e-08 0.0003575467 1.280674 554.4877 29019.7 183616.1 145122.8 104405.1 219539.4 129060.6 97565.3 22653 2818.762 196.8315 4.413168 0.02447749 3.096554e-05 7.947709e-09 3.60583e-13 2.569549e-18 2.663794e-24 
6.855921e-36 9.515566e-28 1.596434e-20 3.237535e-14 7.936437e-09 0.0002351711 0.8423447 364.7062 19087.3 120785.8 97351.88 96709.07 195244 124750.2 96875.69 26810.99 3598.843 159.3494 2.72653 0.01376725 1.410406e-05 2.574254e-09 7.888249e-14 3.818345e-19 2.746208e-25 
1.157025e-35 1.605875e-27 2.694188e-20 5.463759e-14 1.339376e-08 0.0003968817 1.421566 615.4888 32212.26 203813.2 159761.9 77249.62 130432.3 102797 82233.99 22914.24 3221.035 150.0791 2.006337 0.006907093 5.532503e-06 8.158818e-10 1.891996e-14 6.481632e-20 3.184225e-26 
7.425852e-36 1.030659e-27 1.729145e-20 3.506671e-14 8.59619e-09 0.0002547208 0.9123686 395.0241 20674.05 130855.1 107903 123677.9 208130.4 96348.51 55102.87 16911.56 2412.122 110.8729 1.439539 0.004154465 2.349541e-06 2.4256e-10 4.194446e-15 1.096975e-20 4.032961e-27 
1.261821e-35 1.751325e-27 2.938211e-20 5.958633e-14 1.460689e-08 0.0004328288 1.550322 671.236 35129.88 222296.1 175950.9 94870.39 141789.6 119164.3 73479.69 13243.11 1423.191 63.93797 0.7773243 0.002023344 9.65013e-07 7.560333e-11 9.177752e-16 1.665213e-21 4.361625e-28 
8.435448e-36 1.170785e-27 1.964234e-20 3.983427e-14 9.764902e-09 0.0002893519 1.036411 448.7304 23484.91 148693.8 125683.3 154329.2 219623.3 102046.7 52422.69 13292.41 1229.2 35.46104 0.3484001 0.0007934587 3.226318e-07 2.085855e-11 2.000487e-16 2.719079e-22 5.092901e-29 
1.14048e-35 1.58291e-27 2.655661e-20 5.385626e-14 1.320223e-08 0.0003912062 1.401237 606.6872 31751.74 200976.2 163119.8 117277.6 160590.4 134470.3 65225.61 9906.162 825.358 23.41291 0.1631477 0.0002616795 8.35088e-08 4.365456e-12 3.351427e-17 3.585249e-23 5.182201e-30 
1.472827e-35 2.044187e-27 3.429547e-20 6.955052e-14 1.704949e-08 0.0005052076 1.809572 783.4821 41004.61 259592.7 213487.6 165973.7 195120.6 105356.5 49264.54 9925.218 658.351 13.19607 0.07798196 9.657242e-05 2.134184e-08 7.895756e-13 4.522537e-18 3.70603e-24 4.119831e-31 
1.249221e-35 1.733837e-27 2.908871e-20 5.899131e-14 1.446103e-08 0.0004285066 1.534841 664.5333 34779.54 220336.6 191115.5 217532.7 248964.4 134826.4 48672 6884.909 447.4726 8.395156 0.03614456 3.311951e-05 5.610944e-09 1.513372e-13 6.03582e-19 3.440618e-25 2.724668e-32 
1.744058e-35 2.420637e-27 4.061121e-20 8.235872e-14 2.018927e-08 0.000598245 2.142816 927.7657 48556.19 307521.4 257537.8 203486.6 227189.5 159997.9 55384.28 6626.871 306.8141 4.510876 0.0168144 1.200528e-05 1.457388e-09 2.837255e-14 8.300242e-20 3.430573e-26 1.923539e-33 
2.029183e-35 2.816373e-27 4.725049e-20 9.582305e-14 2.348989e-08 0.0006960485 2.493132 1079.441 56494.88 358015.5 309998.7 290152.6 281208.1 144483.4 47621.2 6125.86 244.4685 2.614435 0.006962719 3.836505e-06 3.644598e-10 5.287041e-15 1.105576e-20 3.236886e-27 1.296017e-34 
1.928111e-35 2.676091e-27 4.489698e-20 9.105017e-14 2.231988e-08 0.0006613788 2.368951 1025.675 53681.81 340520.7 309092.5 347480.1 335332.6 182392.7 47601.15 4622.462 167.9431 1.591796 0.003204461 1.233678e-06 8.31295e-11 8.893175e-16 1.391996e-21 3.013674e-28 8.727613e-36 
1.654928e-35 2.296931e-27 3.853578e-20 7.814979e-14 1.91575e-08 0.0005676718 2.033308 880.353 46076.97 292606.2 277033.2 343355.3 337668.7 201732.5 50374.19 4331.718 117.7624 0.8688341 0.001444899 4.353877e-07 2.121453e-11 1.579412e-16 1.72368e-22 2.651975e-29 5.555167e-37 
1.454335e-35 2.018521e-27 3.386488e-20 6.867729e-14 1.683543e-08 0.0004988645 1.786852 773.6462 40492.96 257381.5 249194.7 307743 301720.3 184069.5 44824.23 3728.094 87.47685 0.4952245 0.0006018744 1.369338e-07 5.129362e-12 2.869784e-17 2.267764e-23 2.455977e-30 3.576922e-38 
1.761529e-35 2.444885e-27 4.101803e-20 8.318373e-14 2.039151e-08 0.0006042378 2.164282 937.0602 49044.99 311337.4 284141.3 277568.3 268116 158697 38434.59 3191.547 73.27613 0.3845885 0.0003981204 7.26924e-08 2.161518e-12 9.778388e-18 6.357193e-24 5.680187e-31 6.759538e-39 
