# Number of parameters = 77 Objective function value = 18694.9101640824  Maximum gradient component = 0.000731524429232945
# srv_sel50:
0.975662250975
# srv_sel95:
1.09603593988
# stNatLen:
 10.7067934353 9.21765806488 7.83082639140 6.90649957614 6.27016999777 5.79687872972 5.42895620717 5.13632440648 4.90141141611 4.71315857914 4.56426650266 4.44979068744 4.36637165644 4.31179288652 4.28472078847
# log_avg_fmort_dir:
0.554767077576
# fmort_dir_dev:
 -0.735910666054 -0.385417848277 -0.212349831365 -0.316845660376 -0.506872718211 -0.102227920942 0.00626508514564 -0.0710363564271 -0.0367109803380 -0.0859117080708 -0.0712546182286 -0.0936902370945 -0.0488618506772 0.0860646117777 0.164347549780 0.119175818779 0.129874702096 0.161685178609 0.206095570583 0.162906030172 0.136310982947 0.150243085443 0.278751989779 0.298010017979 0.270567211333 0.374435948881 0.248227859309 -0.125871246554
# mean_log_rec:
13.6453657697
# rec_dev:
 -2.33173071997 -2.09756993775 -1.96093332508 -1.15113207910 -0.922172834797 -0.994131889714 -0.658831682135 -0.437589094842 -0.250671771101 0.00581929955912 0.279071882254 0.544138728686 0.684149070710 0.544288941899 0.458491111971 0.530768478754 0.502393047972 0.466777618543 0.410397312047 0.394898175125 0.483450141163 0.608658291861 0.640620102587 0.689404093283 0.810484830031 0.837437651413 0.956757280565 0.956757276063
# log_avg_NatM:
-1.06669500000
# m_dev:
 0.00000000000 0.00000000000 0.00000000000 0.00000000000 0.00000000000 0.00000000000 0.00000000000 0.00000000000 0.00000000000 0.00000000000 0.00000000000 0.00000000000 0.00000000000 0.00000000000 0.00000000000 0.00000000000 0.00000000000 0.00000000000 0.00000000000 0.00000000000 0.00000000000 0.00000000000 0.00000000000 0.00000000000 0.00000000000 0.00000000000 0.00000000000 0.00000000000
# log_avg_GrowthK:
-1.19613400000
# log_avg_Linf:
3.45239700000
# GrowthK_dev:
 0.00000000000 0.00000000000 0.00000000000 0.00000000000 0.00000000000 0.00000000000 0.00000000000 0.00000000000 0.00000000000 0.00000000000 0.00000000000 0.00000000000 0.00000000000 0.00000000000 0.00000000000 0.00000000000 0.00000000000 0.00000000000 0.00000000000 0.00000000000 0.00000000000 0.00000000000 0.00000000000 0.00000000000 0.00000000000 0.00000000000 0.00000000000 0.00000000000
# Linf_dev:
 0.00000000000 0.00000000000 0.00000000000 0.00000000000 0.00000000000 0.00000000000 0.00000000000 0.00000000000 0.00000000000 0.00000000000 0.00000000000 0.00000000000 0.00000000000 0.00000000000 0.00000000000 0.00000000000 0.00000000000 0.00000000000 0.00000000000 0.00000000000 0.00000000000 0.00000000000 0.00000000000 0.00000000000 0.00000000000 0.00000000000 0.00000000000 0.00000000000
# SelPars50:
1.00055870298
# SelPars95:
1.09821371693
# SelPars_dev50:
 0.00000000000 0.00000000000 0.00000000000 0.00000000000 0.00000000000 0.00000000000 0.00000000000 0.00000000000 0.00000000000 0.00000000000 0.00000000000 0.00000000000 0.00000000000 0.00000000000 0.00000000000 0.00000000000 0.00000000000 0.00000000000 0.00000000000 0.00000000000 0.00000000000 0.00000000000 0.00000000000 0.00000000000 0.00000000000 0.00000000000 0.00000000000 0.00000000000
# SelPars_dev95:
 0.00000000000 0.00000000000 0.00000000000 0.00000000000 0.00000000000 0.00000000000 0.00000000000 0.00000000000 0.00000000000 0.00000000000 0.00000000000 0.00000000000 0.00000000000 0.00000000000 0.00000000000 0.00000000000 0.00000000000 0.00000000000 0.00000000000 0.00000000000 0.00000000000 0.00000000000 0.00000000000 0.00000000000 0.00000000000 0.00000000000 0.00000000000 0.00000000000
