# Number of parameters = 80 Objective function value = 19295.7385799472  Maximum gradient component = 0.0231176892082525
# srv_sel50:
1.15436491274
# srv_sel95:
2.05734583978
# stNatLen:
 11.5652325558 9.87963489784 8.35497409926 7.32818298778 6.61161639539 6.07469223506 5.65588732940 5.32233408622 5.05446621536 4.83980031361 4.67002184321 4.53947281663 4.44431102468 4.38202487285 4.35115549289
# log_avg_fmort_dir:
0.681040748031
# fmort_dir_dev:
 -0.990752193365 -0.348836080324 -0.131195906291 -0.284515888133 -0.735204819900 -0.222826515006 -0.154350806150 -0.269725114328 -0.155038696195 -0.106684554122 -0.153616698105 -0.0665118217400 -0.0935678302365 0.0143510258978 0.153620645536 0.201194510628 0.243736573257 0.168318608938 0.252896985172 0.243018115193 0.159065407444 0.289891272472 0.250609446250 0.223550644794 0.256561191386 0.239308536482 0.342901296432 0.176829538690 0.496973125322
# mean_log_rec:
14.3294569642
# rec_dev:
 -2.15742692144 -1.95637935156 -1.83609354647 -1.05277225562 -0.867507640200 -0.966092067076 -0.653505487639 -0.428486471265 -0.245037889143 0.0194908500016 0.387340570173 0.569767619103 0.655311052512 0.553992307514 0.431606615268 0.411281435550 0.338074135910 0.291902866647 0.251917576542 0.322166700525 0.465469189952 0.555072968971 0.596353300107 0.638112193108 0.635598191477 0.642880419256 0.697350147600 0.849806745053 0.849806745148
# log_avg_NatM:
0.234380889380
# m_dev:
 0.00000000000 0.00000000000 0.00000000000 0.00000000000 0.00000000000 0.00000000000 0.00000000000 0.00000000000 0.00000000000 0.00000000000 0.00000000000 0.00000000000 0.00000000000 0.00000000000 0.00000000000 0.00000000000 0.00000000000 0.00000000000 0.00000000000 0.00000000000 0.00000000000 0.00000000000 0.00000000000 0.00000000000 0.00000000000 0.00000000000 0.00000000000 0.00000000000 0.00000000000
# log_avg_GrowthK:
-1.19613400000
# log_avg_Linf:
3.45239700000
# GrowthK_dev:
 0.00000000000 0.00000000000 0.00000000000 0.00000000000 0.00000000000 0.00000000000 0.00000000000 0.00000000000 0.00000000000 0.00000000000 0.00000000000 0.00000000000 0.00000000000 0.00000000000 0.00000000000 0.00000000000 0.00000000000 0.00000000000 0.00000000000 0.00000000000 0.00000000000 0.00000000000 0.00000000000 0.00000000000 0.00000000000 0.00000000000 0.00000000000 0.00000000000 0.00000000000
# Linf_dev:
 0.00000000000 0.00000000000 0.00000000000 0.00000000000 0.00000000000 0.00000000000 0.00000000000 0.00000000000 0.00000000000 0.00000000000 0.00000000000 0.00000000000 0.00000000000 0.00000000000 0.00000000000 0.00000000000 0.00000000000 0.00000000000 0.00000000000 0.00000000000 0.00000000000 0.00000000000 0.00000000000 0.00000000000 0.00000000000 0.00000000000 0.00000000000 0.00000000000 0.00000000000
# SelPars50:
1.03888544967
# SelPars95:
1.15647760973
# SelPars_dev50:
 0.00000000000 0.00000000000 0.00000000000 0.00000000000 0.00000000000 0.00000000000 0.00000000000 0.00000000000 0.00000000000 0.00000000000 0.00000000000 0.00000000000 0.00000000000 0.00000000000 0.00000000000 0.00000000000 0.00000000000 0.00000000000 0.00000000000 0.00000000000 0.00000000000 0.00000000000 0.00000000000 0.00000000000 0.00000000000 0.00000000000 0.00000000000 0.00000000000 0.00000000000
# SelPars_dev95:
 0.00000000000 0.00000000000 0.00000000000 0.00000000000 0.00000000000 0.00000000000 0.00000000000 0.00000000000 0.00000000000 0.00000000000 0.00000000000 0.00000000000 0.00000000000 0.00000000000 0.00000000000 0.00000000000 0.00000000000 0.00000000000 0.00000000000 0.00000000000 0.00000000000 0.00000000000 0.00000000000 0.00000000000 0.00000000000 0.00000000000 0.00000000000 0.00000000000 0.00000000000
