# Number of parameters = 78 Objective function value = 18612.8716629960  Maximum gradient component = 0.00403031773889625
# srv_sel50:
1.42018866227
# srv_sel95:
2.73868446389
# stNatLen:
 11.8455010823 10.0998942836 8.54678827244 7.51194097955 6.79185563296 6.25304771487 5.83309327718 5.49877217820 5.23035977487 5.01529303603 4.84521386743 4.71443876399 4.61910999120 4.55670639328 4.52576086524
# log_avg_fmort_dir:
0.571869289721
# fmort_dir_dev:
 -0.999084011013 -0.473340840352 -0.188478433618 -0.165701170557 -0.628352237161 -0.216295255038 -0.132549681110 -0.199030124116 -0.196695758368 -0.0892618140201 -0.117382890810 -0.0804696714045 0.0382916696153 0.0305116872240 0.201422561575 0.122881094029 0.113672601813 0.302538229652 0.360299130757 0.274123996315 0.145777233015 0.179800356958 0.189366045374 0.338010102329 0.269264855648 0.361840417398 0.379983525866 0.178858379999
# mean_log_rec:
14.4859354619
# rec_dev:
 -2.12672940729 -1.92350283005 -1.76545718895 -0.991756103182 -0.918349894794 -0.968556263975 -0.541174146130 -0.354673799486 -0.148287617468 0.108975409207 0.347960564413 0.559109509127 0.719854378900 0.623898864201 0.469179679989 0.451369658563 0.396401757243 0.349601117782 0.294598166483 0.320004668620 0.523113655791 0.588535198308 0.592757985597 0.620614935211 0.668844814045 0.645747791202 0.728959550867 0.728959545775
# log_avg_NatM:
0.389125081633
# m_dev:
 0.00000000000 0.00000000000 0.00000000000 0.00000000000 0.00000000000 0.00000000000 0.00000000000 0.00000000000 0.00000000000 0.00000000000 0.00000000000 0.00000000000 0.00000000000 0.00000000000 0.00000000000 0.00000000000 0.00000000000 0.00000000000 0.00000000000 0.00000000000 0.00000000000 0.00000000000 0.00000000000 0.00000000000 0.00000000000 0.00000000000 0.00000000000 0.00000000000
# log_avg_GrowthK:
-1.19613400000
# log_avg_Linf:
3.45239700000
# GrowthK_dev:
 0.00000000000 0.00000000000 0.00000000000 0.00000000000 0.00000000000 0.00000000000 0.00000000000 0.00000000000 0.00000000000 0.00000000000 0.00000000000 0.00000000000 0.00000000000 0.00000000000 0.00000000000 0.00000000000 0.00000000000 0.00000000000 0.00000000000 0.00000000000 0.00000000000 0.00000000000 0.00000000000 0.00000000000 0.00000000000 0.00000000000 0.00000000000 0.00000000000
# Linf_dev:
 0.00000000000 0.00000000000 0.00000000000 0.00000000000 0.00000000000 0.00000000000 0.00000000000 0.00000000000 0.00000000000 0.00000000000 0.00000000000 0.00000000000 0.00000000000 0.00000000000 0.00000000000 0.00000000000 0.00000000000 0.00000000000 0.00000000000 0.00000000000 0.00000000000 0.00000000000 0.00000000000 0.00000000000 0.00000000000 0.00000000000 0.00000000000 0.00000000000
# SelPars50:
1.05828538016
# SelPars95:
1.21442191311
# SelPars_dev50:
 0.00000000000 0.00000000000 0.00000000000 0.00000000000 0.00000000000 0.00000000000 0.00000000000 0.00000000000 0.00000000000 0.00000000000 0.00000000000 0.00000000000 0.00000000000 0.00000000000 0.00000000000 0.00000000000 0.00000000000 0.00000000000 0.00000000000 0.00000000000 0.00000000000 0.00000000000 0.00000000000 0.00000000000 0.00000000000 0.00000000000 0.00000000000 0.00000000000
# SelPars_dev95:
 0.00000000000 0.00000000000 0.00000000000 0.00000000000 0.00000000000 0.00000000000 0.00000000000 0.00000000000 0.00000000000 0.00000000000 0.00000000000 0.00000000000 0.00000000000 0.00000000000 0.00000000000 0.00000000000 0.00000000000 0.00000000000 0.00000000000 0.00000000000 0.00000000000 0.00000000000 0.00000000000 0.00000000000 0.00000000000 0.00000000000 0.00000000000 0.00000000000
