#Simulated generalized assessment 
# 
#start/end year 
71 99 
#number of ages 
15 
#ages 
1 2 3 4 5 6 7 8 9 10 11 12 13 14 15 
#Number of length bins 
25 
#CPUE years 
29 
#years for CPUE 
71 72 73 74 75 76 77 78 79 80 81 82 83 84 85 86 87 88 89 90 91 92 93 94 95 96 97 98 99 
#survey years 
29 
#years for survey 
71 72 73 74 75 76 77 78 79 80 81 82 83 84 85 86 87 88 89 90 91 92 93 94 95 96 97 98 99 
#length freq from catch years 
29 
#years for length freq catch 
71 72 73 74 75 76 77 78 79 80 81 82 83 84 85 86 87 88 89 90 91 92 93 94 95 96 97 98 99 
#catch length sample sizes 
200 200 200 200 200 200 200 200 200 200 200 200 200 200 200 200 200 200 200 200 200 200 200 200 200 200 200 200 200 
#length freq from survey years 
29 
#years for length freq survey 
71 72 73 74 75 76 77 78 79 80 81 82 83 84 85 86 87 88 89 90 91 92 93 94 95 96 97 98 99 
#survey sample sizes 
200 200 200 200 200 200 200 200 200 200 200 200 200 200 200 200 200 200 200 200 200 200 200 200 200 200 200 200 200 
#total survey biomass 
7728.228 10288.9 7383.473 12174.58 25613.32 23355.51 33586.27 37171 37373.33 64492.27 86804.35 92848.69 120356.2 200508.5 120190.4 168973.5 119535.4 89842.19 111005.9 100682.6 108685.3 154112 160520.6 136481.3 116093.3 193700.6 171635.8 171503.7 138227.2 
#survey CV 
0.2 0.2 0.2 0.2 0.2 0.2 0.2 0.2 0.2 0.2 0.2 0.2 0.2 0.2 0.2 0.2 0.2 0.2 0.2 0.2 0.2 0.2 0.2 0.2 0.2 0.2 0.2 0.2 0.2 
#total CPUE 
5671.439 5817.782 10697.99 9776.508 30186.17 23374.86 24037.82 33718.25 44030.77 58782.29 72599.08 138121.2 128123.7 132933.8 84751.84 92444.01 138430.8 110596.7 139739.3 97819.51 120977.5 90764.69 169739.3 187999.6 133593.9 231607 142176.6 199081.4 147314.2 
#CPUE CV 
0.2 0.2 0.2 0.2 0.2 0.2 0.2 0.2 0.2 0.2 0.2 0.2 0.2 0.2 0.2 0.2 0.2 0.2 0.2 0.2 0.2 0.2 0.2 0.2 0.2 0.2 0.2 0.2 0.2 
#total catch biomass 
4377.522 4250.467 5885.486 6957.769 8716.762 18958.15 19034.48 22575.88 29871.36 35424.11 46108.62 65582.14 74981.5 92750 107110.5 91809.09 84751.17 85950.95 80640.56 83804.37 73256.48 84191.16 93085.47 95584.75 104870.6 116754.4 123107.8 106337.8 97437.08 
#catch CV 
0.05 0.05 0.05 0.05 0.05 0.05 0.05 0.05 0.05 0.05 0.05 0.05 0.05 0.05 0.05 0.05 0.05 0.05 0.05 0.05 0.05 0.05 0.05 0.05 0.05 0.05 0.05 0.05 0.05 
#Length Bins 
0.7268035 2.18041 3.634017 5.087624 6.541231 7.994838 9.448445 10.90205 12.35566 13.80927 15.26287 16.71648 18.17009 19.62369 21.0773 22.53091 23.98451 25.43812 26.89173 28.34534 29.79894 31.25255 32.70616 34.15976 35.61337 
#catch length counts 
5.679201e-37 7.882357e-29 1.322429e-21 2.681859e-15 6.574262e-10 1.948074e-05 0.06977684 30.21096 1581.122 10002.64 7661.851 1434.569 5015.892 4250.807 1210.503 935.5464 285.1126 90.27639 17.89899 2.141441 0.1128369 0.001901251 7.595788e-06 5.768394e-09 7.197348e-13 
5.856666e-37 8.128667e-29 1.363752e-21 2.765663e-15 6.779696e-10 2.008948e-05 0.07195725 31.15501 1630.529 10315.21 7902.906 1524.284 5169.199 4146.905 1210.849 883.8783 262.6423 78.31216 14.17854 1.470313 0.06357416 0.0008326841 2.482603e-06 1.371001e-09 1.224998e-13 
1.163951e-36 1.615488e-28 2.710316e-21 5.496466e-15 1.347394e-09 3.992575e-05 0.1430075 61.91732 3240.506 20500.37 15693.82 2309.636 5265.112 3980.456 1179.066 803.488 231.067 64.56495 10.7502 0.9650434 0.03399906 0.0003442234 7.639051e-07 3.065105e-10 1.96143e-14 
9.814718e-37 1.362218e-28 2.285404e-21 4.634753e-15 1.136155e-09 3.366635e-05 0.1205874 52.21018 2732.473 17286.47 13257.04 3018 10273.56 7208.136 1421.158 720.4107 197.4558 50.9785 7.736686 0.6020562 0.01727367 0.0001347155 2.2199e-07 6.46752e-11 2.964966e-15 
1.632362e-36 2.265611e-28 3.801032e-21 7.708417e-15 1.889628e-09 5.599312e-05 0.2005583 86.8348 4544.588 28750.41 22022.79 3673.567 8781.167 5929.138 2095.406 1219.969 221.1474 41.68637 5.601354 0.3736486 0.008721828 5.248292e-05 6.423057e-08 1.358595e-11 4.463459e-16 
4.446745e-36 6.171789e-28 1.035446e-20 2.099863e-14 5.147567e-09 0.0001525318 0.5463442 236.5482 12379.99 78319.43 59962.16 8445.994 14514.78 8945.25 2032.115 998.0385 275.4402 50.21128 4.335445 0.2248258 0.004207476 1.952194e-05 1.780296e-08 2.741474e-12 6.465079e-17 
1.987081e-36 2.757937e-28 4.627011e-21 9.383485e-15 2.300251e-09 6.816064e-05 0.2441403 105.7043 5532.144 34998.58 26989.74 11114.35 39866.13 22716.3 3842.777 1391.303 255.7143 46.65508 4.449477 0.1584035 0.002065312 7.184688e-06 4.872856e-09 5.481045e-13 9.314751e-18 
4.629851e-36 6.425928e-28 1.078083e-20 2.18633e-14 5.359531e-09 0.0001588127 0.5688413 246.2886 12889.77 81544.61 62476.19 9955.032 18000.51 10891.52 7012.401 3219.038 415.0012 47.56223 3.630735 0.1238742 0.001177866 2.726702e-06 1.304464e-09 1.060007e-13 1.298873e-18 
5.52172e-36 7.663783e-28 1.285759e-20 2.607493e-14 6.391961e-09 0.0001894055 0.6784197 293.7323 15372.78 97253.61 74688.94 17283.63 41130 20371.95 3983.008 1775.212 613.2354 76.28267 3.507987 0.08368433 0.000660852 1.143149e-06 3.667267e-10 2.008564e-14 1.714348e-19 
7.343031e-36 1.019164e-27 1.709859e-20 3.467561e-14 8.500317e-09 0.0002518799 0.9021929 390.6184 20443.41 129332.4 99345.34 22515.3 48747.63 23453.91 7370.376 2475.705 369.4121 65.47471 4.31891 0.07188246 0.0003618506 4.632816e-07 1.110425e-10 4.255476e-15 2.444217e-20 
8.836237e-36 1.226411e-27 2.05756e-20 4.172689e-14 1.022886e-08 0.0003030997 1.085654 470.0507 24600.58 155633.1 119711.7 30335.6 64789.44 28945.29 8669.407 2886.112 499.0315 50.59845 3.001274 0.06155474 0.0002536099 2.081443e-07 3.353867e-11 9.223326e-16 3.81399e-21 
1.327113e-35 1.841945e-27 3.090246e-20 6.266956e-14 1.53627e-08 0.000455225 1.630542 705.9684 36947.58 233745.4 179756.7 42187.97 78995.43 33581.63 11183.29 3393.89 553.1653 55.11514 2.316467 0.03643818 0.0001499034 1.087292e-07 1.244071e-11 2.23932e-16 6.209712e-22 
1.753566e-35 2.433834e-27 4.083261e-20 8.280772e-14 2.029934e-08 0.0006015065 2.154498 932.8234 48820.27 308859.7 237965.4 63208.44 116554.5 45324.66 13098.75 3665.641 594.4062 53.16355 1.969586 0.02288131 6.762958e-05 4.108634e-08 4.082526e-12 5.844443e-17 1.158551e-22 
2.136896e-35 2.965871e-27 4.975864e-20 1.009095e-13 2.473678e-08 0.000732996 2.625473 1136.739 59492.4 376381.1 290584.3 85358.15 151401.5 56418.29 17780.66 4345.725 596.9314 48.3855 1.562287 0.01481814 3.243792e-05 1.380467e-08 1.01277e-12 1.146561e-17 1.831221e-23 
2.110833e-35 2.929698e-27 4.915175e-20 9.967877e-14 2.443508e-08 0.000724056 2.593451 1122.875 58766.81 371799.7 288270.7 102960.6 180470.3 64686.45 21598.33 5026.934 656.4903 43.54755 1.161511 0.009041169 1.547335e-05 4.874317e-09 2.524415e-13 1.997338e-18 2.290053e-24 
1.653882e-35 2.29548e-27 3.851143e-20 7.810042e-14 1.91454e-08 0.0005673131 2.032023 879.796 46045.04 291326.1 227497.7 103960.7 179314.1 64995.43 24992.05 5598.324 714.6049 42.52054 0.9126656 0.005489549 7.275237e-06 1.742821e-09 6.676865e-14 3.800992e-19 3.066893e-25 
1.872501e-35 2.598908e-27 4.360208e-20 8.842413e-14 2.167614e-08 0.0006423035 2.300627 996.092 52131.52 329831.1 256555.4 92912.24 137145 52386.26 23119.82 5333.534 697.8368 38.32595 0.7026424 0.003300699 3.257244e-06 5.78043e-10 1.640846e-14 6.869344e-20 4.027963e-26 
1.841453e-35 2.555815e-27 4.28791e-20 8.695796e-14 2.131672e-08 0.0006316534 2.26248 979.5756 51267.13 324378.5 253864.2 107697.7 151264.3 49210.1 17521.23 4254.644 586.8634 31.35283 0.5079588 0.001946759 1.470992e-06 1.917242e-10 3.934528e-15 1.189977e-20 5.051686e-27 
1.801565e-35 2.500454e-27 4.19503e-20 8.507437e-14 2.085498e-08 0.0006179712 2.213472 958.3571 50156.66 317367.9 249544.5 113121.6 147898 49530.03 17751.83 3426.651 423.4146 22.35527 0.331748 0.001074186 6.435567e-07 6.363139e-11 9.601696e-16 2.093671e-21 6.348592e-28 
1.803235e-35 2.502771e-27 4.198917e-20 8.51532e-14 2.08743e-08 0.0006185438 2.215523 959.2451 50203.16 317677.5 250645.1 115003.6 137645.7 45357.34 15838.89 2966.888 306.0499 13.26792 0.1748326 0.0004886171 2.390004e-07 1.845764e-11 2.107019e-16 3.397544e-22 7.493305e-29 
2.055659e-35 2.853119e-27 4.7867e-20 9.70733e-14 2.379638e-08 0.0007051302 2.525662 1093.524 57230.85 362161.9 286184.7 125928 136014.2 43452.7 14240.51 2520.51 237.0664 8.39295 0.08611894 0.0001949037 7.772211e-08 4.776834e-12 4.221094e-17 5.15094e-23 8.449476e-30 
2.293369e-35 3.183044e-27 5.340217e-20 1.082985e-13 2.654811e-08 0.0007866691 2.817721 1219.976 63848.91 404078.9 321313.4 149534.3 148935.9 44130.44 12913.42 2082.499 174.3114 5.254638 0.04228893 7.177861e-05 2.168946e-08 1.028025e-12 7.019092e-18 6.556909e-24 8.13024e-31 
2.707517e-35 3.757854e-27 6.304581e-20 1.278556e-13 3.13423e-08 0.0009287297 3.326559 1440.285 75379.15 477087.2 380644.7 174238.6 158122.8 46220.46 12440.38 1729.548 122.8312 3.084247 0.01985659 2.566489e-05 5.702154e-09 1.971217e-13 9.899441e-19 6.872815e-25 6.367953e-32 
2.869328e-35 3.982438e-27 6.681366e-20 1.354968e-13 3.321543e-08 0.0009842341 3.525366 1526.362 79884.33 505707 408763.8 212809.2 181552 50576.9 12459.42 1563.816 91.88239 1.833048 0.00923344 9.142141e-06 1.517637e-09 3.834064e-14 1.387793e-19 6.91507e-26 4.610539e-33 
3.324775e-35 4.614568e-27 7.741896e-20 1.570041e-13 3.84877e-08 0.001140461 4.084946 1768.641 92564.56 586048.2 475270.7 238345.2 186834.7 54593.46 12785.87 1421.834 70.43245 1.108353 0.004221951 3.126252e-06 3.855744e-10 7.171386e-15 1.891393e-20 6.801142e-27 3.248084e-34 
3.683753e-35 5.112806e-27 8.577793e-20 1.739559e-13 4.264324e-08 0.001263597 4.526 1959.602 102559.3 649496.8 532757.1 282589 204555.1 55709.48 12118.72 1272.227 53.4804 0.6682889 0.001927567 1.048555e-06 9.40139e-11 1.269085e-15 2.42718e-21 6.31499e-28 2.174884e-35 
3.691434e-35 5.123466e-27 8.595678e-20 1.743186e-13 4.273216e-08 0.001266232 4.535437 1963.688 102774 651134.8 543820.9 318127.2 217306.3 58785.86 11572.7 1072.258 39.22076 0.3980658 0.0008765672 3.522086e-07 2.287517e-11 2.2142e-16 3.026564e-22 5.628615e-29 1.387005e-36 
3.355683e-35 4.657467e-27 7.813867e-20 1.584636e-13 3.88455e-08 0.001151063 4.122921 1785.084 93427.61 592275.8 505841.9 325770.2 212298.3 59322.99 11013.78 906.286 27.5915 0.2269879 0.0003899141 1.173858e-07 5.56816e-12 3.881674e-17 3.790158e-23 5.011429e-30 8.760611e-38 
3.149635e-35 4.371486e-27 7.334075e-20 1.487336e-13 3.646028e-08 0.001080385 3.869763 1675.475 87690.68 555825.9 471226.2 287678 189944.4 55538.91 10333.36 823.5044 22.55747 0.159423 0.0002314538 5.827447e-08 2.277311e-12 1.288988e-17 1.011445e-23 1.068087e-30 1.485777e-38 
#survey length counts 
8.064398e-37 1.119285e-28 1.877833e-21 3.808208e-15 9.335374e-10 2.766242e-05 0.09908229 42.89921 2245.174 14203.62 10879.33 2013.609 6960.998 5898.681 1676.806 1294.206 392.5484 122.749 23.60223 2.710023 0.1363029 0.002191498 8.379231e-06 6.119602e-09 7.379072e-13 
1.566658e-36 2.174418e-28 3.648037e-21 7.398146e-15 1.813568e-09 5.373935e-05 0.1924856 83.33962 4361.664 27593.13 21120.73 3028.476 7018.855 5619.421 1618.647 1172.353 343.9676 101.3151 18.03364 1.809641 0.07490824 0.0009386204 2.686255e-06 1.430247e-09 1.237561e-13 
1.309006e-36 1.816814e-28 3.048083e-21 6.181451e-15 1.51531e-09 4.49014e-05 0.1608295 69.63363 3644.347 23055.25 17674.94 3874.004 13705.26 10235.11 1996.827 1059.256 296.2163 81.00207 13.22402 1.161192 0.0395534 0.0003848327 8.220823e-07 3.188207e-10 1.979921e-14 
2.145499e-36 2.97781e-28 4.995895e-21 1.013157e-14 2.483636e-09 7.359468e-05 0.2636042 114.1315 5973.189 37788.14 28939.9 4707.419 11665.51 8364.21 2863.087 1813.921 342.1685 66.99321 9.724957 0.7383453 0.02066303 0.0001563512 2.493276e-07 7.041241e-11 3.139058e-15 
5.812282e-36 8.067064e-28 1.353417e-20 2.744703e-14 6.728317e-09 0.0001993723 0.7141192 309.189 16181.72 102370.2 78365 10847.69 19346.36 12738.02 2839.801 1478.494 419.3626 84.09584 7.825755 0.4596631 0.01039502 6.109008e-05 7.295402e-08 1.504427e-11 4.822433e-16 
2.570086e-36 3.567109e-28 5.984566e-21 1.213658e-14 2.975139e-09 8.815882e-05 0.3157706 136.7178 7155.263 45266.93 34875.47 13882.02 53084.25 32448.12 5460.323 2099.835 397.7232 77.05745 8.256154 0.3396269 0.005320701 2.352535e-05 2.098503e-08 3.170232e-12 7.336094e-17 
5.893091e-36 8.179222e-28 1.372234e-20 2.782863e-14 6.821862e-09 0.0002021442 0.7240478 313.4877 16406.7 103793.7 79506.23 12473.25 23808.58 15140.73 9533.153 4898.925 665.2312 80.94196 6.771033 0.272014 0.003176863 9.338851e-06 5.87766e-09 6.428758e-13 1.074513e-17 
6.975154e-36 9.681053e-28 1.624198e-20 3.29384e-14 8.074461e-09 0.000239261 0.8569941 371.0489 19419.22 122852.6 94306.16 21421.74 54484.96 29013.96 5591.143 2582.25 948.8206 134.927 6.879017 0.1898366 0.001852589 4.124023e-06 1.744515e-09 1.285792e-13 1.498587e-18 
9.263913e-36 1.28577e-27 2.157146e-20 4.374648e-14 1.072394e-08 0.0003177698 1.1382 492.8012 25791.25 163164.4 125275.6 27962.54 64968.41 33390.95 10330.12 3837.797 583.1298 111.4159 8.706165 0.1733861 0.001069011 1.759626e-06 5.591208e-10 2.889171e-14 2.264981e-19 
1.116446e-35 1.549554e-27 2.599698e-20 5.272135e-14 1.292402e-08 0.0003829623 1.371709 593.9024 31082.49 196639.6 151165.2 37805.49 87099.62 41602.39 12306.51 4469.611 816.003 91.03764 6.03176 0.1522743 0.0007949327 8.407557e-07 1.791825e-10 6.653945e-15 3.759551e-20 
1.660047e-35 2.304036e-27 3.865498e-20 7.839151e-14 1.921676e-08 0.0005694277 2.039597 883.0752 46216.64 292384.2 224729.6 52281.05 105998.7 48014.43 15893.92 5286.575 906.9598 100.9119 4.872946 0.09182479 0.0004815496 4.588624e-07 6.990875e-11 1.698191e-15 6.436969e-21 
2.178825e-35 3.024065e-27 5.073497e-20 1.028895e-13 2.522215e-08 0.0007473784 2.676988 1159.043 60659.72 383759.6 295467.4 78047.08 156577.9 65046.48 18770.57 5719.049 986.1922 98.9317 4.267722 0.06045934 0.000226252 1.805e-07 2.407219e-11 4.673337e-16 1.265614e-21 
2.647604e-35 3.674699e-27 6.16507e-20 1.250264e-13 3.064875e-08 0.0009081784 3.252947 1408.414 73710.78 466330.9 359721.9 105455.3 204245.8 80943.22 25719.29 6899.873 1007.772 91.85543 3.490251 0.04080061 0.0001142493 6.391909e-08 6.29522e-12 9.702271e-17 2.125644e-22 
2.633416e-35 3.655008e-27 6.132035e-20 1.243564e-13 3.048452e-08 0.0009033119 3.235516 1400.867 73315.81 463841.7 359203.5 128491.5 246628.4 93573.27 31782.49 8096.998 1142.289 85.83452 2.701351 0.02612198 5.761244e-05 2.398968e-08 1.671568e-12 1.802048e-17 2.840915e-23 
2.054205e-35 2.851101e-27 4.783313e-20 9.700464e-14 2.377954e-08 0.0007046314 2.523875 1092.751 57190.25 361834.9 282067.5 129750.5 245539.2 93262.25 37001.41 9051.705 1259.714 85.89244 2.201001 0.0165091 2.832139e-05 9.007652e-09 4.656742e-13 3.617089e-18 4.013831e-24 
2.332892e-35 3.237901e-27 5.43225e-20 1.101649e-13 2.700564e-08 0.0008002265 2.866281 1241.001 64949.06 410919.8 319195.1 116720.8 189325 74851.79 34607.25 8662.816 1253.25 79.57207 1.763321 0.0104272 1.337504e-05 3.159374e-09 1.213164e-13 6.942746e-19 5.604555e-25 
2.305559e-35 3.199964e-27 5.368603e-20 1.088742e-13 2.668923e-08 0.0007908506 2.832698 1226.46 64188.1 406122.4 317277.9 136566.1 211320 71826.33 26571.69 6938.648 1070.644 66.842 1.325212 0.006454191 6.380756e-06 1.110724e-09 3.088946e-14 1.278975e-19 7.485029e-26 
2.240785e-35 3.110062e-27 5.217774e-20 1.058154e-13 2.59394e-08 0.0007686319 2.753115 1192.004 62384.79 394729.2 309752.9 143192.8 206382.5 71681.24 27263.31 5685.066 776.2471 48.29793 0.8879302 0.003690424 2.912405e-06 3.862283e-10 7.916571e-15 2.366068e-20 9.898511e-27 
2.264842e-35 3.143451e-27 5.273791e-20 1.069514e-13 2.621788e-08 0.0007768838 2.782671 1204.801 63054.56 398983.5 314123.7 147582.1 194870.1 66433.37 24765.75 5041.528 584.2877 29.70506 0.4871583 0.001763852 1.144492e-06 1.19099e-10 1.852064e-15 4.100103e-21 1.248617e-27 
2.581241e-35 3.582593e-27 6.010543e-20 1.218926e-13 2.988054e-08 0.0008854149 3.171412 1373.112 71863.35 454737.6 358584.4 162221.4 193504.2 63942.42 22503.32 4335.63 463.3379 19.5024 0.2494916 0.0007333503 3.900053e-07 3.244958e-11 3.918727e-16 6.578707e-22 1.491919e-28 
2.877996e-35 3.994469e-27 6.70155e-20 1.359061e-13 3.331578e-08 0.0009872075 3.536017 1530.973 80125.26 507057.5 402261.1 193432.5 212952.1 65465.88 20646.22 3637.729 348.2603 12.61961 0.1278812 0.000282904 1.142249e-07 7.350912e-12 6.880332e-17 8.863634e-23 1.521932e-29 
3.434732e-35 4.767182e-27 7.997936e-20 1.621965e-13 3.976057e-08 0.001178178 4.220044 1827.133 95625.23 605186.9 481710.9 228706.1 229418.7 69637.2 20400.25 3115.76 254.4539 7.738549 0.06323791 0.0001071915 3.192068e-08 1.500822e-12 1.035159e-17 9.932958e-24 1.277184e-30 
3.651065e-35 5.067438e-27 8.501678e-20 1.724123e-13 4.226485e-08 0.001252385 4.485839 1942.213 101648.3 643421.6 518610 281674 265421.3 76990.62 20727.35 2883.536 196.7831 4.78323 0.03075075 4.012463e-05 8.959701e-09 3.085031e-13 1.535461e-18 1.058523e-24 9.80687e-32 
4.234921e-35 5.877791e-27 9.861213e-20 1.999834e-13 4.902358e-08 0.001452658 5.203186 2252.8 117903.5 746392.2 603651.2 316986.7 273991 83482.73 21575.12 2677.13 155.521 3.009566 0.01470355 1.4397e-05 2.395189e-09 6.084621e-14 2.209681e-19 1.100158e-25 7.303932e-33 
4.707886e-35 6.534235e-27 1.096253e-19 2.22318e-13 5.449864e-08 0.001614894 5.784289 2504.398 131071.7 829943 678764.1 378855.7 302357.3 86196.7 20683.93 2448.961 122.0559 1.891348 0.007040052 5.081553e-06 6.158852e-10 1.13747e-14 2.999788e-20 1.081836e-26 5.183232e-34 
4.73478e-35 6.571562e-27 1.102516e-19 2.23588e-13 5.480997e-08 0.00162412 5.817332 2518.705 131821.4 835001.4 695081.3 430140.9 323172.5 91996.88 20113.23 2110.805 92.35127 1.174072 0.003356591 1.796148e-06 1.580327e-10 2.095646e-15 3.954074e-21 1.02029e-27 3.500862e-35 
4.290736e-35 5.955258e-27 9.991182e-20 2.026192e-13 4.96697e-08 0.001471804 5.271763 2282.492 119460 757099.9 644267.8 441200.8 315092.1 93145.19 19323.44 1819.575 66.72895 0.6924074 0.001554101 6.255513e-07 4.028468e-11 3.852299e-16 5.196263e-22 9.537977e-29 2.322808e-36 
4.158824e-35 5.772173e-27 9.684018e-20 1.963899e-13 4.814268e-08 0.001426556 5.109691 2212.321 115788.4 734068.4 628587.7 413180 276071.1 84439.95 16904.96 1482.674 46.18723 0.3821515 0.0006640025 2.030185e-07 9.724908e-12 6.789776e-17 6.60139e-23 8.665377e-30 1.501892e-37 
4.158824e-35 5.772173e-27 9.684018e-20 1.963899e-13 4.814268e-08 0.001426556 5.109691 2212.321 115788.4 734068.5 628600 413772.6 278242.6 83075.01 15642.49 1256.115 34.55911 0.2448843 0.0003560838 8.974027e-08 3.509202e-12 1.987148e-17 1.559799e-23 1.647572e-30 2.292343e-38 
