# Number of parameters = 79 Objective function value = 20340.1638827865  Maximum gradient component = 0.0469337995481358
# srv_sel50:
0.968351529005
# srv_sel95:
1.08734205454
# stNatLen:
 10.7492171984 9.78774194030 8.40969464571 7.46048188538 6.82082062901 6.35228116987 5.99161777465 5.70666315953 5.47898593329 5.29716115965 5.15373473945 5.04369843702 4.96366326360 4.91138809792 4.88551239202
# log_avg_fmort_dir:
0.640534364380
# fmort_dir_dev:
 -0.0833862412274 -0.118696377392 -0.158112978461 -0.0945268443307 -0.104180195955 0.0176953400347 0.0185726828294 -0.0799711097288 -0.0659698620560 0.0445631044525 -0.0350843571052 0.0905410308924 -0.0482974647070 0.158165954178 0.171157836377 0.149538328214 0.141624007612 0.134678318504 0.161683901399 0.177262394916 0.215897741329 0.226099979498 0.286903233902 0.265343188685 0.264865345538 0.319132122234 0.268843319194 0.461319288445 -2.78566168727
# mean_log_rec:
13.3120897834
# rec_dev:
 -2.42825819325 -2.12283945595 -1.69977117304 -1.38860322225 -1.45573503910 -1.41092921667 -0.945481292707 -0.469300014015 -0.190020057083 0.0196570869785 0.353968227551 0.625556661529 0.806951485847 0.580718359026 0.449625392657 0.461007208589 0.496775738726 0.505773980930 0.544789163333 0.565677897733 0.571162476473 0.676918206108 0.782671728983 0.855986630607 0.850156834706 0.774898101728 0.735972994062 0.726334735671 0.726334752817
# log_avg_NatM:
-1.36837500000
# m_dev:
 0.00000000000 0.00000000000 0.00000000000 0.00000000000 0.00000000000 0.00000000000 0.00000000000 0.00000000000 0.00000000000 0.00000000000 0.00000000000 0.00000000000 0.00000000000 0.00000000000 0.00000000000 0.00000000000 0.00000000000 0.00000000000 0.00000000000 0.00000000000 0.00000000000 0.00000000000 0.00000000000 0.00000000000 0.00000000000 0.00000000000 0.00000000000 0.00000000000 0.00000000000
# log_avg_GrowthK:
-1.19613400000
# log_avg_Linf:
3.45239700000
# GrowthK_dev:
 0.00000000000 0.00000000000 0.00000000000 0.00000000000 0.00000000000 0.00000000000 0.00000000000 0.00000000000 0.00000000000 0.00000000000 0.00000000000 0.00000000000 0.00000000000 0.00000000000 0.00000000000 0.00000000000 0.00000000000 0.00000000000 0.00000000000 0.00000000000 0.00000000000 0.00000000000 0.00000000000 0.00000000000 0.00000000000 0.00000000000 0.00000000000 0.00000000000 0.00000000000
# Linf_dev:
 0.00000000000 0.00000000000 0.00000000000 0.00000000000 0.00000000000 0.00000000000 0.00000000000 0.00000000000 0.00000000000 0.00000000000 0.00000000000 0.00000000000 0.00000000000 0.00000000000 0.00000000000 0.00000000000 0.00000000000 0.00000000000 0.00000000000 0.00000000000 0.00000000000 0.00000000000 0.00000000000 0.00000000000 0.00000000000 0.00000000000 0.00000000000 0.00000000000 0.00000000000
# SelPars50:
1.00666191156
# SelPars95:
1.08536958471
# SelPars_dev50:
 0.00000000000 0.00000000000 0.00000000000 0.00000000000 0.00000000000 0.00000000000 0.00000000000 0.00000000000 0.00000000000 0.00000000000 0.00000000000 0.00000000000 0.00000000000 0.00000000000 0.00000000000 0.00000000000 0.00000000000 0.00000000000 0.00000000000 0.00000000000 0.00000000000 0.00000000000 0.00000000000 0.00000000000 0.00000000000 0.00000000000 0.00000000000 0.00000000000 0.00000000000
# SelPars_dev95:
 0.00000000000 0.00000000000 0.00000000000 0.00000000000 0.00000000000 0.00000000000 0.00000000000 0.00000000000 0.00000000000 0.00000000000 0.00000000000 0.00000000000 0.00000000000 0.00000000000 0.00000000000 0.00000000000 0.00000000000 0.00000000000 0.00000000000 0.00000000000 0.00000000000 0.00000000000 0.00000000000 0.00000000000 0.00000000000 0.00000000000 0.00000000000 0.00000000000 0.00000000000
