# Number of parameters = 106 Objective function value = 21615.4141073191  Maximum gradient component = 0.000912742856910420
# srv_sel50:
1.91916350976
# srv_sel95:
3.34858730510
# stNatLen:
 11.1861650259 10.6300699510 9.03410504453 7.78553841349 6.94469835291 6.35329322999 5.90966395781 5.56475651476 5.29210693172 5.07596154498 4.90632841003 4.77663367182 4.68250519875 4.62110355444 4.59074541410
# log_avg_fmort_dir:
0.823900597482
# fmort_dir_dev:
 -0.493965844368 -0.513766637981 -0.573824046282 -0.447600402839 -0.428878511389 -0.388779715260 -0.363192407685 -0.328068998912 -0.281836371698 -0.215617996651 -0.106823551911 -0.0393161649959 0.0482090316146 0.0685726088616 0.114628720363 0.219995836820 0.250784336467 0.167246173565 0.283575037091 0.108356387349 0.215762026723 0.223582582338 0.250914083360 0.467306631574 0.511062537005 0.340373572553 0.433889501381 0.477411582906
# mean_log_rec:
14.5341877681
# rec_dev:
 -2.51413007977 -1.83018331522 -1.65487705085 -1.45642074078 -1.08384061293 -0.794170773264 -0.662080679141 -0.400824604971 0.0262352924851 0.0647766533655 0.311107360784 0.617503370921 0.568070617137 0.302959631729 0.367785320964 0.371365230211 0.477324886480 0.391044300810 0.501928906099 0.569329702572 0.752462978166 0.845122566583 0.860458502656 0.717674850600 0.890028249024 0.725293935404 0.518027743451 0.518027757477
# log_avg_NatM:
0.163787445528
# m_dev:
 -1.02702086549 -0.478297311295 -0.277333463780 -0.211645558673 -0.252392974222 -0.239408196901 -0.0226766684175 -0.0108489431738 0.0387866202500 0.132321397224 0.0408190772414 0.113526864009 0.0803382858367 0.0282575992625 -0.0857831313950 0.0356525388715 -0.0106532349310 0.204574597554 0.00277392658309 0.288478730297 0.149399346451 0.195281996009 0.315551547508 0.338264137484 0.0238021186164 0.232056258552 0.262588886578 0.133586419948
# log_avg_GrowthK:
-1.18630400000
# log_avg_Linf:
3.44583300000
# GrowthK_dev:
 0.00000000000 0.00000000000 0.00000000000 0.00000000000 0.00000000000 0.00000000000 0.00000000000 0.00000000000 0.00000000000 0.00000000000 0.00000000000 0.00000000000 0.00000000000 0.00000000000 0.00000000000 0.00000000000 0.00000000000 0.00000000000 0.00000000000 0.00000000000 0.00000000000 0.00000000000 0.00000000000 0.00000000000 0.00000000000 0.00000000000 0.00000000000 0.00000000000
# Linf_dev:
 0.00000000000 0.00000000000 0.00000000000 0.00000000000 0.00000000000 0.00000000000 0.00000000000 0.00000000000 0.00000000000 0.00000000000 0.00000000000 0.00000000000 0.00000000000 0.00000000000 0.00000000000 0.00000000000 0.00000000000 0.00000000000 0.00000000000 0.00000000000 0.00000000000 0.00000000000 0.00000000000 0.00000000000 0.00000000000 0.00000000000 0.00000000000 0.00000000000
# SelPars50:
1.95596226452
# SelPars95:
3.10721166692
# SelPars_dev50:
 0.00000000000 0.00000000000 0.00000000000 0.00000000000 0.00000000000 0.00000000000 0.00000000000 0.00000000000 0.00000000000 0.00000000000 0.00000000000 0.00000000000 0.00000000000 0.00000000000 0.00000000000 0.00000000000 0.00000000000 0.00000000000 0.00000000000 0.00000000000 0.00000000000 0.00000000000 0.00000000000 0.00000000000 0.00000000000 0.00000000000 0.00000000000 0.00000000000
# SelPars_dev95:
 0.00000000000 0.00000000000 0.00000000000 0.00000000000 0.00000000000 0.00000000000 0.00000000000 0.00000000000 0.00000000000 0.00000000000 0.00000000000 0.00000000000 0.00000000000 0.00000000000 0.00000000000 0.00000000000 0.00000000000 0.00000000000 0.00000000000 0.00000000000 0.00000000000 0.00000000000 0.00000000000 0.00000000000 0.00000000000 0.00000000000 0.00000000000 0.00000000000
