# Number of parameters = 77 Objective function value = 19524.7327638190  Maximum gradient component = 24.2611142661247
# srv_sel50:
0.999983123089
# srv_sel95:
1.00005454694
# stNatLen:
 10.6235351569 9.49250140767 8.06450525208 7.08642012098 6.42341417332 5.93543797593 5.55855682241 5.26009175479 5.02121999691 4.83021470827 4.67939457870 4.56358492334 4.47928302528 4.42418318719 4.39690142876
# log_avg_fmort_dir:
0.752126974001
# fmort_dir_dev:
 -0.422066039519 -0.153293649849 -0.130047095465 -0.251154522587 -0.146033401639 -0.0309895193039 -0.134018789796 -0.132391380053 -0.255894798424 -0.0730843949456 -0.0538202317019 -0.0718695970545 -0.0213916608898 0.0367659623180 0.0831455978554 0.134601219202 0.0904690126474 0.0855743040885 0.217456420794 0.156451727905 0.0959185857637 0.206248473688 0.195230275676 0.193170823712 0.254909661405 0.237756813273 0.183169602348 -0.294813399448
# mean_log_rec:
13.3258560941
# rec_dev:
 -2.33463982786 -2.03939164581 -1.68280057437 -1.37184291243 -1.46352121332 -1.37243740297 -0.880342846889 -0.453480074312 -0.173486077284 0.00579834794103 0.304650190023 0.612414126366 0.750748474733 0.591360848611 0.470111025128 0.422715316000 0.464403851091 0.497623511670 0.455435970021 0.541818725285 0.669190986717 0.685984853447 0.747971430219 0.835898646833 0.816531375235 0.850538314178 1.02437313508 1.02437344666
# log_avg_NatM:
-1.36837500000
# m_dev:
 0.00000000000 0.00000000000 0.00000000000 0.00000000000 0.00000000000 0.00000000000 0.00000000000 0.00000000000 0.00000000000 0.00000000000 0.00000000000 0.00000000000 0.00000000000 0.00000000000 0.00000000000 0.00000000000 0.00000000000 0.00000000000 0.00000000000 0.00000000000 0.00000000000 0.00000000000 0.00000000000 0.00000000000 0.00000000000 0.00000000000 0.00000000000 0.00000000000
# log_avg_GrowthK:
-1.19613400000
# log_avg_Linf:
3.45239700000
# GrowthK_dev:
 0.00000000000 0.00000000000 0.00000000000 0.00000000000 0.00000000000 0.00000000000 0.00000000000 0.00000000000 0.00000000000 0.00000000000 0.00000000000 0.00000000000 0.00000000000 0.00000000000 0.00000000000 0.00000000000 0.00000000000 0.00000000000 0.00000000000 0.00000000000 0.00000000000 0.00000000000 0.00000000000 0.00000000000 0.00000000000 0.00000000000 0.00000000000 0.00000000000
# Linf_dev:
 0.00000000000 0.00000000000 0.00000000000 0.00000000000 0.00000000000 0.00000000000 0.00000000000 0.00000000000 0.00000000000 0.00000000000 0.00000000000 0.00000000000 0.00000000000 0.00000000000 0.00000000000 0.00000000000 0.00000000000 0.00000000000 0.00000000000 0.00000000000 0.00000000000 0.00000000000 0.00000000000 0.00000000000 0.00000000000 0.00000000000 0.00000000000 0.00000000000
# SelPars50:
1.01655121936
# SelPars95:
1.16427909300
# SelPars_dev50:
 0.00000000000 0.00000000000 0.00000000000 0.00000000000 0.00000000000 0.00000000000 0.00000000000 0.00000000000 0.00000000000 0.00000000000 0.00000000000 0.00000000000 0.00000000000 0.00000000000 0.00000000000 0.00000000000 0.00000000000 0.00000000000 0.00000000000 0.00000000000 0.00000000000 0.00000000000 0.00000000000 0.00000000000 0.00000000000 0.00000000000 0.00000000000 0.00000000000
# SelPars_dev95:
 0.00000000000 0.00000000000 0.00000000000 0.00000000000 0.00000000000 0.00000000000 0.00000000000 0.00000000000 0.00000000000 0.00000000000 0.00000000000 0.00000000000 0.00000000000 0.00000000000 0.00000000000 0.00000000000 0.00000000000 0.00000000000 0.00000000000 0.00000000000 0.00000000000 0.00000000000 0.00000000000 0.00000000000 0.00000000000 0.00000000000 0.00000000000 0.00000000000
