# Number of parameters = 78 Objective function value = 21943.1555480599  Maximum gradient component = 0.000381211698234079
# srv_sel50:
1.39328475694
# srv_sel95:
3.53451926242
# stNatLen:
 11.1794687070 10.0185288500 8.69035457829 7.65364245907 6.88520131643 6.31333410237 5.87723490799 5.53718406792 5.26864629874 5.05620659410 4.88986459866 4.76297126191 4.67107415651 4.61125661655 4.58175729763
# log_avg_fmort_dir:
0.804894927859
# fmort_dir_dev:
 -0.385459248161 -0.196607872423 -0.284662958891 -0.138719674846 -0.313110905373 -0.122427806030 -0.0425831820807 -0.00152441769632 -0.308237242370 0.00269360479934 0.232603698693 -0.244818437701 -0.0660822636541 0.0903848233295 0.198281362140 0.287795871252 0.176554521564 0.293679166350 0.201178570566 0.223231523046 0.227316630253 -0.0560119791569 0.105879703122 0.0952035711515 0.0348322732894 0.114207941635 0.0543304603224 -0.177927733130
# mean_log_rec:
13.1908256914
# rec_dev:
 -1.80427852421 -1.56056098209 -1.34733796317 -1.05392556081 -0.993108537690 -1.18352574929 -0.843309628299 -0.0620304462925 -0.196890283147 -0.275572832819 0.402512481556 0.654737531658 0.519575784452 0.272640140440 0.232484761323 0.370795784997 0.259124435542 0.337275179301 0.344432619160 0.393067792678 0.539171334365 0.480594897953 0.637112527346 0.676980476115 0.624358262414 0.671948598643 0.951863960569 0.951863939303
# log_avg_NatM:
-0.0447272198667
# m_dev:
 0.00000000000 0.00000000000 0.00000000000 0.00000000000 0.00000000000 0.00000000000 0.00000000000 0.00000000000 0.00000000000 0.00000000000 0.00000000000 0.00000000000 0.00000000000 0.00000000000 0.00000000000 0.00000000000 0.00000000000 0.00000000000 0.00000000000 0.00000000000 0.00000000000 0.00000000000 0.00000000000 0.00000000000 0.00000000000 0.00000000000 0.00000000000 0.00000000000
# log_avg_GrowthK:
-1.02151300000
# log_avg_Linf:
3.36611700000
# GrowthK_dev:
 0.00000000000 0.00000000000 0.00000000000 0.00000000000 0.00000000000 0.00000000000 0.00000000000 0.00000000000 0.00000000000 0.00000000000 0.00000000000 0.00000000000 0.00000000000 0.00000000000 0.00000000000 0.00000000000 0.00000000000 0.00000000000 0.00000000000 0.00000000000 0.00000000000 0.00000000000 0.00000000000 0.00000000000 0.00000000000 0.00000000000 0.00000000000 0.00000000000
# Linf_dev:
 0.00000000000 0.00000000000 0.00000000000 0.00000000000 0.00000000000 0.00000000000 0.00000000000 0.00000000000 0.00000000000 0.00000000000 0.00000000000 0.00000000000 0.00000000000 0.00000000000 0.00000000000 0.00000000000 0.00000000000 0.00000000000 0.00000000000 0.00000000000 0.00000000000 0.00000000000 0.00000000000 0.00000000000 0.00000000000 0.00000000000 0.00000000000 0.00000000000
# SelPars50:
2.03645444821
# SelPars95:
3.15889984013
# SelPars_dev50:
 0.00000000000 0.00000000000 0.00000000000 0.00000000000 0.00000000000 0.00000000000 0.00000000000 0.00000000000 0.00000000000 0.00000000000 0.00000000000 0.00000000000 0.00000000000 0.00000000000 0.00000000000 0.00000000000 0.00000000000 0.00000000000 0.00000000000 0.00000000000 0.00000000000 0.00000000000 0.00000000000 0.00000000000 0.00000000000 0.00000000000 0.00000000000 0.00000000000
# SelPars_dev95:
 0.00000000000 0.00000000000 0.00000000000 0.00000000000 0.00000000000 0.00000000000 0.00000000000 0.00000000000 0.00000000000 0.00000000000 0.00000000000 0.00000000000 0.00000000000 0.00000000000 0.00000000000 0.00000000000 0.00000000000 0.00000000000 0.00000000000 0.00000000000 0.00000000000 0.00000000000 0.00000000000 0.00000000000 0.00000000000 0.00000000000 0.00000000000 0.00000000000
