# Number of parameters = 80 Objective function value = 22749.6800936187  Maximum gradient component = 0.000720938555142242
# srv_sel50:
1.80186798415
# srv_sel95:
3.80004432740
# stNatLen:
 11.7228806433 10.3058235727 8.91168887103 7.85513035032 7.07738653149 6.49931470688 6.05856408048 5.71490724723 5.44354734976 5.22890105003 5.06085156934 4.93266821506 4.83984241879 4.77942087225 4.74962129288
# log_avg_fmort_dir:
0.917392604107
# fmort_dir_dev:
 -0.534552451991 -0.343703893968 -0.301883930064 -0.338379085366 -0.249586900562 -0.179622258746 -0.0366732421235 -0.136386495747 -0.544248937865 -0.208682872146 0.204713300312 -0.294547415239 -0.0516836311053 0.306138965490 0.169873771348 0.306431304930 0.00711683127281 0.254378304617 0.0985864269709 0.154258139853 0.173599021977 -0.0168487663954 0.164026592475 0.0593434354412 0.141518198594 0.230529378761 0.126048588103 0.112663031722 0.727574589449
# mean_log_rec:
13.7041085859
# rec_dev:
 -1.77394775749 -1.54783856084 -1.33251723328 -1.07628682050 -1.07183009413 -1.23227997734 -0.799636791905 -0.0931576964999 -0.248813874520 -0.276923964490 0.365032590918 0.596806160158 0.484232598226 0.254470555347 0.213829171661 0.337251778265 0.193676719720 0.235611376956 0.270005156010 0.375108473918 0.478709171348 0.380718967547 0.545871328042 0.587675420832 0.443071471618 0.434809906412 0.624349184798 1.31600134980 1.31600138941
# log_avg_NatM:
0.229829086853
# m_dev:
 0.00000000000 0.00000000000 0.00000000000 0.00000000000 0.00000000000 0.00000000000 0.00000000000 0.00000000000 0.00000000000 0.00000000000 0.00000000000 0.00000000000 0.00000000000 0.00000000000 0.00000000000 0.00000000000 0.00000000000 0.00000000000 0.00000000000 0.00000000000 0.00000000000 0.00000000000 0.00000000000 0.00000000000 0.00000000000 0.00000000000 0.00000000000 0.00000000000 0.00000000000
# log_avg_GrowthK:
-1.02151300000
# log_avg_Linf:
3.36611700000
# GrowthK_dev:
 0.00000000000 0.00000000000 0.00000000000 0.00000000000 0.00000000000 0.00000000000 0.00000000000 0.00000000000 0.00000000000 0.00000000000 0.00000000000 0.00000000000 0.00000000000 0.00000000000 0.00000000000 0.00000000000 0.00000000000 0.00000000000 0.00000000000 0.00000000000 0.00000000000 0.00000000000 0.00000000000 0.00000000000 0.00000000000 0.00000000000 0.00000000000 0.00000000000 0.00000000000
# Linf_dev:
 0.00000000000 0.00000000000 0.00000000000 0.00000000000 0.00000000000 0.00000000000 0.00000000000 0.00000000000 0.00000000000 0.00000000000 0.00000000000 0.00000000000 0.00000000000 0.00000000000 0.00000000000 0.00000000000 0.00000000000 0.00000000000 0.00000000000 0.00000000000 0.00000000000 0.00000000000 0.00000000000 0.00000000000 0.00000000000 0.00000000000 0.00000000000 0.00000000000 0.00000000000
# SelPars50:
2.20598855854
# SelPars95:
3.32771447285
# SelPars_dev50:
 0.00000000000 0.00000000000 0.00000000000 0.00000000000 0.00000000000 0.00000000000 0.00000000000 0.00000000000 0.00000000000 0.00000000000 0.00000000000 0.00000000000 0.00000000000 0.00000000000 0.00000000000 0.00000000000 0.00000000000 0.00000000000 0.00000000000 0.00000000000 0.00000000000 0.00000000000 0.00000000000 0.00000000000 0.00000000000 0.00000000000 0.00000000000 0.00000000000 0.00000000000
# SelPars_dev95:
 0.00000000000 0.00000000000 0.00000000000 0.00000000000 0.00000000000 0.00000000000 0.00000000000 0.00000000000 0.00000000000 0.00000000000 0.00000000000 0.00000000000 0.00000000000 0.00000000000 0.00000000000 0.00000000000 0.00000000000 0.00000000000 0.00000000000 0.00000000000 0.00000000000 0.00000000000 0.00000000000 0.00000000000 0.00000000000 0.00000000000 0.00000000000 0.00000000000 0.00000000000
