# Number of parameters = 80 Objective function value = 20055.5756225106  Maximum gradient component = 0.000603575258533868
# srv_sel50:
2.46562293859
# srv_sel95:
5.87094292244
# stNatLen:
 12.1001962457 10.2750967620 8.87594043110 7.89148440390 7.18356386697 6.65430273597 6.24541991269 5.92297654391 5.66626222372 5.46202180249 5.30146623593 5.17864563559 5.08952281906 5.03143033782 5.00275203947
# log_avg_fmort_dir:
0.560681232799
# fmort_dir_dev:
 -0.321654589787 -0.0545278542147 0.0679298475168 0.0323934837160 -0.0607846864564 0.000541188228491 0.0944292237455 -0.389738239573 -0.348166778792 -0.0493759286803 0.0413464883692 -0.146053874476 -0.136665310173 -0.0657299298111 0.181228219952 0.199784659124 0.114027548096 0.0660370822821 -0.00697597614846 0.0229404219168 0.0833963185324 0.0322385058570 0.167555507876 0.0762879647954 -0.0336009138672 0.00652136226493 -0.0210367835215 -0.00721750263536 0.454870545863
# mean_log_rec:
14.6461733629
# rec_dev:
 -2.15510217540 -2.19051745719 -2.20819538623 -1.85196824080 -1.54739606613 -1.43667023723 -1.00495145981 -0.467140104883 -0.145693731425 0.0564253226370 0.440893974517 0.679516237291 0.738320951960 0.694663673990 0.533774916155 0.507880697348 0.550326067192 0.537081987855 0.454243599482 0.527547774274 0.610410847034 0.694803517061 0.815345526634 0.925239682189 0.938392256666 0.832307714523 0.801715056237 0.834372527071 0.834372529003
# log_avg_NatM:
0.474805377222
# m_dev:
 0.00000000000 0.00000000000 0.00000000000 0.00000000000 0.00000000000 0.00000000000 0.00000000000 0.00000000000 0.00000000000 0.00000000000 0.00000000000 0.00000000000 0.00000000000 0.00000000000 0.00000000000 0.00000000000 0.00000000000 0.00000000000 0.00000000000 0.00000000000 0.00000000000 0.00000000000 0.00000000000 0.00000000000 0.00000000000 0.00000000000 0.00000000000 0.00000000000 0.00000000000
# log_avg_GrowthK:
-1.02151300000
# log_avg_Linf:
3.36611700000
# GrowthK_dev:
 0.00000000000 0.00000000000 0.00000000000 0.00000000000 0.00000000000 0.00000000000 0.00000000000 0.00000000000 0.00000000000 0.00000000000 0.00000000000 0.00000000000 0.00000000000 0.00000000000 0.00000000000 0.00000000000 0.00000000000 0.00000000000 0.00000000000 0.00000000000 0.00000000000 0.00000000000 0.00000000000 0.00000000000 0.00000000000 0.00000000000 0.00000000000 0.00000000000 0.00000000000
# Linf_dev:
 0.00000000000 0.00000000000 0.00000000000 0.00000000000 0.00000000000 0.00000000000 0.00000000000 0.00000000000 0.00000000000 0.00000000000 0.00000000000 0.00000000000 0.00000000000 0.00000000000 0.00000000000 0.00000000000 0.00000000000 0.00000000000 0.00000000000 0.00000000000 0.00000000000 0.00000000000 0.00000000000 0.00000000000 0.00000000000 0.00000000000 0.00000000000 0.00000000000 0.00000000000
# SelPars50:
2.36453902900
# SelPars95:
5.08732384149
# SelPars_dev50:
 0.00000000000 0.00000000000 0.00000000000 0.00000000000 0.00000000000 0.00000000000 0.00000000000 0.00000000000 0.00000000000 0.00000000000 0.00000000000 0.00000000000 0.00000000000 0.00000000000 0.00000000000 0.00000000000 0.00000000000 0.00000000000 0.00000000000 0.00000000000 0.00000000000 0.00000000000 0.00000000000 0.00000000000 0.00000000000 0.00000000000 0.00000000000 0.00000000000 0.00000000000
# SelPars_dev95:
 0.00000000000 0.00000000000 0.00000000000 0.00000000000 0.00000000000 0.00000000000 0.00000000000 0.00000000000 0.00000000000 0.00000000000 0.00000000000 0.00000000000 0.00000000000 0.00000000000 0.00000000000 0.00000000000 0.00000000000 0.00000000000 0.00000000000 0.00000000000 0.00000000000 0.00000000000 0.00000000000 0.00000000000 0.00000000000 0.00000000000 0.00000000000 0.00000000000 0.00000000000
