# Number of parameters = 80 Objective function value = 20066.0922497835  Maximum gradient component = 0.000848635716222316
# srv_sel50:
2.53928379347
# srv_sel95:
5.95294685122
# stNatLen:
 12.0566997747 10.1979252001 8.76985134014 7.76435915662 7.04208358837 6.50304731955 6.08736334289 5.76005655543 5.49978213029 5.29289773781 5.13037417598 5.00610979723 4.91597072239 4.85722888823 4.82823277234
# log_avg_fmort_dir:
0.527841975182
# fmort_dir_dev:
 -0.365189842754 -0.0279110853671 0.202623785242 0.115582971949 -0.100011336345 -0.0373298669153 -0.131413023520 -0.228074220406 -0.403685677905 -0.191742168537 -0.0696277306254 -0.0912399121839 -0.0732756292377 0.0365502131022 0.242148765956 0.199510846275 0.124207344567 0.142620687786 0.113505003312 0.110756028300 -0.00263808513538 0.0138394782449 -0.00241734067854 0.0269868864626 -0.123301931151 -0.00125254126055 -0.0676666521980 -0.0413223542703 0.629767387293
# mean_log_rec:
14.7006386784
# rec_dev:
 -2.24832300400 -2.29229936204 -2.21117959884 -1.64512225147 -1.47366434354 -1.42847221144 -1.06549031664 -0.439157213100 -0.115239997874 0.104814236937 0.358041589886 0.640256556081 0.791842116389 0.647262545924 0.514663920881 0.499854199662 0.472473146522 0.436503188849 0.504393982528 0.601917883398 0.641788224471 0.734731824701 0.844036739857 0.976222019956 0.938467010384 0.821805370930 0.789557749745 0.800157993660 0.800157998176
# log_avg_NatM:
0.495794328544
# m_dev:
 0.00000000000 0.00000000000 0.00000000000 0.00000000000 0.00000000000 0.00000000000 0.00000000000 0.00000000000 0.00000000000 0.00000000000 0.00000000000 0.00000000000 0.00000000000 0.00000000000 0.00000000000 0.00000000000 0.00000000000 0.00000000000 0.00000000000 0.00000000000 0.00000000000 0.00000000000 0.00000000000 0.00000000000 0.00000000000 0.00000000000 0.00000000000 0.00000000000 0.00000000000
# log_avg_GrowthK:
-1.02151300000
# log_avg_Linf:
3.36611700000
# GrowthK_dev:
 0.00000000000 0.00000000000 0.00000000000 0.00000000000 0.00000000000 0.00000000000 0.00000000000 0.00000000000 0.00000000000 0.00000000000 0.00000000000 0.00000000000 0.00000000000 0.00000000000 0.00000000000 0.00000000000 0.00000000000 0.00000000000 0.00000000000 0.00000000000 0.00000000000 0.00000000000 0.00000000000 0.00000000000 0.00000000000 0.00000000000 0.00000000000 0.00000000000 0.00000000000
# Linf_dev:
 0.00000000000 0.00000000000 0.00000000000 0.00000000000 0.00000000000 0.00000000000 0.00000000000 0.00000000000 0.00000000000 0.00000000000 0.00000000000 0.00000000000 0.00000000000 0.00000000000 0.00000000000 0.00000000000 0.00000000000 0.00000000000 0.00000000000 0.00000000000 0.00000000000 0.00000000000 0.00000000000 0.00000000000 0.00000000000 0.00000000000 0.00000000000 0.00000000000 0.00000000000
# SelPars50:
2.38753134589
# SelPars95:
5.09321238376
# SelPars_dev50:
 0.00000000000 0.00000000000 0.00000000000 0.00000000000 0.00000000000 0.00000000000 0.00000000000 0.00000000000 0.00000000000 0.00000000000 0.00000000000 0.00000000000 0.00000000000 0.00000000000 0.00000000000 0.00000000000 0.00000000000 0.00000000000 0.00000000000 0.00000000000 0.00000000000 0.00000000000 0.00000000000 0.00000000000 0.00000000000 0.00000000000 0.00000000000 0.00000000000 0.00000000000
# SelPars_dev95:
 0.00000000000 0.00000000000 0.00000000000 0.00000000000 0.00000000000 0.00000000000 0.00000000000 0.00000000000 0.00000000000 0.00000000000 0.00000000000 0.00000000000 0.00000000000 0.00000000000 0.00000000000 0.00000000000 0.00000000000 0.00000000000 0.00000000000 0.00000000000 0.00000000000 0.00000000000 0.00000000000 0.00000000000 0.00000000000 0.00000000000 0.00000000000 0.00000000000 0.00000000000
