#Simulated generalized assessment 
# 
#start/end year 
73 100 
#number of ages 
15 
#ages 
1 2 3 4 5 6 7 8 9 10 11 12 13 14 15 
#Number of length bins 
25 
#CPUE years 
28 
#years for CPUE 
73 74 75 76 77 78 79 80 81 82 83 84 85 86 87 88 89 90 91 92 93 94 95 96 97 98 99 100 
#survey years 
28 
#years for survey 
73 74 75 76 77 78 79 80 81 82 83 84 85 86 87 88 89 90 91 92 93 94 95 96 97 98 99 100 
#length freq from catch years 
28 
#years for length freq catch 
73 74 75 76 77 78 79 80 81 82 83 84 85 86 87 88 89 90 91 92 93 94 95 96 97 98 99 100 
#catch length sample sizes 
200 200 200 200 200 200 200 200 200 200 200 200 200 200 200 200 200 200 200 200 200 200 200 200 200 200 200 200 
#length freq from survey years 
28 
#years for length freq survey 
73 74 75 76 77 78 79 80 81 82 83 84 85 86 87 88 89 90 91 92 93 94 95 96 97 98 99 100 
#survey sample sizes 
200 200 200 200 200 200 200 200 200 200 200 200 200 200 200 200 200 200 200 200 200 200 200 200 200 200 200 200 
#total survey biomass 
77837.58 61590.07 50522.21 110434.8 94843.58 173925.1 204810.6 255055.8 349334.4 424059.2 357725.3 297737.8 452504.3 445204.8 432963.8 390283.2 319284.1 475392.3 361578.9 412483.7 289220.9 390333.3 418187.3 568464.2 470771.2 497656.8 440966.7 589819.5 
#survey CV 
0.2 0.2 0.2 0.2 0.2 0.2 0.2 0.2 0.2 0.2 0.2 0.2 0.2 0.2 0.2 0.2 0.2 0.2 0.2 0.2 0.2 0.2 0.2 0.2 0.2 0.2 0.2 0.2 
#total CPUE 
90113.32 49701.83 46480.24 51438.53 63765.94 95389.24 223914.9 196780.8 314301.2 298144.6 344203.6 290639.3 384455.6 413988.1 445609.7 419625.8 330898.9 309713.3 350323.6 399849.5 331386.6 311294.3 359011.6 443427.5 310554.7 393137.5 487577.9 362281 
#CPUE CV 
0.2 0.2 0.2 0.2 0.2 0.2 0.2 0.2 0.2 0.2 0.2 0.2 0.2 0.2 0.2 0.2 0.2 0.2 0.2 0.2 0.2 0.2 0.2 0.2 0.2 0.2 0.2 0.2 
#total catch biomass 
14405.27 16642.74 13317.17 9381.451 17322.85 25624.27 46605.1 58831.55 100740.7 136573.1 146596.7 163328.4 169802.4 175690.6 213040.2 196023.8 204055.8 184088.9 155322.1 151944.6 185151.5 164312.6 217789.3 183226.6 223387.5 200408.1 266316.5 157129.2 
#catch CV 
0.1 0.1 0.1 0.1 0.1 0.1 0.1 0.1 0.1 0.1 0.1 0.1 0.1 0.1 0.1 0.1 0.1 0.1 0.1 0.1 0.1 0.1 0.1 0.1 0.1 0.1 0.1 0.1 
#Length Bins 
0.6062379 1.818714 3.03119 4.243665 5.456141 6.668617 7.881093 9.093569 10.30604 11.51852 12.731 13.94347 15.15595 16.36842 17.5809 18.79338 20.00585 21.21833 22.4308 23.64328 24.85575 26.06823 27.28071 28.49318 29.70566 
#catch length counts 
1.915116e-06 9.007784e-05 0.002933776 0.0661641 1.033248 11.17316 83.6652 433.8553 1558.511 3883.031 6742.514 8312.772 7772.504 6556.693 6111.643 6073.611 5678.529 5010.391 4332.92 3653.989 2978.03 2327.601 1681.669 1057.827 546.1579 
1.777546e-06 8.360722e-05 0.002723033 0.0614113 0.9590271 10.37059 77.65631 402.7123 1446.877 3607.253 6279.747 7817.891 7550.463 6855.437 6909.625 7066.759 6535.691 5634.395 4817.516 4072.045 3306.624 2530.54 1777.068 1094.707 560.0333 
2.561236e-07 1.204682e-05 0.0003923575 0.008848694 0.1381874 1.494403 11.19304 58.10184 209.5582 530.4344 977.8942 1473.454 2234.924 3647.971 5413.122 6522.307 6559.87 6036.976 5363.247 4562.445 3673.559 2777.906 1919.838 1159.801 582.835 
4.222307e-10 1.986015e-08 6.468912e-07 1.459431e-05 0.0002282386 0.002482145 0.01900461 0.1071666 0.5079783 2.48376 12.69768 55.9312 187.8586 476.8343 970.9658 1719.199 2720.755 3709.002 4230.752 4103.646 3513.341 2711.168 1868.39 1114.19 551.2112 
8.019678e-06 0.000377207 0.01228538 0.2770664 4.326784 46.78781 350.3373 1816.462 6521.571 16213.04 27910.23 33269.9 27463.46 15709.03 6271.296 1902.009 846.764 1142.084 1868.951 2549.262 2809.668 2524.586 1871.296 1143.565 566.08 
6.26571e-06 0.0002947088 0.009598473 0.2164699 3.380494 36.55546 273.7312 1419.506 5099.798 12712.01 22112.99 27446.7 26220.29 23080.69 21860.15 19850.55 14250.62 7474.692 3051.712 1486.004 1364.536 1458.659 1282.641 874.3879 457.9007 
1.367025e-05 0.0006429827 0.02094152 0.4722843 7.375395 79.75438 597.1937 3096.583 11120.36 27673.71 47829.71 57918.42 50797.11 35975.54 25781.33 21426.14 18435.7 14780.2 10461.33 6142.759 2993.849 1464.494 914.8557 620.5558 350.4328 
1.762996e-05 0.0008292281 0.02700742 0.6090856 9.511747 102.8561 770.1822 3993.664 14343.3 35707.8 61808 75280.04 67411.61 50608.61 39459.08 33271.89 26021.64 18035.18 12010.24 7978.774 4912.141 2602.01 1199.305 529.1537 234.3974 
2.299545e-05 0.001081595 0.03522684 0.7944545 12.40655 134.1595 1004.585 5209.207 18710.16 46591.15 80728.53 98712.99 89655.78 70028.11 58165.83 51755.91 42267.4 30463.71 20412.73 12998.92 7712.605 4179.495 2014.732 839.889 302.0057 
3.107001e-05 0.001461384 0.04759631 1.073417 16.76296 181.268 1357.333 7038.372 25280.23 62953.28 109090.6 133448.5 121390 95258.07 79878.38 72171.05 60594.76 45797.25 32571.71 21797.35 13247.24 7169.452 3418.156 1407.246 487.6106 
3.836437e-05 0.001804475 0.05877057 1.325425 20.69842 223.8242 1675.985 8690.563 31212.19 77702.12 134491.3 163778.9 146597.2 110062.3 86389.98 74767.24 61981.84 47072.1 34173.28 23735.73 15142.99 8589.409 4226.701 1759.875 605.4763 
3.762845e-05 0.001769861 0.05764321 1.3 20.30138 219.531 1643.844 8524.028 30615.9 76235.66 132075.9 161415.8 146335.1 113724 93741.48 82946.47 67646.08 49185.03 34064.1 23118.69 14862.34 8687.57 4451.512 1926.684 681.547 
4.36466e-05 0.002052926 0.06686245 1.507918 23.5483 254.6417 1906.748 9887.19 35510.5 88408.88 153065.4 186596.9 167660.8 127215.3 101435.1 88490.51 73010.15 54494.76 38449.19 25876.35 16185.02 9252.779 4736.922 2090.356 761.4845 
4.743385e-05 0.00223106 0.07266415 1.638761 25.5916 276.737 2072.194 10745.02 38590.56 96068.19 166265 202398 180915.8 135234.9 105146.5 89642.75 72462.15 52878.47 36712.26 24697.56 15555.55 8889.129 4504.365 1968.437 717.3343 
5.141291e-05 0.002418216 0.0787597 1.776231 27.7384 299.9517 2246.028 11646.49 41829.22 104141.2 180309 219834.2 197593.6 149990.7 119339.6 103026.8 82943.84 59460.74 40188.79 26317.12 16248.25 9187.652 4637.035 2020.293 733.1676 
5.740493e-05 0.002700051 0.0879389 1.983245 30.97122 334.9101 2507.792 13003.78 46703.35 116269.3 201260.3 245156.5 219645.4 165266.5 129835 111464.8 90183.46 65407.93 44616.62 29104.15 17649.12 9739.923 4810.669 2065.733 743.4464 
6.046055e-05 0.002843773 0.09261982 2.088812 32.61979 352.737 2641.278 13695.91 49188.61 122450.9 211923.6 257969.8 230555.4 172245.6 133708.5 113577.1 91077.77 65413.71 44288.78 28866.84 17544.2 9652.79 4709.214 1985.42 701.6376 
4.30602e-05 0.002025345 0.06596414 1.487659 23.23193 251.2209 1881.138 9754.516 35035.72 87243.88 151164.7 184826.7 167818.3 130944.9 108486.3 96064.67 77812.94 55533.95 37106.33 23865.65 14362.31 7854.805 3815.502 1598.368 558.9209 
4.997453e-05 0.002350561 0.07655624 1.726537 26.96235 291.5597 2183.182 11320.49 40656.58 101204 175103.4 212921.5 189571.1 140161.2 107266.8 90979.79 74376.4 55388.95 38870.72 25728.42 15554.98 8439.382 4056.961 1684.705 584.7564 
3.899743e-05 0.001834251 0.05974037 1.347297 21.03999 227.5183 1703.663 8834.405 31733.45 79045.7 137130.4 168469.9 155540.9 126723.8 111289.2 101948.8 83366.55 59633.35 40199.87 26427.49 16356.7 9134.808 4464.823 1858.548 641.5968 
4.883535e-05 0.00229698 0.07481112 1.68718 26.34774 284.9134 2133.414 11062.39 39729.14 98890.55 171067.5 207859.1 184576.8 135508.2 102818.9 87563.28 73376.9 56989.14 41744.79 28446.48 17537.05 9704.673 4765.563 2012.697 704.0389 
4.589234e-05 0.002158555 0.07030271 1.585504 24.75993 267.7441 2004.865 10396.12 37340.57 92986.95 161140.6 197141.5 179372.1 140709.9 117361.2 104110.5 84061.03 59971.74 40857.14 27620.59 17757.98 10287.81 5180.287 2207.838 776.7064 
5.838051e-05 0.002745938 0.08943339 2.016949 31.49756 340.6016 2550.406 13224.67 47495.58 118230.6 204580.6 248850 221835.7 164618.5 126793.3 108176.2 88863.04 66512.92 46918.9 31318.15 19337.26 10925.53 5540.258 2420.514 872.1117 
5.711512e-05 0.00268642 0.08749494 1.973233 30.81486 333.2192 2495.13 12938.1 46467.1 115677.6 200211.9 243764.2 218018.5 163190.4 126958.1 107726.3 85876.84 61173.47 41361.06 27348.54 17074.78 9680.761 4855.266 2097.595 756.082 
5.451534e-05 0.002564139 0.08351233 1.883415 29.41223 318.0521 2381.568 12349.43 44355.56 110447.3 191339.4 233810.6 211856.6 164406.1 135193.2 119286.5 96748.57 69317.96 46461.26 29903.05 18045.3 9983.251 4955.205 2132.281 765.5588 
5.268888e-05 0.002478231 0.08071436 1.820313 28.42681 307.3959 2301.77 11935.54 42867.46 106726.9 184792.3 225331.2 202647.2 154141.9 123343 107778.8 88802 65981.86 46132.72 30507.84 18480.46 10066.97 4875.43 2051.126 725.3707 
5.737331e-05 0.002698564 0.08789046 1.982153 30.95417 334.7259 2506.421 12996.83 46680.6 116234.6 201350.4 245974.5 222662.5 172381 141433.6 125129.9 102680.1 75426.76 52521.73 35248.55 21969.61 12287.8 6018.394 2517.835 876.7539 
5.832758e-05 0.002743448 0.08935231 2.015121 31.46901 340.2929 2548.097 13212.75 47453.43 118132.3 204456.3 248913.4 222579.6 166601.3 129978.8 111544 91218.34 67674.45 47611.85 32072.14 20037.05 11315.97 5640.355 2401.488 844.4174 
#survey length counts 
8.972598e-06 0.0004220278 0.01374517 0.3099885 4.840921 52.348 391.9873 2032.75 7302.921 18203.12 31661.87 39288.64 37538.71 33280.79 32711.52 33058.95 30480.28 26274.69 22477.42 19007.26 15438.35 11816.61 8298.898 5112.51 2615.536 
1.131007e-06 5.319712e-05 0.001732597 0.03907461 0.6102157 6.599033 49.4255 256.5403 924.9598 2338.17 4289.8 6371.49 9422.851 15075.44 22193.55 26688.15 26841.61 24716.71 21971.3 18698.02 15058.78 11388.98 7871.715 4755.633 2389.91 
1.75489e-09 8.254333e-08 2.688609e-06 6.065529e-05 0.0009484814 0.01031069 0.07881832 0.4419209 2.061474 9.829964 49.37879 216.0875 724.525 1838.655 3745.408 6635.714 10507.28 14328.91 16348.34 15860.06 13580.71 10481.16 7223.595 4307.888 2131.248 
2.848126e-05 0.001339621 0.04363057 0.9839796 15.36623 166.1632 1244.195 6451.021 23160.85 57579.35 99120.97 118155.4 97533.77 55786.23 22258.21 6708.576 2886.085 3802.116 6207.42 8466.476 9331.831 8385.382 6215.728 3798.596 1880.393 
2.170592e-05 0.001020942 0.03325141 0.7499036 11.71083 126.6367 948.2667 4917.433 17665.86 44027.03 76533.42 94744.57 89727.28 77446.04 71781.27 64468.29 46118.88 24168.57 9868.766 4812.08 4424.167 4730.611 4159.945 2835.916 1485.132 
4.29927e-05 0.00202217 0.06586074 1.485326 23.19549 250.8261 1878.161 9738.648 34972.58 87025.96 150373 181911.9 158962 111307.5 78064.1 63720.29 54468.2 43623.76 30885.19 18141.11 8843.774 4327.462 2704.137 1834.466 1035.97 
5.906958e-05 0.002778348 0.09048898 2.040756 31.86933 344.6217 2580.508 13380.76 48056.09 119625.3 206989.5 251755.3 224311.9 166016.9 126527.2 104988.5 81647.91 56535.96 37668.58 25039.98 15421.4 8170.348 3766.283 1661.92 736.2298 
7.03252e-05 0.003307758 0.1077315 2.429619 37.94199 410.2894 3072.237 15930.78 57217.87 142466.7 246752.8 301255.5 272111.5 209404.4 170220.3 149401.8 121475.8 87504.84 58665.29 37379.59 22186.6 12025.78 5797.851 2417.173 869.208 
7.791224e-05 0.003664616 0.1193542 2.691738 42.03537 454.5537 3403.688 17649.53 63391.69 157845.2 273432.5 334037.8 302418.6 234320.4 192942.7 172360.5 144214 108974.1 77553.02 51928.49 31570.15 17089.46 8148.783 3355.117 1162.608 
9.239252e-05 0.004345699 0.1415366 3.192008 49.84778 539.0334 4036.253 20929.27 75166.24 187111.9 323775.4 393864.9 351197.7 260813.8 201180.6 172016.5 142036.8 107835.4 78336.01 54441.12 34744.4 19711.63 9700.925 4039.481 1389.828 
9.062642e-05 0.00426263 0.1388311 3.130992 48.89495 528.7302 3959.118 20529.59 73734.99 183590.2 317962.6 388116.5 350315.7 269029.6 217935.3 190710.1 154989 112664.3 78081.58 53026.87 34102.64 19938.47 10217.71 4422.696 1564.554 
9.875741e-05 0.004645073 0.151287 3.411904 53.28179 576.1674 4314.315 22371.22 80346.36 200021.2 346211.7 421620.8 377435.3 283431.1 222383.5 191908.3 157788.8 117750.1 83135.37 55984.15 35029.79 20030.58 10255.95 4526.2 1648.896 
0.0001093469 0.005143151 0.1675091 3.777754 58.99504 637.948 4776.919 24769.83 88958.97 221442.1 383151.6 465957.8 415015.6 307074.1 234856.7 197920.8 159370.9 116260.5 80770.89 54371.85 34258.79 19581.26 9923.645 4337.033 1580.566 
0.0001141425 0.005368713 0.1748555 3.943434 61.58238 665.9267 4986.43 25856.38 92863.56 231184.8 400167 487395.3 436503.8 328012.2 256932.3 219482.7 176095.3 126209.9 85363.51 55936.68 34549.62 19540.82 9863.652 4297.798 1559.75 
0.0001196494 0.005627731 0.1832915 4.133687 64.55346 698.0546 5226.998 27103.72 97342.16 242322 419360.9 510378.3 455825.3 339923 263301.2 223860.4 180553.8 130934.6 89378.92 58341.95 35393.61 19537.11 9651.001 4144.555 1491.676 
0.0001215305 0.005716208 0.1861731 4.198675 65.56834 709.0289 5309.17 27529.74 98871.24 246118.9 425866.1 517985.2 461610.6 342050.6 262048.3 220548.9 176329.2 126630.6 85800.84 55962.52 34026.14 18725.55 9136.739 3852.404 1361.489 
9.857056e-05 0.004636284 0.1510007 3.405449 53.18099 575.0779 4306.17 22329.24 80199.35 199692.2 345894.3 422420.6 381946.4 294685 240197 210518.4 169975.1 121286.2 81096.56 52193.48 31422.82 17189.32 8350.951 3498.624 1223.467 
0.0001166283 0.005485632 0.1786634 4.029313 62.9235 680.4285 5095.005 26419.09 94880.48 236165.8 408514.2 496270.8 440319.4 322299.8 242574.9 203265.9 165493.1 123198.2 86511.37 57295.02 34652.14 18804.72 9041.021 3754.719 1303.318 
9.166618e-05 0.004311536 0.1404239 3.166915 49.45595 534.7974 4004.569 20765.72 74589.27 185778.6 322171.8 395228.9 363072.8 292065.4 252262.5 228895 186649.4 133502.8 90061.95 59246.95 36684.38 20491.87 10017.11 4170.091 1439.642 
0.0001154619 0.005430773 0.1768767 3.989017 62.29422 673.6236 5044.047 26154.78 93930.11 233789 404326.9 490828.5 434370.7 315724.7 235528.2 198080.6 165290.7 128327.9 94055.99 64127.17 39547.03 21889.2 10750.33 4540.685 1588.401 
0.0001067808 0.005022454 0.163578 3.689099 57.61059 622.9779 4664.847 24189.18 86880.44 216335.5 374775.9 457940.7 414852.1 321666.2 263868.5 231660.5 186443.7 132990.1 90668.84 61337.15 39451.09 22860.22 11512.32 4906.9 1726.299 
0.0001252122 0.005889378 0.1918132 4.325873 67.55471 730.5085 5470.003 28363.62 101864.7 253557.2 438646.3 533106.4 473752.4 348404.4 264404.3 223206.3 182721.3 136738.5 96522.08 64467.13 39819.99 22503.43 11412.92 4986.649 1796.77 
0.0001307441 0.006149574 0.2002876 4.516993 70.53932 762.7831 5711.678 29616.88 106367.1 264778.5 458155.5 557267.8 496636.2 367984.9 281659 236275.2 187630.2 133608.8 90398.13 59812.85 37358.69 21185.72 10626.82 4591.409 1655.059 
0.0001232092 0.005795165 0.1887447 4.256672 66.47405 718.8236 5382.532 27910.55 100244.7 249595.1 432272.6 527624.2 476158.5 365491.3 295768.7 258309.6 208834.3 149597.8 100339.4 64622.39 39013.08 21588.49 10717.02 4612.038 1655.952 
0.0001263258 0.005941755 0.1935191 4.364345 68.15551 737.0058 5518.667 28616.22 102775.6 255861.2 442882.6 539436.4 483186.9 363429.3 285811.9 246851.8 202626.9 150512.3 105300.9 69677.03 42222.93 23005.4 11143.05 4688.358 1658.098 
0.0001248581 0.005872724 0.1912708 4.31364 67.3637 728.4438 5454.566 28284.06 101585.8 252930.8 438025.4 534533.8 482047.2 369367.5 298489.1 261524.9 213962.7 157160.3 109514.9 73545.71 45857.03 25653.82 12566.51 5257.697 1830.91 
0.0001327058 0.00624184 0.2032926 4.584763 71.59766 774.2275 5797.373 30061.22 107962.8 268749.4 465018.1 565579.5 503962 373436.8 286668.3 243236.8 198173.7 146983.6 103477.9 69747.1 43590.71 24623.3 12274.89 5226.673 1837.9 
0.0001218057 0.005729151 0.1865947 4.208183 65.71683 710.6354 5321.221 27592.69 99103.86 246762.6 427421.5 521960.4 471873.9 363936 296598.6 260283.1 211086.3 152247.7 103909.7 68947.62 43081.75 24487.37 12308.15 5296.616 1885.906 
