# Number of parameters = 80 Objective function value = 22758.1829685807  Maximum gradient component = 0.000620290590006375
# srv_sel50:
1.54627720862
# srv_sel95:
3.75636113333
# stNatLen:
 11.3520318442 9.99347169536 8.54403743757 7.45551283446 6.66183802316 6.07520075174 5.62932807868 5.28234154129 5.00869059255 4.79241246931 4.62318335229 4.49415273124 4.40073991277 4.33994794621 4.30996955489
# log_avg_fmort_dir:
0.869383209311
# fmort_dir_dev:
 -0.643112695862 -0.219746792244 -0.381661337390 -0.268731897069 -0.326060173307 -0.228489072202 0.0281720802360 -0.148316321950 -0.477631217331 -0.0219740066511 0.145100724902 -0.245808233152 -0.0193985993268 0.158933088280 0.173426527293 0.286648194223 0.0179396447260 0.140221480791 0.184285215903 0.0737169266507 0.181525043836 0.0620865239010 0.104300819401 -0.0569237677872 0.0623529051395 0.277113268308 0.234976065313 0.309196331739 0.597859273630
# mean_log_rec:
13.3245205467
# rec_dev:
 -1.75603229165 -1.47823555723 -1.24227396335 -1.02010622076 -1.01270269553 -1.22925238230 -0.904499852295 -0.158022796241 -0.275436372154 -0.253571102891 0.446018575467 0.643779489930 0.507091492644 0.269899931648 0.217873368182 0.373598956361 0.337027477438 0.381417158963 0.308520081249 0.375021794447 0.459725671919 0.412706741283 0.583454955946 0.604563704331 0.444673119449 0.438340256342 0.533428121666 0.996496167353 0.996496169787
# log_avg_NatM:
0.0355912627654
# m_dev:
 0.00000000000 0.00000000000 0.00000000000 0.00000000000 0.00000000000 0.00000000000 0.00000000000 0.00000000000 0.00000000000 0.00000000000 0.00000000000 0.00000000000 0.00000000000 0.00000000000 0.00000000000 0.00000000000 0.00000000000 0.00000000000 0.00000000000 0.00000000000 0.00000000000 0.00000000000 0.00000000000 0.00000000000 0.00000000000 0.00000000000 0.00000000000 0.00000000000 0.00000000000
# log_avg_GrowthK:
-1.02151300000
# log_avg_Linf:
3.36611700000
# GrowthK_dev:
 0.00000000000 0.00000000000 0.00000000000 0.00000000000 0.00000000000 0.00000000000 0.00000000000 0.00000000000 0.00000000000 0.00000000000 0.00000000000 0.00000000000 0.00000000000 0.00000000000 0.00000000000 0.00000000000 0.00000000000 0.00000000000 0.00000000000 0.00000000000 0.00000000000 0.00000000000 0.00000000000 0.00000000000 0.00000000000 0.00000000000 0.00000000000 0.00000000000 0.00000000000
# Linf_dev:
 0.00000000000 0.00000000000 0.00000000000 0.00000000000 0.00000000000 0.00000000000 0.00000000000 0.00000000000 0.00000000000 0.00000000000 0.00000000000 0.00000000000 0.00000000000 0.00000000000 0.00000000000 0.00000000000 0.00000000000 0.00000000000 0.00000000000 0.00000000000 0.00000000000 0.00000000000 0.00000000000 0.00000000000 0.00000000000 0.00000000000 0.00000000000 0.00000000000 0.00000000000
# SelPars50:
2.09614098465
# SelPars95:
3.23335549978
# SelPars_dev50:
 0.00000000000 0.00000000000 0.00000000000 0.00000000000 0.00000000000 0.00000000000 0.00000000000 0.00000000000 0.00000000000 0.00000000000 0.00000000000 0.00000000000 0.00000000000 0.00000000000 0.00000000000 0.00000000000 0.00000000000 0.00000000000 0.00000000000 0.00000000000 0.00000000000 0.00000000000 0.00000000000 0.00000000000 0.00000000000 0.00000000000 0.00000000000 0.00000000000 0.00000000000
# SelPars_dev95:
 0.00000000000 0.00000000000 0.00000000000 0.00000000000 0.00000000000 0.00000000000 0.00000000000 0.00000000000 0.00000000000 0.00000000000 0.00000000000 0.00000000000 0.00000000000 0.00000000000 0.00000000000 0.00000000000 0.00000000000 0.00000000000 0.00000000000 0.00000000000 0.00000000000 0.00000000000 0.00000000000 0.00000000000 0.00000000000 0.00000000000 0.00000000000 0.00000000000 0.00000000000
