# Number of parameters = 77 Objective function value = 22945.4234436644  Maximum gradient component = 121052.395259504
# srv_sel50:
0.999999701507
# srv_sel95:
1.00000194797
# stNatLen:
 9.75583267401 8.30676494405 7.02911956923 6.09272681560 5.41536870167 4.90837425721 4.51504104080 4.20458676797 3.95847256442 3.76132373345 3.60059617117 3.48435359206 3.39821413720 3.34232447740 3.31384738556
# log_avg_fmort_dir:
0.436150861395
# fmort_dir_dev:
 -0.645429306063 -0.501672920386 -0.420923508633 -0.692616560103 -0.241638278338 -0.269684897506 -0.273435746755 -0.370823015147 -0.370305235946 0.0353157476402 -0.0752872252621 -0.0811286504370 0.0660349215402 0.0950015226955 0.232154812529 0.192512771773 0.0572850918241 0.267859817031 0.279083100478 0.0388112098034 0.318406628252 0.261881104008 0.304138773048 0.329329510783 0.178092338193 0.414284473132 0.526764160954 0.345989360892
# mean_log_rec:
13.6015418381
# rec_dev:
 -3.05517997120 -2.65171044268 -2.12328656002 -1.62131085479 -1.32844954491 -0.971977299353 -0.512639104822 -0.0805552784837 0.272803497443 0.325593187442 0.458769621398 0.562458076011 0.606398726639 0.604263254987 0.491906795180 0.564692256027 0.613586093713 0.538871227459 0.544987217738 0.641231346556 0.624264134491 0.675174841825 0.787647828685 0.815328066801 0.857796235238 0.826860928032 0.765145213955 0.767330506638
# log_avg_NatM:
-1.06837800000
# m_dev:
 0.00000000000 0.00000000000 0.00000000000 0.00000000000 0.00000000000 0.00000000000 0.00000000000 0.00000000000 0.00000000000 0.00000000000 0.00000000000 0.00000000000 0.00000000000 0.00000000000 0.00000000000 0.00000000000 0.00000000000 0.00000000000 0.00000000000 0.00000000000 0.00000000000 0.00000000000 0.00000000000 0.00000000000 0.00000000000 0.00000000000 0.00000000000 0.00000000000
# log_avg_GrowthK:
-1.19807800000
# log_avg_Linf:
3.45748100000
# GrowthK_dev:
 0.00000000000 0.00000000000 0.00000000000 0.00000000000 0.00000000000 0.00000000000 0.00000000000 0.00000000000 0.00000000000 0.00000000000 0.00000000000 0.00000000000 0.00000000000 0.00000000000 0.00000000000 0.00000000000 0.00000000000 0.00000000000 0.00000000000 0.00000000000 0.00000000000 0.00000000000 0.00000000000 0.00000000000 0.00000000000 0.00000000000 0.00000000000 0.00000000000
# Linf_dev:
 0.00000000000 0.00000000000 0.00000000000 0.00000000000 0.00000000000 0.00000000000 0.00000000000 0.00000000000 0.00000000000 0.00000000000 0.00000000000 0.00000000000 0.00000000000 0.00000000000 0.00000000000 0.00000000000 0.00000000000 0.00000000000 0.00000000000 0.00000000000 0.00000000000 0.00000000000 0.00000000000 0.00000000000 0.00000000000 0.00000000000 0.00000000000 0.00000000000
# SelPars50:
1.04525370119
# SelPars95:
1.37186733933
# SelPars_dev50:
 0.00000000000 0.00000000000 0.00000000000 0.00000000000 0.00000000000 0.00000000000 0.00000000000 0.00000000000 0.00000000000 0.00000000000 0.00000000000 0.00000000000 0.00000000000 0.00000000000 0.00000000000 0.00000000000 0.00000000000 0.00000000000 0.00000000000 0.00000000000 0.00000000000 0.00000000000 0.00000000000 0.00000000000 0.00000000000 0.00000000000 0.00000000000 0.00000000000
# SelPars_dev95:
 0.00000000000 0.00000000000 0.00000000000 0.00000000000 0.00000000000 0.00000000000 0.00000000000 0.00000000000 0.00000000000 0.00000000000 0.00000000000 0.00000000000 0.00000000000 0.00000000000 0.00000000000 0.00000000000 0.00000000000 0.00000000000 0.00000000000 0.00000000000 0.00000000000 0.00000000000 0.00000000000 0.00000000000 0.00000000000 0.00000000000 0.00000000000 0.00000000000
