# Number of parameters = 78 Objective function value = 21958.6884144303  Maximum gradient component = 0.000911612928453153
# srv_sel50:
1.47403629927
# srv_sel95:
3.88558804307
# stNatLen:
 11.1853236377 9.84051442086 8.35279841738 7.24220001750 6.43932741209 5.84880198656 5.40121186603 5.05345347145 4.77946531245 4.56305581270 4.39379229614 4.26476973855 4.17137890018 4.11060706009 4.08063731735
# log_avg_fmort_dir:
0.808955511395
# fmort_dir_dev:
 -0.817926541082 -0.304008057941 -0.299937800625 -0.214723104663 -0.107822903131 -0.129372686410 0.134849450659 -0.101315906120 -0.318002527757 0.0546147727830 0.209015196550 -0.109526845826 -0.220700452325 0.106177484999 0.152168130000 0.267403997278 0.0131256006186 0.221750825764 0.236192965720 0.102602895737 0.191347636195 0.0853731997606 0.210193784632 0.0641375297889 0.0879524559790 0.195030955332 0.262542082920 0.0288578611653
# mean_log_rec:
13.1299639459
# rec_dev:
 -1.72237231314 -1.48913297905 -1.24592436207 -1.03974269865 -1.01550264513 -1.22637794080 -0.896365547594 -0.101558024232 -0.188709686491 -0.174285074720 0.470405571441 0.675078955234 0.578564414278 0.331893321380 0.253009899341 0.376690420062 0.279366169973 0.350613384468 0.342942270221 0.394122755377 0.519514319451 0.486525122711 0.629329115108 0.645905873707 0.545557819794 0.556971444551 0.831740205713 0.831740209067
# log_avg_NatM:
-0.0766670862105
# m_dev:
 0.00000000000 0.00000000000 0.00000000000 0.00000000000 0.00000000000 0.00000000000 0.00000000000 0.00000000000 0.00000000000 0.00000000000 0.00000000000 0.00000000000 0.00000000000 0.00000000000 0.00000000000 0.00000000000 0.00000000000 0.00000000000 0.00000000000 0.00000000000 0.00000000000 0.00000000000 0.00000000000 0.00000000000 0.00000000000 0.00000000000 0.00000000000 0.00000000000
# log_avg_GrowthK:
-1.02151300000
# log_avg_Linf:
3.36611700000
# GrowthK_dev:
 0.00000000000 0.00000000000 0.00000000000 0.00000000000 0.00000000000 0.00000000000 0.00000000000 0.00000000000 0.00000000000 0.00000000000 0.00000000000 0.00000000000 0.00000000000 0.00000000000 0.00000000000 0.00000000000 0.00000000000 0.00000000000 0.00000000000 0.00000000000 0.00000000000 0.00000000000 0.00000000000 0.00000000000 0.00000000000 0.00000000000 0.00000000000 0.00000000000
# Linf_dev:
 0.00000000000 0.00000000000 0.00000000000 0.00000000000 0.00000000000 0.00000000000 0.00000000000 0.00000000000 0.00000000000 0.00000000000 0.00000000000 0.00000000000 0.00000000000 0.00000000000 0.00000000000 0.00000000000 0.00000000000 0.00000000000 0.00000000000 0.00000000000 0.00000000000 0.00000000000 0.00000000000 0.00000000000 0.00000000000 0.00000000000 0.00000000000 0.00000000000
# SelPars50:
2.02287725212
# SelPars95:
3.14640716464
# SelPars_dev50:
 0.00000000000 0.00000000000 0.00000000000 0.00000000000 0.00000000000 0.00000000000 0.00000000000 0.00000000000 0.00000000000 0.00000000000 0.00000000000 0.00000000000 0.00000000000 0.00000000000 0.00000000000 0.00000000000 0.00000000000 0.00000000000 0.00000000000 0.00000000000 0.00000000000 0.00000000000 0.00000000000 0.00000000000 0.00000000000 0.00000000000 0.00000000000 0.00000000000
# SelPars_dev95:
 0.00000000000 0.00000000000 0.00000000000 0.00000000000 0.00000000000 0.00000000000 0.00000000000 0.00000000000 0.00000000000 0.00000000000 0.00000000000 0.00000000000 0.00000000000 0.00000000000 0.00000000000 0.00000000000 0.00000000000 0.00000000000 0.00000000000 0.00000000000 0.00000000000 0.00000000000 0.00000000000 0.00000000000 0.00000000000 0.00000000000 0.00000000000 0.00000000000
