# Number of parameters = 77 Objective function value = 23490.5363761884  Maximum gradient component = 12.1357859950673
# srv_sel50:
0.999997356673
# srv_sel95:
1.00001995822
# stNatLen:
 11.5696134828 10.7577177437 9.51226397387 8.47359251654 7.71142252227 7.14853323334 6.72046780200 6.38689435048 6.12338344115 5.91475464302 5.75123671433 5.62637076797 5.53585083810 5.47686938265 5.44775362134
# log_avg_fmort_dir:
0.652866146102
# fmort_dir_dev:
 -0.291842984724 -0.368213474703 -0.356363888451 -0.137927655176 -0.145649184226 -0.147688698750 -0.188422352718 0.0678698521072 -0.203875063974 -0.0735769415302 0.0397076188542 0.0298514055313 -0.0532319607522 0.0424142904637 -0.000160208613463 0.0844113920751 0.131317421565 0.0653810077786 -0.0215534598415 0.278868148289 0.296741818720 0.161240433335 0.120450287462 0.373744817555 0.313435555735 0.276046250709 0.161811785895 -0.454786212616
# mean_log_rec:
13.4916755464
# rec_dev:
 -1.56495779554 -1.36191552196 -1.23960314441 -1.12234980359 -0.949491103740 -0.710716106147 -0.505525805006 -0.463505428149 -0.217272394715 -0.0791507097786 0.0277623586830 0.207646490144 0.271345972683 0.267252716164 0.268238895378 0.298951934850 0.288234077598 0.397089396154 0.544824853703 0.452564292469 0.414774345029 0.578923318055 0.725568406371 0.556714280129 0.504008215188 0.627042989408 0.891772646422 0.891772624606
# log_avg_NatM:
-1.36598700000
# m_dev:
 0.00000000000 0.00000000000 0.00000000000 0.00000000000 0.00000000000 0.00000000000 0.00000000000 0.00000000000 0.00000000000 0.00000000000 0.00000000000 0.00000000000 0.00000000000 0.00000000000 0.00000000000 0.00000000000 0.00000000000 0.00000000000 0.00000000000 0.00000000000 0.00000000000 0.00000000000 0.00000000000 0.00000000000 0.00000000000 0.00000000000 0.00000000000 0.00000000000
# log_avg_GrowthK:
-1.19807800000
# log_avg_Linf:
3.45748100000
# GrowthK_dev:
 0.00000000000 0.00000000000 0.00000000000 0.00000000000 0.00000000000 0.00000000000 0.00000000000 0.00000000000 0.00000000000 0.00000000000 0.00000000000 0.00000000000 0.00000000000 0.00000000000 0.00000000000 0.00000000000 0.00000000000 0.00000000000 0.00000000000 0.00000000000 0.00000000000 0.00000000000 0.00000000000 0.00000000000 0.00000000000 0.00000000000 0.00000000000 0.00000000000
# Linf_dev:
 0.00000000000 0.00000000000 0.00000000000 0.00000000000 0.00000000000 0.00000000000 0.00000000000 0.00000000000 0.00000000000 0.00000000000 0.00000000000 0.00000000000 0.00000000000 0.00000000000 0.00000000000 0.00000000000 0.00000000000 0.00000000000 0.00000000000 0.00000000000 0.00000000000 0.00000000000 0.00000000000 0.00000000000 0.00000000000 0.00000000000 0.00000000000 0.00000000000
# SelPars50:
1.03455554251
# SelPars95:
1.16736266154
# SelPars_dev50:
 0.00000000000 0.00000000000 0.00000000000 0.00000000000 0.00000000000 0.00000000000 0.00000000000 0.00000000000 0.00000000000 0.00000000000 0.00000000000 0.00000000000 0.00000000000 0.00000000000 0.00000000000 0.00000000000 0.00000000000 0.00000000000 0.00000000000 0.00000000000 0.00000000000 0.00000000000 0.00000000000 0.00000000000 0.00000000000 0.00000000000 0.00000000000 0.00000000000
# SelPars_dev95:
 0.00000000000 0.00000000000 0.00000000000 0.00000000000 0.00000000000 0.00000000000 0.00000000000 0.00000000000 0.00000000000 0.00000000000 0.00000000000 0.00000000000 0.00000000000 0.00000000000 0.00000000000 0.00000000000 0.00000000000 0.00000000000 0.00000000000 0.00000000000 0.00000000000 0.00000000000 0.00000000000 0.00000000000 0.00000000000 0.00000000000 0.00000000000 0.00000000000
