#Simulated generalized assessment 
# 
#start/end year 
73 100 
#number of ages 
15 
#ages 
1 2 3 4 5 6 7 8 9 10 11 12 13 14 15 
#Number of length bins 
25 
#CPUE years 
28 
#years for CPUE 
73 74 75 76 77 78 79 80 81 82 83 84 85 86 87 88 89 90 91 92 93 94 95 96 97 98 99 100 
#survey years 
28 
#years for survey 
73 74 75 76 77 78 79 80 81 82 83 84 85 86 87 88 89 90 91 92 93 94 95 96 97 98 99 100 
#length freq from catch years 
28 
#years for length freq catch 
73 74 75 76 77 78 79 80 81 82 83 84 85 86 87 88 89 90 91 92 93 94 95 96 97 98 99 100 
#catch length sample sizes 
200 200 200 200 200 200 200 200 200 200 200 200 200 200 200 200 200 200 200 200 200 200 200 200 200 200 200 200 
#length freq from survey years 
28 
#years for length freq survey 
73 74 75 76 77 78 79 80 81 82 83 84 85 86 87 88 89 90 91 92 93 94 95 96 97 98 99 100 
#survey sample sizes 
200 200 200 200 200 200 200 200 200 200 200 200 200 200 200 200 200 200 200 200 200 200 200 200 200 200 200 200 
#total survey biomass 
40308.57 50439.2 37004.54 50391.76 49202.78 49680.79 49714.4 55250.67 58910.64 113908.6 82798.36 64772.09 71960.17 130824.6 108871.9 120685.9 113032 148309.9 184333.1 238271.2 154035.4 159839.5 119019.5 133160.3 177179 175506 151180.6 154253.8 
#survey CV 
0.2 0.2 0.2 0.2 0.2 0.2 0.2 0.2 0.2 0.2 0.2 0.2 0.2 0.2 0.2 0.2 0.2 0.2 0.2 0.2 0.2 0.2 0.2 0.2 0.2 0.2 0.2 0.2 
#total CPUE 
21782.82 30399.5 20824.69 33704.66 33906.11 38081.85 54917.74 48652.85 64445.59 42883.02 60800.79 88557.27 62644.37 54776.46 86636.14 64623.71 93628.24 109453.4 109514.2 132212.3 126026.2 202796 93145.93 140088.8 124975.9 131693.9 92339.41 166652.3 
#CPUE CV 
0.2 0.2 0.2 0.2 0.2 0.2 0.2 0.2 0.2 0.2 0.2 0.2 0.2 0.2 0.2 0.2 0.2 0.2 0.2 0.2 0.2 0.2 0.2 0.2 0.2 0.2 0.2 0.2 
#total catch biomass 
18773.59 22799.46 21720.71 26687.68 30315.84 25240.79 32142.61 30695.08 41859.54 53648.79 46422.24 39320.69 45735.46 45587.61 51576.95 55887.21 63015.57 71779 78035.49 98476.87 99060.23 104098.5 130354.3 104766.5 116382.8 107305.4 117820.1 91563.17 
#catch CV 
0.1 0.1 0.1 0.1 0.1 0.1 0.1 0.1 0.1 0.1 0.1 0.1 0.1 0.1 0.1 0.1 0.1 0.1 0.1 0.1 0.1 0.1 0.1 0.1 0.1 0.1 0.1 0.1 
#Length Bins 
0.6062379 1.818714 3.03119 4.243665 5.456141 6.668617 7.881093 9.093569 10.30604 11.51852 12.731 13.94347 15.15595 16.36842 17.5809 18.79338 20.00585 21.21833 22.4308 23.64328 24.85575 26.06823 27.28071 28.49318 29.70566 
#catch length counts 
5.420956e-06 0.0002549757 0.00830439 0.1872851 2.924728 31.62693 236.8245 1228.089 4411.723 10993.11 19097.27 23584.21 22160.86 18820.15 17278.59 15884.56 12321.18 7757.114 4225.516 2121.886 975.5815 396.3527 140.0196 42.5624 10.88961 
7.259079e-06 0.0003414321 0.01112022 0.2507891 3.916433 42.35075 317.1218 1644.414 5906.313 14707.55 25483.3 31157.48 28284.34 22032.62 18107.39 15656.64 11989.38 7641.764 4271.804 2203.21 1030.154 420.4118 147.4282 44.04201 11.01511 
5.969597e-06 0.0002807811 0.009144855 0.2062397 3.220732 34.82781 260.7931 1352.385 4858.282 12106.29 21034.12 25990.15 24464.29 20851.59 19181.77 17532.3 13343.41 8069.724 4133.019 1958.526 876.5769 356.0052 126.3196 38.13865 9.554444 
7.363568e-06 0.0003463467 0.01128029 0.254399 3.972807 42.96035 321.6864 1668.082 5991.302 14918.98 25848.19 31596.88 28661.5 22280.56 18254.17 15742.18 12019.9 7613.048 4194.717 2106.021 945.8202 367.4139 122.9529 35.57034 8.750423 
6.571093e-06 0.0003090725 0.01006629 0.2270204 3.545252 38.33703 287.0699 1488.638 5347.602 13324.15 23140.04 28545.07 26719.76 22475.42 20358.34 18458.17 14018.44 8481.203 4347.851 2057.476 913.5887 364.3716 125.4979 36.44805 8.75939 
8.532902e-06 0.0004013466 0.0130716 0.2947976 4.603688 49.78244 372.7698 1932.964 6942.589 17286.81 29943.99 36572.28 33074.04 25499.8 20636.85 17638.04 13389.02 8422.215 4599.035 2290.28 1023.563 396.2727 131.798 37.63393 9.058914 
9.325264e-06 0.0004386155 0.01428542 0.3221724 5.031188 54.40532 407.3881 2112.521 7588.168 18900.87 32784.85 40253.6 37079.19 29980.61 25845.04 22775.61 17108.48 10283.85 5229.43 2449.112 1076.171 425.2355 145.295 41.90362 9.994876 
1.036294e-05 0.0004874226 0.01587503 0.3580222 5.591033 60.45921 452.7182 2347.548 8431.911 20997.83 36390.27 44530.57 40542.4 31813.81 26365.37 22764.09 17123.08 10466.41 5456.131 2588.418 1117.386 423.3987 138.672 39.09357 9.309524 
1.190876e-05 0.0005601307 0.01824309 0.4114279 6.42504 69.47786 520.2503 2697.745 9689.916 24132.3 41833.95 51245.93 46828.08 37096.16 31127.14 27020.2 20245.06 12218.11 6246.233 2916.164 1255.466 478.5772 156.8808 43.6173 10.12368 
1.258743e-05 0.0005920521 0.01928275 0.4348748 6.791197 73.4373 549.8976 2851.459 10241.73 25503.6 44190.87 54037.71 49074.24 38247.08 31370.62 26846.6 20009.9 12046.8 6135.692 2842.106 1208.104 453.5207 146.6721 40.43292 9.333837 
1.105895e-05 0.0005201597 0.01694126 0.3820684 5.966553 64.52012 483.1316 2505.365 9000.323 22428.8 38975.77 48191.16 45463.67 38956.12 36067.02 33104.56 25273.44 15329.47 7835.595 3638.834 1548.181 580.0384 186.4962 50.92417 11.62397 
1.247325e-05 0.0005866817 0.01910784 0.4309302 6.729596 72.77121 544.9111 2825.626 10149.3 25276.84 43821.38 53696.61 49122.83 39050.87 33018.32 29060.53 22390.03 14272.45 7922.461 4003.824 1800.169 691.8683 224.4794 61.38712 13.97388 
1.627344e-05 0.0007654242 0.02492937 0.5622204 8.779881 94.94214 710.9258 3686.465 13240.94 32972.8 57137.64 69891.4 63543.21 49677.28 40947.21 35217.36 26433.78 16153.6 8482.706 4130.71 1874.844 757.2357 261.9451 75.64216 17.82282 
1.337712e-05 0.0006291952 0.02049248 0.4621573 7.217254 78.04462 584.4002 3030.434 10885.49 27115.73 47046.19 57820.72 53442.18 43580.02 37977.86 33660.96 25294.63 15139.5 7609.773 3486.41 1486.845 571.0232 192.2997 55.78719 13.55976 
1.265866e-05 0.0005954021 0.01939186 0.4373356 6.82963 73.8531 553.017 2867.758 10302.03 25671.1 44599.54 55095.32 51823.86 44116.88 40606.97 37351.88 28911.22 18079.97 9693.84 4721.379 2064.722 780.0651 251.5903 69.44772 16.24553 
1.803446e-05 0.0008482542 0.02762708 0.6230607 9.729988 105.2161 787.855 4085.327 14672.85 36531.54 63256.53 77150.88 69426.18 52813.49 41921.3 35447.02 26954.5 17175.16 9612.16 4948.582 2292.266 915.4215 308.8283 87.08484 20.22563 
1.748597e-05 0.000822456 0.02678685 0.6041115 9.434077 102.0166 763.9065 3961.342 14230.36 35457.67 61586.91 76008.1 71260.5 60163.03 54716.98 49664.62 37629.23 22621.77 11481.95 5390.852 2399.643 971.506 342.4699 101.8009 24.79136 
2.148509e-05 0.001010555 0.03291311 0.742274 11.59168 125.3477 938.6005 4867.019 17480.64 43524.89 75384.25 92028.65 83090.36 63781.72 51295.65 43688.9 33172.03 20924.81 11469.43 5721.732 2551.724 983.735 326.6353 93.77781 22.86796 
2.226914e-05 0.001047433 0.03411421 0.7693619 12.0147 129.9226 972.8707 5045.003 18123.88 45165.82 78494.87 97090.24 91709.93 78813.96 73223.94 67364.11 51546.77 31437.1 16305.22 7811.599 3494.957 1396.351 479.8518 138.7122 33.13097 
2.655418e-05 0.001248981 0.04067848 0.9174029 14.32657 154.9219 1160.056 6015.453 21606.83 53812.6 93297.63 114346.3 104684.2 83388.83 70735.88 62477.67 48385.23 31130.29 17521.28 8994.177 4113.364 1619.531 545.6157 157.1089 37.94265 
2.91999e-05 0.001373423 0.04473148 1.008808 15.754 170.3577 1275.643 6614.91 23761.16 59189.34 102696.7 126228 116711.1 95287.07 83282.76 74282.4 56626.51 34986.64 18642.21 9243.402 4273.041 1758.033 620.7181 183.7126 44.66042 
2.362965e-05 0.001111425 0.03619839 0.8163655 12.74873 137.8602 1032.31 5353.282 19231.98 47933.46 83347.03 103290.6 98200.97 85687.49 81107.63 75689.14 58854.54 36888.15 19894.54 9852.656 4458.846 1780.306 617.1512 183.626 45.71139 
3.022303e-05 0.001421546 0.04629882 1.044156 16.306 176.3268 1320.338 6846.646 24593.13 61257.38 106254.9 130462.1 120193.6 97318.87 84438.5 75802.77 59458.86 38969.09 22559.2 11978.25 5672.439 2310.867 801.6806 235.7608 57.88212 
2.785927e-05 0.001310366 0.04267776 0.9624916 15.0307 162.5362 1217.077 6311.233 22670.64 56475.92 98009.7 120565.3 111788.7 91907.08 81043.68 72658.36 55504.62 34359.4 18392.58 9216.017 4339.831 1833.135 668.0784 204.3654 51.22786 
2.694726e-05 0.001267469 0.04128064 0.9309832 14.53865 157.2157 1177.243 6104.811 21931.12 54653.09 94979.01 117461.3 110901 95242.45 88575.15 81967.31 63676.72 40042.43 21729.83 10838.28 4939.601 1990.67 700.4014 212.9423 54.43875 
2.972706e-05 0.001398218 0.04553904 1.027021 16.0384 173.4328 1298.66 6734.068 24186.37 60220.79 104296.9 127304.7 114874.1 88038.15 70622.18 60015.5 45487.25 28668.18 15783.97 8014.852 3700.9 1494.397 518.6021 153.4187 38.07955 
2.723473e-05 0.00128099 0.04172101 0.9409147 14.69375 158.8928 1189.802 6169.929 22164.99 55235.24 95986.15 118684.5 111976.7 95958.73 88817.63 81415.49 61964.3 37390.11 19050.37 8949.697 3960.294 1587.449 555.6674 165.6557 41.03894 
2.214562e-05 0.001041623 0.03392499 0.7650947 11.94806 129.202 967.4736 5016.995 18022.99 44911.67 78034.63 96434.94 90827.07 77579.06 71776.39 66461.58 52050.87 33288.22 18455.83 9301.774 4177.171 1615.324 535.8406 153.191 37.19542 
#survey length counts 
1.521582e-05 0.0007156786 0.02330918 0.525681 8.209262 88.7715 664.7141 3446.715 12378.08 30806.93 53267.36 64606.26 56976.42 40905.96 29530.68 23275.89 17190.68 10813.39 5996.942 3074.331 1432.139 583.3387 204.3512 61.00951 15.25307 
1.276708e-05 0.0006005021 0.01955796 0.4410815 6.888122 74.48539 557.745 2892.138 10387.66 25865.13 44804.71 54728.99 49511.58 38190.39 30849.26 26114.01 19339.86 11578.49 5887.473 2771.017 1234.273 500.0049 177.1945 53.46407 13.3888 
1.575322e-05 0.0007409553 0.02413243 0.5442473 8.499201 91.90677 688.1906 3568.443 12815.17 31894.23 55143.51 66863.52 58907.93 42165.07 30272.56 23741.7 17465.34 10913.45 5964.836 2976.31 1331.525 516.1817 172.5374 49.87915 12.26499 
1.422059e-05 0.0006688679 0.02178459 0.4912976 7.672319 82.96535 621.242 3221.379 11569.95 28806.7 49884.3 60858.77 54816.85 41783.36 33165 27756.83 20482.2 12261.05 6239.198 2932.226 1295.714 515.4575 177.3129 51.46203 12.36276 
1.84596e-05 0.0008682507 0.02827835 0.6377484 9.959354 107.6962 806.4203 4181.482 15016.59 37371.52 64602.7 78282.3 68803.41 48893.17 34640.33 26850.2 19607.57 12162.67 6586.902 3259.423 1450.857 560.4997 186.198 53.12869 12.78296 
1.925658e-05 0.0009057369 0.02949926 0.6652829 10.38935 112.3461 841.2417 4362.111 15666.28 38998.38 67483.27 82094.6 73190.46 54211.2 41142.11 33359.4 24295.23 14443.46 7292.444 3393.224 1484.208 585.0412 199.6592 57.5458 13.72076 
2.187303e-05 0.001028802 0.0335074 0.7556767 11.80097 127.6108 955.5402 4954.735 17793.93 44287.64 76587.08 92939.72 82121.36 59277.6 43124.68 33983.25 24676.89 14895.18 7705.596 3632.238 1561.222 590.1923 193.0577 54.38526 12.9452 
2.396618e-05 0.001127254 0.03671391 0.8279915 12.93027 139.8226 1046.983 5428.912 19497.19 48530.24 83946.71 101978.4 90454.17 66023.27 48924.66 39018.21 28309.48 16892.1 8575.502 3979.29 1705.908 648.8002 212.4328 59.02352 13.69407 
2.761025e-05 0.001298653 0.04229627 0.953888 14.89633 161.0826 1206.174 6254.319 22460.86 55900.62 96651.58 117203.6 103285.9 73960.76 53024.8 41213.67 29587.85 17578.62 8881.687 4085.649 1728.3 647.0904 208.9861 57.56552 13.28254 
2.3826e-05 0.00112066 0.03649918 0.8231489 12.85465 139.0051 1040.868 5397.336 19385.67 48271.32 83626.15 102189.4 92576.26 71679.66 58236.08 49520.01 36795.22 22093.88 11212.72 5172.825 2190.563 818.624 262.8582 71.72061 16.36337 
2.712655e-05 0.001275902 0.0415553 0.9371771 14.63536 158.2607 1185.046 6144.801 22068.08 54928.23 95005.7 115375.2 102221 74398.06 54996.27 44154.61 32843.52 20665.52 11378.8 5714.859 2559.572 981.7338 318.1677 86.94594 19.783 
3.211121e-05 0.001510357 0.04919132 1.109389 17.32469 187.342 1402.803 7273.921 26122.9 65018.54 112442.5 136475.7 120669.4 87270.3 63692.38 50295.39 36529.05 22064.03 11504.78 5569.175 2517.765 1014.832 350.7003 101.2171 23.84119 
3.045928e-05 0.001432658 0.04666073 1.052317 16.43345 177.7045 1330.642 6899.808 24780.27 61685.91 106741.4 129849.4 115754.4 85711.85 65007.4 52656.96 38269.88 22632.03 11286.09 5132.844 2177.348 833.7618 280.3596 81.26714 19.74374 
2.824005e-05 0.001328276 0.04326107 0.9756467 15.23613 164.7573 1233.699 6397.223 22976.63 57209.57 99087.65 120973.8 109247.8 83893.44 67441.95 57234.99 43037.52 26617.57 14160.99 6851.668 2983.345 1124.502 362.2151 99.90469 23.35843 
4.063398e-05 0.001911226 0.06224739 1.403836 21.92291 237.0649 1775.12 9204.38 33054.26 82255.29 142149 172048.5 150569 105618.4 73092.83 55658.38 40563.55 25451.23 14116.68 7219.263 3330.513 1327.255 447.2603 126.035 29.25941 
3.802118e-05 0.001788333 0.05824483 1.313568 20.51326 221.8221 1660.997 8612.923 30934.45 77021.58 133387.4 162778.4 146764.7 112168.9 89362.93 74898.88 55150.91 32809.62 16530.53 7706.837 3413.317 1378.219 485.2198 144.1387 35.0888 
5.272174e-05 0.002479777 0.0807647 1.821448 28.44452 307.5869 2303.182 11942.5 42887.4 106726.4 184448.1 223289.1 195554.9 137473.1 95491.96 72840.82 52904.54 32835.69 17825.52 8827.118 3918.382 1506.845 499.622 143.3161 34.92902 
5.034018e-05 0.00236776 0.07711638 1.73917 27.15964 293.6934 2199.171 11403.62 40958.4 101987.5 176678 215863.5 195450.6 151114.9 122529.8 104100.6 77436.59 46724.34 24046.35 11437.46 5091.68 2028.961 696.3411 201.1515 48.02425 
6.038558e-05 0.002840247 0.09250497 2.086221 32.57933 352.2993 2637.993 13678.74 49124.92 122272.5 211478.9 256784.3 227392.5 165266.4 121923.8 97879.47 73073.62 46374.8 25878.47 13197.75 6011.718 2361.944 794.7811 228.6847 55.20308 
6.549509e-05 0.003080573 0.1003322 2.262746 35.33603 382.1092 2861.214 14836.33 53283.98 132642 229533.4 279270.2 249110.5 184824.8 140801.2 114910.7 84751.46 51726.52 27336.29 13458.37 6192.469 2541.608 896.3095 265.1064 64.4224 
5.595325e-05 0.002631771 0.08571507 1.933092 30.18801 326.4412 2444.388 12675.22 45526.29 113368.4 196440 240227.6 218220.1 170240.4 140014.5 120567.5 91116.58 56471.66 30204.73 14851.08 6689.001 2663.996 922.2396 274.1866 68.22395 
6.374773e-05 0.002998386 0.09765546 2.202378 34.39329 371.9148 2784.878 14440.48 51862.06 129099.9 223386.7 271712.6 242131.8 179243.2 136453.6 112437 85397.74 55291 31761.4 16767.93 7913.643 3218.19 1115.346 327.8046 80.44934 
6.284387e-05 0.002955873 0.09627084 2.171151 33.90564 366.6417 2745.395 14235.8 51127.64 127278.4 220280.8 268149.3 239630.5 178720.7 137295.1 112730.1 83361.72 50981.76 27065.46 13464.61 6310.617 2659.191 967.9953 295.9249 74.15205 
5.371282e-05 0.002526392 0.08228293 1.855689 28.97925 313.3701 2346.512 12167.69 43703.47 108830.1 188581.9 230644.7 209602.7 163707.2 134896.2 116393 88205.8 54944.36 29618.98 14690.27 6670.709 2683.095 943.0462 286.5414 73.22895 
6.652293e-05 0.003128918 0.1019068 2.298256 35.89056 388.1052 2906.097 15068.77 54114.64 134668.8 232760.4 281875.9 247190.5 174469.3 122080 93658.58 68135.19 42308.95 23090.22 11645.76 5354.812 2157.479 747.8332 221.079 54.85005 
5.826835e-05 0.002740662 0.08926157 2.013075 31.43706 339.9478 2545.523 13199.61 47409.26 118052.1 204520.1 249939.6 226490.3 175484.9 142662.6 121226.7 89821.79 53662.95 27147.03 12667.24 5578.245 2230.228 779.6754 232.2811 57.52251 
5.102303e-05 0.002399877 0.07816243 1.762761 27.52804 297.6772 2228.999 11558.25 41513.28 103364 179027.3 218569.4 197386.1 151614.7 122062.2 104066.7 79110.86 50007.3 27499.33 13767.98 6156.982 2375.59 787.0372 224.8247 54.56105 
6.317996e-05 0.002971681 0.09678569 2.182762 34.08696 368.6021 2760.066 14311.71 51397.89 127927.7 221244.2 268567.8 237588.2 172164.8 126360.5 101028.5 75315.93 47887.64 26988.13 14104.9 6685.101 2748.914 957.4834 278.5475 66.67245 
