# Number of parameters = 79 Objective function value = 20375.1069887402  Maximum gradient component = 0.0133174689687278
# srv_sel50:
0.989888460733
# srv_sel95:
1.02401552882
# stNatLen:
 10.8955066384 10.0005027215 8.63124448975 7.68046607012 7.03700680838 6.56443918633 6.20007160119 5.91187721294 5.68144114042 5.49731752710 5.35202327880 5.24052377772 5.15941057549 5.10643453535 5.08023624289
# log_avg_fmort_dir:
0.589437294413
# fmort_dir_dev:
 0.0994984784734 -0.0937219557521 -0.196979222552 -0.160265938550 -0.0487759976054 0.00225474561101 0.0471416066610 -0.00530212777497 -0.159927014359 0.0554198494014 -0.0388955790785 0.0289448466545 0.0124893758520 0.0884159018562 0.218979465180 0.211035019537 0.191314507021 0.209486132650 0.229634405606 0.198596963497 0.221134774587 0.222330071764 0.346713112027 0.287549171310 0.305338229552 0.383322574013 0.298371899229 0.359206074659 -3.31330936947
# mean_log_rec:
13.3340495864
# rec_dev:
 -2.39933434682 -2.07164924543 -1.66728437249 -1.43361163967 -1.51253575254 -1.35292581920 -0.920163767895 -0.529063264445 -0.227618289127 -0.0182873414823 0.342671243807 0.584068904099 0.757037831083 0.608283676338 0.448785601680 0.465081339250 0.480296550166 0.462397577461 0.469759556205 0.542848748249 0.625618142180 0.744835284545 0.739978382625 0.815501946663 0.788211754251 0.732602207132 0.755095067623 0.884700020275 0.884700005470
# log_avg_NatM:
-1.36837500000
# m_dev:
 0.00000000000 0.00000000000 0.00000000000 0.00000000000 0.00000000000 0.00000000000 0.00000000000 0.00000000000 0.00000000000 0.00000000000 0.00000000000 0.00000000000 0.00000000000 0.00000000000 0.00000000000 0.00000000000 0.00000000000 0.00000000000 0.00000000000 0.00000000000 0.00000000000 0.00000000000 0.00000000000 0.00000000000 0.00000000000 0.00000000000 0.00000000000 0.00000000000 0.00000000000
# log_avg_GrowthK:
-1.19613400000
# log_avg_Linf:
3.45239700000
# GrowthK_dev:
 0.00000000000 0.00000000000 0.00000000000 0.00000000000 0.00000000000 0.00000000000 0.00000000000 0.00000000000 0.00000000000 0.00000000000 0.00000000000 0.00000000000 0.00000000000 0.00000000000 0.00000000000 0.00000000000 0.00000000000 0.00000000000 0.00000000000 0.00000000000 0.00000000000 0.00000000000 0.00000000000 0.00000000000 0.00000000000 0.00000000000 0.00000000000 0.00000000000 0.00000000000
# Linf_dev:
 0.00000000000 0.00000000000 0.00000000000 0.00000000000 0.00000000000 0.00000000000 0.00000000000 0.00000000000 0.00000000000 0.00000000000 0.00000000000 0.00000000000 0.00000000000 0.00000000000 0.00000000000 0.00000000000 0.00000000000 0.00000000000 0.00000000000 0.00000000000 0.00000000000 0.00000000000 0.00000000000 0.00000000000 0.00000000000 0.00000000000 0.00000000000 0.00000000000 0.00000000000
# SelPars50:
1.00778948272
# SelPars95:
1.11901626888
# SelPars_dev50:
 0.00000000000 0.00000000000 0.00000000000 0.00000000000 0.00000000000 0.00000000000 0.00000000000 0.00000000000 0.00000000000 0.00000000000 0.00000000000 0.00000000000 0.00000000000 0.00000000000 0.00000000000 0.00000000000 0.00000000000 0.00000000000 0.00000000000 0.00000000000 0.00000000000 0.00000000000 0.00000000000 0.00000000000 0.00000000000 0.00000000000 0.00000000000 0.00000000000 0.00000000000
# SelPars_dev95:
 0.00000000000 0.00000000000 0.00000000000 0.00000000000 0.00000000000 0.00000000000 0.00000000000 0.00000000000 0.00000000000 0.00000000000 0.00000000000 0.00000000000 0.00000000000 0.00000000000 0.00000000000 0.00000000000 0.00000000000 0.00000000000 0.00000000000 0.00000000000 0.00000000000 0.00000000000 0.00000000000 0.00000000000 0.00000000000 0.00000000000 0.00000000000 0.00000000000 0.00000000000
