#Simulated generalized assessment 
# 
#start/end year 
72 100 
#number of ages 
15 
#ages 
1 2 3 4 5 6 7 8 9 10 11 12 13 14 15 
#Number of length bins 
25 
#CPUE years 
29 
#years for CPUE 
72 73 74 75 76 77 78 79 80 81 82 83 84 85 86 87 88 89 90 91 92 93 94 95 96 97 98 99 100 
#survey years 
29 
#years for survey 
72 73 74 75 76 77 78 79 80 81 82 83 84 85 86 87 88 89 90 91 92 93 94 95 96 97 98 99 100 
#length freq from catch years 
29 
#years for length freq catch 
72 73 74 75 76 77 78 79 80 81 82 83 84 85 86 87 88 89 90 91 92 93 94 95 96 97 98 99 100 
#catch length sample sizes 
200 200 200 200 200 200 200 200 200 200 200 200 200 200 200 200 200 200 200 200 200 200 200 200 200 200 200 200 200 
#length freq from survey years 
29 
#years for length freq survey 
72 73 74 75 76 77 78 79 80 81 82 83 84 85 86 87 88 89 90 91 92 93 94 95 96 97 98 99 100 
#survey sample sizes 
200 200 200 200 200 200 200 200 200 200 200 200 200 200 200 200 200 200 200 200 200 200 200 200 200 200 200 200 200 
#total survey biomass 
11472.53 8516.481 6549.683 10260.5 14151.79 29680.84 32604.26 28675.95 64584.51 56312.72 96963.78 116268.5 146442.5 207853.1 113858.2 148076.6 143647.8 204254.1 179412.6 163654.8 150721 301705 237429.1 261739.4 255193.7 380611.7 296624.9 272551.9 294017.9 
#survey CV 
0.2 0.2 0.2 0.2 0.2 0.2 0.2 0.2 0.2 0.2 0.2 0.2 0.2 0.2 0.2 0.2 0.2 0.2 0.2 0.2 0.2 0.2 0.2 0.2 0.2 0.2 0.2 0.2 0.2 
#total CPUE 
8239.908 7697.569 5982.027 8313.51 11407.41 17870.64 29333.14 37259.32 58183.54 73338.57 82180.69 111120.9 130060.4 146035.6 134787.1 129507.2 101298.9 220522.8 162063 228594.7 211818.8 193908.5 166463.5 259264.6 343462.5 262217.1 218346.8 252399.1 241254.1 
#CPUE CV 
0.2 0.2 0.2 0.2 0.2 0.2 0.2 0.2 0.2 0.2 0.2 0.2 0.2 0.2 0.2 0.2 0.2 0.2 0.2 0.2 0.2 0.2 0.2 0.2 0.2 0.2 0.2 0.2 0.2 
#total catch biomass 
4309.876 4150.632 3795.94 3337.339 5790.142 9213.398 13073.88 19182.33 29905.81 43213.92 51268.93 71230.42 94554.82 109269 123823.2 150941.5 96700.98 112673.7 121530.7 129553.8 146353.5 139417.6 176214 153190.4 206722.9 231222.8 203248.6 213613.8 245744 
#catch CV 
0.1 0.1 0.1 0.1 0.1 0.1 0.1 0.1 0.1 0.1 0.1 0.1 0.1 0.1 0.1 0.1 0.1 0.1 0.1 0.1 0.1 0.1 0.1 0.1 0.1 0.1 0.1 0.1 0.1 
#Length Bins 
0.7268801 2.18064 3.634401 5.088161 6.541921 7.995682 9.449442 10.9032 12.35696 13.81072 15.26448 16.71824 18.172 19.62576 21.07952 22.53328 23.98704 25.44081 26.89457 28.34833 29.80209 31.25585 32.70961 34.16337 35.61713 
#catch length counts 
9.430641e-08 1.024057e-05 0.0006556097 0.02474606 0.5506934 7.225622 55.91107 255.4261 692.8786 1147.977 1312.559 1421.485 1744.489 1986.639 1975.063 1787.952 1438.311 1026.836 664.7897 378.1103 174.9441 60.62562 14.69825 2.371992 0.2461829 
8.969537e-08 9.739862e-06 0.0006235542 0.02353613 0.5237685 6.872383 53.17905 242.969 659.329 1093.664 1253.376 1357.912 1664.529 1911.971 1932.948 1760.745 1395.606 957.8978 581.2106 305.2362 130.0694 41.57049 9.296813 1.382349 0.131992 
7.861315e-09 8.53648e-07 5.465178e-05 0.002062933 0.04591863 0.6031836 4.693711 22.03804 67.70223 174.0159 475.3746 1146.031 1944.173 2317.639 2223.892 1922.248 1485.679 1001.518 584.5358 286.6977 111.9315 32.58798 6.646494 0.9034271 0.07898269 
1.14217e-07 1.240262e-05 0.0007940262 0.02997055 0.6669506 8.75054 67.69126 308.7861 831.3096 1326.372 1283.84 868.5396 744.1988 1184.155 1823.194 2006.801 1592.33 1004.781 543.9335 248.7134 89.70179 23.82826 4.407741 0.5432777 0.04316431 
3.012176e-07 3.270869e-05 0.002094038 0.07903985 1.758948 23.07976 178.6104 816.36 2218.303 3693.928 4249.096 4454.573 4773.715 4084.866 2461.933 1302.746 882.3747 644.8981 379.6096 169.1267 56.52869 13.71469 2.304465 0.2572694 0.01850222 
5.948753e-07 6.459646e-05 0.004135521 0.1560958 3.473728 45.5788 352.6811 1610.927 4363.424 7157.559 7764.096 7179.587 7268.728 7160.465 5953.637 3990.587 2020.206 783.2027 278.6309 101.0646 31.50547 7.1481 1.102214 0.111801 0.007281929 
1.15865e-06 0.0001258158 0.008054834 0.3040306 6.76582 88.7729 686.8531 3136.024 8477.212 13771.74 14335.78 11796.7 10406.01 9709.316 8177.063 5805.963 3217.045 1320.905 407.2201 100.8371 21.60173 3.912079 0.5324102 0.04916493 0.002921497 
1.425176e-06 0.0001547574 0.009907703 0.373968 8.322248 109.1979 845.0023 3860.439 10462.94 17187.3 18645.72 16953.09 16284.26 14855.35 11386.8 7323.719 3824.141 1547.662 479.393 112.9139 20.01537 2.67558 0.2699793 0.01992662 0.001014155 
2.342009e-06 0.0002543147 0.01628145 0.6145462 13.67606 179.4461 1388.586 6343.294 17183.21 28145.86 30145.12 26491.32 24786.62 23186.29 18801.48 12458.2 6325.36 2384.831 681.1378 149.9029 24.84996 2.978349 0.2503081 0.01451782 0.0005746973 
3.309015e-06 0.0003593202 0.023004 0.8682912 19.32298 253.5461 1962.16 8966.658 24323.32 40048.59 43615.83 39620.14 37800.52 34815.01 27245.62 17328.93 8449.017 3041.084 814.7811 164.8822 24.90924 2.720627 0.2072375 0.01066944 0.0003626123 
4.971558e-06 0.0005398528 0.03456186 1.304545 29.0314 380.9341 2947.941 13469.8 36513.04 59902.49 64232.6 55940.35 51000.18 46418.93 36305.78 22475.86 10228.5 3303.925 774.1196 136.6567 18.25566 1.784941 0.1223956 0.005680961 0.0001737294 
6.939829e-06 0.000753584 0.04824514 1.821027 40.52542 531.7635 4115.491 18810.01 51041.03 84021.21 90932.5 80246.34 72729.33 63825.51 47298.24 27690.69 11972.01 3660.639 795.5868 126.0753 14.71092 1.245378 0.07441572 0.00304473 8.289031e-05 
8.092783e-06 0.0008787815 0.05626045 2.123574 47.25899 620.1521 4800.532 21958.15 59760.7 99449.15 111400.6 105528.6 101952.2 91525.7 67651.95 38769.46 16138.53 4687.726 955.3127 139.9329 14.85212 1.124025 0.05912546 0.002110517 5.00757e-05 
9.867246e-06 0.001071468 0.06859645 2.589207 57.62183 756.1577 5853.863 26784.08 72961.28 121728.7 137177.7 131327.9 129210.7 119692.3 91335.64 52854.2 21629.56 6057.522 1172.487 160.8257 15.78055 1.092349 0.05205591 0.001667934 3.521968e-05 
8.701316e-06 0.0009448618 0.06049113 2.283285 50.81508 666.9044 5164.926 23666.3 64812.4 110151.7 130959.7 137688 144924.7 135841.3 101700.3 56775.74 22159.17 5858.808 1059.198 134.4434 12.1419 0.7715438 0.03365817 0.0009833221 1.884488e-05 
8.594925e-06 0.000933309 0.05975155 2.255373 50.19414 658.7628 5101.962 23376.92 63986.94 108423.4 127510.1 131867.7 139793.4 136130.6 105765.3 59664.57 22923.83 5865.8 1013.036 121.163 10.1707 0.5944268 0.02370612 0.0006313857 1.101863e-05 
1.161605e-05 0.001261368 0.08075426 3.048132 67.83658 890.2676 6893.561 31559.44 86081.6 143849.5 161448.5 150824.6 143280.8 129860.5 96238.98 52594.49 19888.48 5084.64 884.5759 105.979 8.740747 0.48986 0.0183445 0.0004520934 7.23428e-06 
1.03681e-05 0.001125857 0.07207894 2.720715 60.55304 794.8256 6158.466 28256.91 77662.54 133004.1 159284.4 164429.6 162997.4 140498.3 95254.86 47777.11 16817.87 4047.237 668.8463 76.91574 6.149601 0.335585 0.01219397 0.0002887274 4.382837e-06 
1.13777e-05 0.001235487 0.07909774 2.985658 66.45017 872.245 6758.424 31007.06 85158.53 145323.7 172182.4 175810.2 177814.8 161824.9 115657.9 59425.6 20825.8 4899.849 782.2632 86.0447 6.532354 0.3375895 0.01163357 0.0002619817 3.788805e-06 
1.215986e-05 0.001320423 0.0845357 3.19095 71.02121 932.325 7225.766 33175.25 91291.85 156500.3 186668.6 190174.8 187536.6 163901.7 112530.7 56143.63 19391.05 4553.97 729.0137 79.81545 5.934635 0.2951685 0.009657671 0.0002047931 2.778017e-06 
1.476962e-05 0.001603814 0.102679 3.875819 86.2653 1132.466 8777.148 40295.27 110800.4 189177 222305.4 219178.8 208259.5 176557 117355.9 56267.95 18581.48 4170.844 640.9362 67.84173 4.904435 0.2373165 0.007517787 0.0001530615 1.975102e-06 
1.668351e-05 0.001811644 0.1159853 4.378162 97.45105 1279.504 9921.257 45608.03 125876.6 216983.4 259864 260787.9 245244.9 199805.5 126032.1 57232.31 17910.27 3804.538 551.4529 54.9151 3.737126 0.1708205 0.005133648 9.94695e-05 1.222774e-06 
1.906129e-05 0.002069848 0.1325167 5.002253 111.3467 1462.108 11340.44 52170.33 144237.5 249510.2 300372.1 302520.9 284109.3 229507.2 141618.7 61816.04 18288.65 3621.383 484.0359 44.20319 2.759255 0.1161135 0.003226941 5.805467e-05 6.649731e-07 
2.23798e-05 0.002430208 0.1555888 5.873278 130.7412 1716.992 13321.65 61332.79 169867.2 294778 355877.5 356740 329236.8 259059.6 154808 65164.66 18531.36 3509.827 444.6704 37.9981 2.190788 0.0843795 0.002137838 3.506491e-05 3.670035e-07 
2.696636e-05 0.002928266 0.1874771 7.077153 157.5473 2069.279 16059.62 73986.68 205170.2 356592.5 429968.8 426135.9 383937.5 292534.8 168139.8 67649.42 18295.16 3280.222 391.5092 31.35818 1.685973 0.06023308 0.001407686 2.118588e-05 2.026087e-07 
2.418369e-05 0.002626122 0.1681373 6.347568 141.3364 1857.507 14441.31 66858.95 187913.1 337861.1 436239.9 470623.8 443823.6 336343.9 187241 72248.89 18663.59 3184.951 359.9136 27.10986 1.361588 0.04520347 0.0009781363 1.359374e-05 1.1977e-07 
2.695016e-05 0.002926536 0.1873716 7.073702 157.5021 2069.778 16085.55 74367 208043.1 369162.8 464212.8 488318.1 461877.3 357794.4 201861.3 77321.86 19462.63 3193.658 343.6679 24.45354 1.15232 0.03569453 0.0007175287 9.232443e-06 7.511552e-08 
2.881765e-05 0.003129353 0.2003611 7.564477 168.452 2214.411 17223.64 79781.76 224120.7 400564.7 506376 524929.2 474454.7 346495.1 185447.6 68372.76 16807.75 2719.921 289.1945 20.19431 0.9219254 0.02727141 0.0005171218 6.22065e-06 4.703438e-08 
2.790177e-05 0.003029938 0.1940027 7.325091 163.1592 2146.102 16717.19 77721.83 220270 401349.9 524529.3 562847.6 514823.7 370264.5 191465.5 67377.59 15698.51 2401.84 241.8506 16.06757 0.7012892 0.01988066 0.0003608024 4.13536e-06 2.960554e-08 
#survey length counts 
3.537313e-07 3.841106e-05 0.002459108 0.0928192 2.065566 27.10142 209.6769 957.1756 2586.58 4205.79 4440.729 3936.323 4033.281 4374.784 4390.541 4026.698 3226.033 2240.156 1380.974 743.7202 329.0804 110.5755 26.2595 4.176043 0.4285948 
3.518933e-08 3.82115e-06 0.000244634 0.009233893 0.2055061 2.697568 20.91749 96.56918 275.5863 564.584 1135.307 2366.016 3894.455 4635.64 4460.943 3883.597 3034.904 2074.274 1234.125 622.5184 252.7835 77.43693 16.7801 2.440613 0.229443 
6.977707e-07 7.576968e-05 0.004850837 0.1830949 4.074503 53.45796 413.5169 1885.975 5072.657 8055.408 7602.046 4456.746 2217.735 2181.75 3152.754 3519.32 2839.49 1818.938 1004.31 473.2112 177.9021 49.78804 9.790094 1.291518 0.1103649 
8.666627e-07 9.410938e-05 0.006024961 0.2274127 5.060777 66.40106 513.7522 2345.704 6342.91 10332.69 10925.6 9441.892 8541.738 6928.131 4143.209 2171.811 1468.532 1096.69 665.2352 306.9939 107.1753 27.42586 4.901987 0.5858878 0.04532188 
1.070235e-06 0.000116215 0.00744018 0.2808304 6.249528 81.99888 634.452 2897.132 7837.614 12790.58 13617.42 12062.33 11769.9 11514.66 9654.828 6589.712 3410.349 1343.924 483.5472 180.0977 58.74938 14.09415 2.314177 0.2513822 0.0176122 
1.86117e-06 0.0002021011 0.01293868 0.4883719 10.86808 142.5965 1103.254 5036.416 13605.4 22046 22741.89 18307.58 15809.23 14703.84 12482.99 9016.804 5117.707 2158.969 684.4729 174.4378 38.72651 7.37392 1.068132 0.105704 0.006758549 
2.387339e-06 0.0002592369 0.01659657 0.6264399 13.94068 182.9155 1415.353 6464.306 17500.33 28621.33 30595.91 26974.39 25315.7 23067.67 17834.4 11655.21 6225.918 2588.792 827.7472 202.3966 37.44259 5.255221 0.5615654 0.04429839 0.002425505 
3.376597e-06 0.0003666588 0.02347381 0.8860225 19.7174 258.7125 2001.861 9143.039 24749.01 40431.75 42959.36 37198.27 34526.99 32449.67 26628.91 18000.23 9377.309 3636.827 1072.256 245.2026 42.55586 5.374728 0.478727 0.02959806 0.001256502 
4.224026e-06 0.0004586796 0.02936507 1.10839 24.66607 323.651 2504.564 11443.21 31021.49 50975.52 55251.76 49946.9 47851.21 44533.94 35333.52 22944.78 11492.2 4262.988 1181.421 248.7517 39.37393 4.536176 0.3666244 0.02012659 0.0007324424 
6.161719e-06 0.0006690903 0.04283576 1.616844 35.98118 472.1195 3653.435 16690.76 45221.33 74081.97 79202.72 68892.89 63278.63 58319.83 46364.72 29396.5 13779.09 4594.937 1114.284 204.6893 28.66262 2.958105 0.2153472 0.01066219 0.0003491728 
8.634055e-06 0.0009375571 0.06002325 2.265592 50.41864 661.5699 5119.838 23396.32 63451.36 104297.2 112582.2 99390.95 90974.68 80982.75 61049.41 36621.21 16324.08 5162.441 1163.889 192.2568 23.52978 2.102535 0.1333787 0.005822544 0.0001698011 
9.857026e-06 0.001070358 0.06852531 2.586512 57.56108 755.325 5846.485 26736.46 72716.97 120813.9 135039.3 128288.7 125502.9 114428.7 86166.09 50676.9 21780.03 6551.827 1386.927 212.0602 23.63804 1.889792 0.1055478 0.004018556 0.0001021019 
1.129722e-05 0.001226746 0.0785375 2.964431 65.97187 865.7141 6701.518 30655.67 83456.74 139058.6 156566.9 150717.7 150462.3 141740.2 110438.6 65748.95 27828.44 8082.425 1627.2 233.2726 24.06482 1.761207 0.08916555 0.003047759 6.889744e-05 
9.953344e-06 0.001080817 0.06919509 2.611815 58.126 762.8282 5907.19 27058.87 74041.53 125632.6 149277.9 158103.7 169056.5 161267.5 123432.2 70983.59 28687.52 7874.797 1482.273 196.8087 18.70325 1.257632 0.05832762 0.001818684 3.732104e-05 
9.858935e-06 0.001070566 0.06853881 2.587047 57.57503 755.6053 5851.349 26802.15 73303.19 124015.9 145743.2 151691.4 163209.8 161894.1 128931.5 75104.32 29926.07 7960.025 1433.102 179.5111 15.871 0.9822235 0.04166714 0.001184963 2.215171e-05 
1.325089e-05 0.001438892 0.09211945 3.477109 77.38279 1015.519 7862.7 35987.12 98096.84 163739 183722 172749.1 166739 154148.9 117155.6 66119.42 25939.88 6900.98 1253.871 157.6651 13.71917 0.8149476 0.03247743 0.0008548011 1.465358e-05 
1.260734e-05 0.001369012 0.08764595 3.308295 73.62913 966.4132 7486.809 34337.17 94276.11 161156.9 192898.4 200697.3 202379.6 177981.5 123681.9 64035.59 23389.05 5859.72 1011.963 122.2532 10.32719 0.5983346 0.02317047 0.00058646 9.540544e-06 
1.357868e-05 0.001474488 0.09439876 3.563196 79.3027 1040.896 8063.955 36981.63 101469.2 172865 204705.8 210489.1 216390.5 201171.4 147808.6 78595.2 28625.02 7019.791 1172.544 135.6373 10.88976 0.5980665 0.02198878 0.0005299884 8.224408e-06 
1.452876e-05 0.001577657 0.101004 3.812549 84.85435 1113.849 8631.119 39609.67 108886.2 186349.9 222252 228256.7 229041.2 204611.6 144427 74573.87 26781.31 6563.992 1101.459 127.0671 10.00584 0.529335 0.01848949 0.0004198716 6.115359e-06 
1.750925e-05 0.001901305 0.1217246 4.594695 102.2632 1342.395 10402.39 47735.68 131133.2 223559.6 262755.4 261211 252756.1 219356.1 150117.8 74565.29 25620.58 6005.124 968.0334 108.0922 8.288375 0.4272614 0.01446779 0.0003157124 4.376244e-06 
1.956251e-05 0.002124268 0.1359997 5.133604 114.2627 1500.114 11629.41 53433.08 147316.2 253568.5 303940.4 308043.7 295442.8 246651.3 160285.4 75449.36 24585.49 5458.212 830.6243 87.3285 6.309051 0.3075492 0.00989204 0.0002056937 2.719393e-06 
2.230224e-05 0.002421776 0.1550473 5.852669 130.2719 1710.46 13263.61 60984.03 168417.9 290914.1 350566.8 356653.7 341808.7 283350.4 180449 81761.57 25212.4 5221.068 732.9829 70.69904 4.687788 0.2105445 0.006267803 0.0001211245 1.493532e-06 
2.592889e-05 0.002815595 0.1802614 6.804535 151.4652 1988.948 15427.71 70987.51 196384.8 340333.6 411458.2 416933.2 393030.8 317708.2 196140.7 85777.78 25448.02 5046.051 672.1912 60.71331 3.719614 0.1529322 0.00415146 7.31714e-05 8.248939e-07 
3.136764e-05 0.003406191 0.218074 8.232019 183.2478 2406.558 18672 85968.77 238122.8 413327.6 499189.5 500291.8 460753.4 361078.1 214638.1 89793.43 25351.58 4762.035 598.0419 50.66733 2.89673 0.1105339 0.002768614 4.477929e-05 4.612418e-07 
2.82707e-05 0.003069919 0.1965492 7.419966 165.2024 2170.77 16869.65 78031.05 218965.3 393088.5 508882.5 556252.8 536688.6 418458.3 241040.9 96766.38 26114.69 4672.643 556.04 44.33246 2.368997 0.08404344 0.00194991 2.91328e-05 2.765256e-07 
3.148491e-05 0.003418954 0.2188962 8.263585 183.9827 2417.351 18779.42 86750.14 242331.1 429315.6 540739 575471.2 557065.5 445000.9 260411.8 103945.1 27358.92 4710.37 534.12 40.25343 2.019328 0.06687456 0.001441959 1.995214e-05 1.74923e-07 
3.390207e-05 0.003681457 0.2357067 8.898596 198.1437 2604.189 20246.1 93695.77 262800.3 469013.1 594341 624031.8 577582.3 434938.1 241401.7 92772.13 23871.39 4059.699 455.6581 33.7487 1.641442 0.05192233 0.001056026 1.365973e-05 1.112887e-07 
3.263819e-05 0.00354425 0.2269286 8.567865 190.8182 2509.244 19534.74 90720.02 256648.4 466937.9 612136.6 666109.4 624607 463720.9 248919.1 91367.39 22292.34 3585.887 381.4326 26.90928 1.253126 0.03804337 0.000741363 9.142391e-06 7.053601e-08 
3.499472e-05 0.003800172 0.2433179 9.186924 204.6179 2691.003 20952.83 97305.18 275006 498153.8 645804.6 691800.8 640652.9 470011.7 247322.5 87978.66 20583.29 3145.544 315.2632 20.82419 0.9052373 0.02566636 0.0004684104 5.427296e-06 3.944029e-08 
