# Number of parameters = 77 Objective function value = 21669.7477646312  Maximum gradient component = 0.000364345157364964
# srv_sel50:
1.15656361762
# srv_sel95:
2.53340404266
# stNatLen:
 10.6867396222 10.5579984054 8.80998886406 7.51235063462 6.67100691130 6.09193299781 5.66332334276 5.33299490258 5.07344189565 4.86857867998 4.70833882299 4.58616076883 4.49770045818 4.44012492186 4.41172589141
# log_avg_fmort_dir:
0.781058594784
# fmort_dir_dev:
 -0.629960977304 -0.568155621328 -0.625608238162 -0.706727601531 -0.418687940617 -0.408043498620 -0.264241521598 -0.252079897389 -0.164042131769 -0.101457674140 -0.0485336207992 -0.0625428152237 0.0598579952297 -0.0175417200003 0.0138057318873 0.167458003294 0.162906392647 0.215721384850 0.254377521329 0.225460911662 0.373735839339 0.354231715718 0.371825346038 0.387104476214 0.368387513037 0.541829102307 0.452005362032 0.318915962896
# mean_log_rec:
13.2591862310
# rec_dev:
 -2.24897742176 -1.75671073127 -1.52652775481 -1.28889923694 -1.04984021646 -0.933543322079 -0.750450877317 -0.493485469332 -0.0689263861780 0.0414253463477 0.215961714561 0.558249564390 0.595451842670 0.458098266924 0.430568235600 0.441274858858 0.453483671649 0.497289821389 0.401111442104 0.545807682064 0.548078825631 0.568462084617 0.744928531851 0.883430103274 0.841767006720 0.674134802794 0.608918807954 0.608918806752
# log_avg_NatM:
-1.37331700000
# m_dev:
 0.00000000000 0.00000000000 0.00000000000 0.00000000000 0.00000000000 0.00000000000 0.00000000000 0.00000000000 0.00000000000 0.00000000000 0.00000000000 0.00000000000 0.00000000000 0.00000000000 0.00000000000 0.00000000000 0.00000000000 0.00000000000 0.00000000000 0.00000000000 0.00000000000 0.00000000000 0.00000000000 0.00000000000 0.00000000000 0.00000000000 0.00000000000 0.00000000000
# log_avg_GrowthK:
-1.18630400000
# log_avg_Linf:
3.44583300000
# GrowthK_dev:
 0.00000000000 0.00000000000 0.00000000000 0.00000000000 0.00000000000 0.00000000000 0.00000000000 0.00000000000 0.00000000000 0.00000000000 0.00000000000 0.00000000000 0.00000000000 0.00000000000 0.00000000000 0.00000000000 0.00000000000 0.00000000000 0.00000000000 0.00000000000 0.00000000000 0.00000000000 0.00000000000 0.00000000000 0.00000000000 0.00000000000 0.00000000000 0.00000000000
# Linf_dev:
 0.00000000000 0.00000000000 0.00000000000 0.00000000000 0.00000000000 0.00000000000 0.00000000000 0.00000000000 0.00000000000 0.00000000000 0.00000000000 0.00000000000 0.00000000000 0.00000000000 0.00000000000 0.00000000000 0.00000000000 0.00000000000 0.00000000000 0.00000000000 0.00000000000 0.00000000000 0.00000000000 0.00000000000 0.00000000000 0.00000000000 0.00000000000 0.00000000000
# SelPars50:
1.31683963713
# SelPars95:
2.06091620194
# SelPars_dev50:
 0.00000000000 0.00000000000 0.00000000000 0.00000000000 0.00000000000 0.00000000000 0.00000000000 0.00000000000 0.00000000000 0.00000000000 0.00000000000 0.00000000000 0.00000000000 0.00000000000 0.00000000000 0.00000000000 0.00000000000 0.00000000000 0.00000000000 0.00000000000 0.00000000000 0.00000000000 0.00000000000 0.00000000000 0.00000000000 0.00000000000 0.00000000000 0.00000000000
# SelPars_dev95:
 0.00000000000 0.00000000000 0.00000000000 0.00000000000 0.00000000000 0.00000000000 0.00000000000 0.00000000000 0.00000000000 0.00000000000 0.00000000000 0.00000000000 0.00000000000 0.00000000000 0.00000000000 0.00000000000 0.00000000000 0.00000000000 0.00000000000 0.00000000000 0.00000000000 0.00000000000 0.00000000000 0.00000000000 0.00000000000 0.00000000000 0.00000000000 0.00000000000
