# Number of parameters = 79 Objective function value = 22515.4705893296  Maximum gradient component = 0.0446866399170113
# srv_sel50:
1.06159312294
# srv_sel95:
2.06089561414
# stNatLen:
 10.6132792969 10.2944963894 8.48489498136 7.17902193526 6.33717556517 5.75817308994 5.32970739373 4.99952172370 4.74009089999 4.53532491362 4.37515743439 4.25302772244 4.16459243079 4.10702287162 4.07861213878
# log_avg_fmort_dir:
0.555030102700
# fmort_dir_dev:
 -0.777103522614 -0.558591895055 -0.630883676040 -0.523884555148 -0.337728580923 -0.207826619635 -0.191031435744 -0.108331629443 -0.194016214606 0.00265764769544 0.0618524876010 0.109972621472 0.175633102519 0.0881144803173 0.226572380121 0.285071594294 0.271340864447 0.258260534463 0.495529237667 0.393136876133 0.382699229658 0.467610650375 0.529299187809 0.454687600911 0.542786310175 0.526815658985 0.608148269398 0.674211526966 -3.02500213180
# mean_log_rec:
13.2797859925
# rec_dev:
 -2.26461007347 -1.70613360922 -1.52246615719 -1.34057120556 -1.05259174822 -0.915843099851 -0.772818588166 -0.563188812111 -0.129208388013 0.0191477475577 0.223931017749 0.558231099963 0.625753998063 0.433571875517 0.343900709920 0.371051428044 0.441132909595 0.484165119351 0.309722116901 0.463853499674 0.598810606219 0.585897988269 0.711618799663 0.797578575781 0.791284320280 0.713699665754 0.454929101157 0.669575550995 0.669575551347
# log_avg_NatM:
-1.37331700000
# m_dev:
 0.00000000000 0.00000000000 0.00000000000 0.00000000000 0.00000000000 0.00000000000 0.00000000000 0.00000000000 0.00000000000 0.00000000000 0.00000000000 0.00000000000 0.00000000000 0.00000000000 0.00000000000 0.00000000000 0.00000000000 0.00000000000 0.00000000000 0.00000000000 0.00000000000 0.00000000000 0.00000000000 0.00000000000 0.00000000000 0.00000000000 0.00000000000 0.00000000000 0.00000000000
# log_avg_GrowthK:
-1.18630400000
# log_avg_Linf:
3.44583300000
# GrowthK_dev:
 0.00000000000 0.00000000000 0.00000000000 0.00000000000 0.00000000000 0.00000000000 0.00000000000 0.00000000000 0.00000000000 0.00000000000 0.00000000000 0.00000000000 0.00000000000 0.00000000000 0.00000000000 0.00000000000 0.00000000000 0.00000000000 0.00000000000 0.00000000000 0.00000000000 0.00000000000 0.00000000000 0.00000000000 0.00000000000 0.00000000000 0.00000000000 0.00000000000 0.00000000000
# Linf_dev:
 0.00000000000 0.00000000000 0.00000000000 0.00000000000 0.00000000000 0.00000000000 0.00000000000 0.00000000000 0.00000000000 0.00000000000 0.00000000000 0.00000000000 0.00000000000 0.00000000000 0.00000000000 0.00000000000 0.00000000000 0.00000000000 0.00000000000 0.00000000000 0.00000000000 0.00000000000 0.00000000000 0.00000000000 0.00000000000 0.00000000000 0.00000000000 0.00000000000 0.00000000000
# SelPars50:
1.04353555605
# SelPars95:
1.16054118465
# SelPars_dev50:
 0.00000000000 0.00000000000 0.00000000000 0.00000000000 0.00000000000 0.00000000000 0.00000000000 0.00000000000 0.00000000000 0.00000000000 0.00000000000 0.00000000000 0.00000000000 0.00000000000 0.00000000000 0.00000000000 0.00000000000 0.00000000000 0.00000000000 0.00000000000 0.00000000000 0.00000000000 0.00000000000 0.00000000000 0.00000000000 0.00000000000 0.00000000000 0.00000000000 0.00000000000
# SelPars_dev95:
 0.00000000000 0.00000000000 0.00000000000 0.00000000000 0.00000000000 0.00000000000 0.00000000000 0.00000000000 0.00000000000 0.00000000000 0.00000000000 0.00000000000 0.00000000000 0.00000000000 0.00000000000 0.00000000000 0.00000000000 0.00000000000 0.00000000000 0.00000000000 0.00000000000 0.00000000000 0.00000000000 0.00000000000 0.00000000000 0.00000000000 0.00000000000 0.00000000000 0.00000000000
