# Number of parameters = 77 Objective function value = 18706.5119263949  Maximum gradient component = 37.3221754680557
# srv_sel50:
0.999991823465
# srv_sel95:
1.00002567838
# stNatLen:
 10.6766170155 9.05195602107 7.61092506849 6.65087731164 5.98530346528 5.48793863707 5.10023492422 4.79136571814 4.54317028568 4.34414195286 4.18664781835 4.06550243030 3.97718117204 3.91936729050 3.89068938061
# log_avg_fmort_dir:
0.514754141067
# fmort_dir_dev:
 -0.928026285262 -0.301055062039 -0.132416305178 -0.204588445937 -0.448339284305 -0.0647966890944 -0.0265972184975 -0.0471568564222 -0.0680935984419 -0.0486650772087 -0.119827976814 -0.100782510790 -0.0104343383595 0.0373173342041 0.164740451515 0.185804030892 0.153420153532 0.183335417587 0.220538621562 0.229012870171 0.248568824697 0.207787078633 0.287862677902 0.228484513186 0.305170031497 0.290769665278 0.133123741088 -0.375155763394
# mean_log_rec:
13.6543412688
# rec_dev:
 -2.25940611961 -2.05359765449 -1.94267808263 -1.17130428614 -1.00149355828 -1.11337961566 -0.723090892511 -0.474133952093 -0.231594540212 -0.0171796696401 0.293265062561 0.524176209876 0.657903918383 0.608775491146 0.478292765522 0.468557875842 0.458148485478 0.417757488878 0.422653672658 0.481597731643 0.549174936911 0.613413022956 0.631682293465 0.748293034105 0.779331708715 0.805956560411 1.02443908372 1.02443902900
# log_avg_NatM:
-1.06669500000
# m_dev:
 0.00000000000 0.00000000000 0.00000000000 0.00000000000 0.00000000000 0.00000000000 0.00000000000 0.00000000000 0.00000000000 0.00000000000 0.00000000000 0.00000000000 0.00000000000 0.00000000000 0.00000000000 0.00000000000 0.00000000000 0.00000000000 0.00000000000 0.00000000000 0.00000000000 0.00000000000 0.00000000000 0.00000000000 0.00000000000 0.00000000000 0.00000000000 0.00000000000
# log_avg_GrowthK:
-1.19613400000
# log_avg_Linf:
3.45239700000
# GrowthK_dev:
 0.00000000000 0.00000000000 0.00000000000 0.00000000000 0.00000000000 0.00000000000 0.00000000000 0.00000000000 0.00000000000 0.00000000000 0.00000000000 0.00000000000 0.00000000000 0.00000000000 0.00000000000 0.00000000000 0.00000000000 0.00000000000 0.00000000000 0.00000000000 0.00000000000 0.00000000000 0.00000000000 0.00000000000 0.00000000000 0.00000000000 0.00000000000 0.00000000000
# Linf_dev:
 0.00000000000 0.00000000000 0.00000000000 0.00000000000 0.00000000000 0.00000000000 0.00000000000 0.00000000000 0.00000000000 0.00000000000 0.00000000000 0.00000000000 0.00000000000 0.00000000000 0.00000000000 0.00000000000 0.00000000000 0.00000000000 0.00000000000 0.00000000000 0.00000000000 0.00000000000 0.00000000000 0.00000000000 0.00000000000 0.00000000000 0.00000000000 0.00000000000
# SelPars50:
1.00009018726
# SelPars95:
1.14279853258
# SelPars_dev50:
 0.00000000000 0.00000000000 0.00000000000 0.00000000000 0.00000000000 0.00000000000 0.00000000000 0.00000000000 0.00000000000 0.00000000000 0.00000000000 0.00000000000 0.00000000000 0.00000000000 0.00000000000 0.00000000000 0.00000000000 0.00000000000 0.00000000000 0.00000000000 0.00000000000 0.00000000000 0.00000000000 0.00000000000 0.00000000000 0.00000000000 0.00000000000 0.00000000000
# SelPars_dev95:
 0.00000000000 0.00000000000 0.00000000000 0.00000000000 0.00000000000 0.00000000000 0.00000000000 0.00000000000 0.00000000000 0.00000000000 0.00000000000 0.00000000000 0.00000000000 0.00000000000 0.00000000000 0.00000000000 0.00000000000 0.00000000000 0.00000000000 0.00000000000 0.00000000000 0.00000000000 0.00000000000 0.00000000000 0.00000000000 0.00000000000 0.00000000000 0.00000000000
