# Number of parameters = 77 Objective function value = 20968.6329895804  Maximum gradient component = 0.0390604272126640
# srv_sel50:
1.11045181490
# srv_sel95:
2.35973538263
# stNatLen:
 11.4026378012 10.8601270012 8.99963248092 7.73584836769 6.91910869463 6.34920045562 5.92348629519 5.59345586919 5.33310190513 5.12702556666 4.96550253116 4.84215367151 4.75273954342 4.69449575115 4.66574899554
# log_avg_fmort_dir:
0.675456172016
# fmort_dir_dev:
 -0.875226151910 -0.712025597366 -0.654921400348 -0.575044504929 -0.432140986504 -0.403331737424 -0.329585587551 -0.297244942699 -0.198108945325 -0.142715538515 -0.0527409270313 -0.218122597330 0.112492443389 -0.0109805638519 0.159581691145 0.219591692385 0.277426924083 0.266484199127 0.265054402967 0.323298949509 0.318964822745 0.394320994178 0.440612889754 0.383571110627 0.489151005472 0.538926016055 0.508471830491 0.204240508857
# mean_log_rec:
13.5399358544
# rec_dev:
 -1.97582077687 -1.85124627658 -1.66401579584 -1.34365490366 -1.26812048572 -1.13613185872 -0.722314228558 -0.398352353723 -0.221606217763 -0.0486072001539 0.330267154601 0.719340461119 0.679003180040 0.505437379940 0.432642259723 0.502724257161 0.437478735644 0.430058345016 0.451445138699 0.482401395350 0.505872449537 0.531427808441 0.676847842120 0.825937502318 0.849748939536 0.751891404263 0.758672922050 0.758672922029
# log_avg_NatM:
-1.05607500000
# m_dev:
 0.00000000000 0.00000000000 0.00000000000 0.00000000000 0.00000000000 0.00000000000 0.00000000000 0.00000000000 0.00000000000 0.00000000000 0.00000000000 0.00000000000 0.00000000000 0.00000000000 0.00000000000 0.00000000000 0.00000000000 0.00000000000 0.00000000000 0.00000000000 0.00000000000 0.00000000000 0.00000000000 0.00000000000 0.00000000000 0.00000000000 0.00000000000 0.00000000000
# log_avg_GrowthK:
-1.18630400000
# log_avg_Linf:
3.44583300000
# GrowthK_dev:
 0.00000000000 0.00000000000 0.00000000000 0.00000000000 0.00000000000 0.00000000000 0.00000000000 0.00000000000 0.00000000000 0.00000000000 0.00000000000 0.00000000000 0.00000000000 0.00000000000 0.00000000000 0.00000000000 0.00000000000 0.00000000000 0.00000000000 0.00000000000 0.00000000000 0.00000000000 0.00000000000 0.00000000000 0.00000000000 0.00000000000 0.00000000000 0.00000000000
# Linf_dev:
 0.00000000000 0.00000000000 0.00000000000 0.00000000000 0.00000000000 0.00000000000 0.00000000000 0.00000000000 0.00000000000 0.00000000000 0.00000000000 0.00000000000 0.00000000000 0.00000000000 0.00000000000 0.00000000000 0.00000000000 0.00000000000 0.00000000000 0.00000000000 0.00000000000 0.00000000000 0.00000000000 0.00000000000 0.00000000000 0.00000000000 0.00000000000 0.00000000000
# SelPars50:
1.04658935038
# SelPars95:
1.17137649218
# SelPars_dev50:
 0.00000000000 0.00000000000 0.00000000000 0.00000000000 0.00000000000 0.00000000000 0.00000000000 0.00000000000 0.00000000000 0.00000000000 0.00000000000 0.00000000000 0.00000000000 0.00000000000 0.00000000000 0.00000000000 0.00000000000 0.00000000000 0.00000000000 0.00000000000 0.00000000000 0.00000000000 0.00000000000 0.00000000000 0.00000000000 0.00000000000 0.00000000000 0.00000000000
# SelPars_dev95:
 0.00000000000 0.00000000000 0.00000000000 0.00000000000 0.00000000000 0.00000000000 0.00000000000 0.00000000000 0.00000000000 0.00000000000 0.00000000000 0.00000000000 0.00000000000 0.00000000000 0.00000000000 0.00000000000 0.00000000000 0.00000000000 0.00000000000 0.00000000000 0.00000000000 0.00000000000 0.00000000000 0.00000000000 0.00000000000 0.00000000000 0.00000000000 0.00000000000
