# Number of parameters = 78 Objective function value = 21953.3788440534  Maximum gradient component = 0.000204185168306987
# srv_sel50:
1.56548044728
# srv_sel95:
3.77577371867
# stNatLen:
 11.3434944538 10.0787597643 8.70983015099 7.65191817404 6.87005766814 6.28908675633 5.84650027254 5.50165957036 5.22950775500 5.01431547787 4.84588374166 4.71743430588 4.62443025318 4.56390128828 4.53405577471
# log_avg_fmort_dir:
0.789954805097
# fmort_dir_dev:
 -0.357409084389 -0.167396526461 -0.282063700638 -0.311187996083 -0.213566697233 -0.0837276813992 -0.0494533528109 -0.138000086330 -0.343549280858 -0.158657491873 0.0457511817419 -0.244072698989 -0.121443247045 0.215482729463 0.173734878576 0.307658816531 0.0580861607234 0.178455764035 0.126281346607 0.150830150901 0.0652945492574 0.102591790914 0.190624110585 0.191533152391 -0.00372830805559 0.224684526328 0.255659222427 0.187587771683
# mean_log_rec:
13.2824713868
# rec_dev:
 -1.69194495062 -1.44175278293 -1.22800982449 -0.996261200553 -0.997281349444 -1.18369331049 -0.770672431732 -0.00274724511348 -0.0913242860903 -0.127853239659 0.450198902489 0.629694976273 0.540790682320 0.331814184197 0.271138442817 0.376161601500 0.294044570247 0.361851073697 0.269735610433 0.355967168702 0.493195542717 0.469827820425 0.632964425166 0.719157500814 0.579836810538 0.475167895957 0.639996703652 0.639996709186
# log_avg_NatM:
0.0380186928791
# m_dev:
 0.00000000000 0.00000000000 0.00000000000 0.00000000000 0.00000000000 0.00000000000 0.00000000000 0.00000000000 0.00000000000 0.00000000000 0.00000000000 0.00000000000 0.00000000000 0.00000000000 0.00000000000 0.00000000000 0.00000000000 0.00000000000 0.00000000000 0.00000000000 0.00000000000 0.00000000000 0.00000000000 0.00000000000 0.00000000000 0.00000000000 0.00000000000 0.00000000000
# log_avg_GrowthK:
-1.02151300000
# log_avg_Linf:
3.36611700000
# GrowthK_dev:
 0.00000000000 0.00000000000 0.00000000000 0.00000000000 0.00000000000 0.00000000000 0.00000000000 0.00000000000 0.00000000000 0.00000000000 0.00000000000 0.00000000000 0.00000000000 0.00000000000 0.00000000000 0.00000000000 0.00000000000 0.00000000000 0.00000000000 0.00000000000 0.00000000000 0.00000000000 0.00000000000 0.00000000000 0.00000000000 0.00000000000 0.00000000000 0.00000000000
# Linf_dev:
 0.00000000000 0.00000000000 0.00000000000 0.00000000000 0.00000000000 0.00000000000 0.00000000000 0.00000000000 0.00000000000 0.00000000000 0.00000000000 0.00000000000 0.00000000000 0.00000000000 0.00000000000 0.00000000000 0.00000000000 0.00000000000 0.00000000000 0.00000000000 0.00000000000 0.00000000000 0.00000000000 0.00000000000 0.00000000000 0.00000000000 0.00000000000 0.00000000000
# SelPars50:
2.04754046270
# SelPars95:
3.15783874484
# SelPars_dev50:
 0.00000000000 0.00000000000 0.00000000000 0.00000000000 0.00000000000 0.00000000000 0.00000000000 0.00000000000 0.00000000000 0.00000000000 0.00000000000 0.00000000000 0.00000000000 0.00000000000 0.00000000000 0.00000000000 0.00000000000 0.00000000000 0.00000000000 0.00000000000 0.00000000000 0.00000000000 0.00000000000 0.00000000000 0.00000000000 0.00000000000 0.00000000000 0.00000000000
# SelPars_dev95:
 0.00000000000 0.00000000000 0.00000000000 0.00000000000 0.00000000000 0.00000000000 0.00000000000 0.00000000000 0.00000000000 0.00000000000 0.00000000000 0.00000000000 0.00000000000 0.00000000000 0.00000000000 0.00000000000 0.00000000000 0.00000000000 0.00000000000 0.00000000000 0.00000000000 0.00000000000 0.00000000000 0.00000000000 0.00000000000 0.00000000000 0.00000000000 0.00000000000
