# Number of parameters = 78 Objective function value = 18605.5634538956  Maximum gradient component = 0.000462773744117609
# srv_sel50:
1.42216698667
# srv_sel95:
2.72204002857
# stNatLen:
 11.8284828837 10.1659326760 8.62436446167 7.59053345981 6.87106460773 6.33287040916 5.91351182967 5.57974459991 5.31183007245 5.09719934854 4.92749283946 4.79702761442 4.70194695065 4.63973031931 4.60891388176
# log_avg_fmort_dir:
0.574174740440
# fmort_dir_dev:
 -0.772170870539 -0.387304019758 -0.249945127751 -0.318001251446 -0.589279662322 -0.169203522376 -0.187648427591 -0.217820721106 -0.214856775252 -0.125423981971 -0.223662663000 -0.170568078688 -0.0492275719246 0.0932897483532 0.121406890796 0.219642782995 0.240739644890 0.319968851505 0.330052177472 0.182844562982 0.294233054571 0.146733894662 0.285606556915 0.437655706950 0.269999038450 0.355631957716 0.301053957418 0.0762538480505
# mean_log_rec:
14.5146949054
# rec_dev:
 -2.14862777563 -1.86393422826 -1.74175507554 -1.03868265708 -0.912997502647 -0.941673824385 -0.556989270928 -0.341190568889 -0.152040811955 0.0644171491497 0.401829861525 0.602190714314 0.670056926057 0.559129094418 0.498812106912 0.455213418630 0.328311325815 0.252602222493 0.315733603886 0.421974055622 0.414780889886 0.453042745464 0.535268231292 0.663472761575 0.720624079991 0.689761731099 0.825335396558 0.825335400624
# log_avg_NatM:
0.393785428616
# m_dev:
 0.00000000000 0.00000000000 0.00000000000 0.00000000000 0.00000000000 0.00000000000 0.00000000000 0.00000000000 0.00000000000 0.00000000000 0.00000000000 0.00000000000 0.00000000000 0.00000000000 0.00000000000 0.00000000000 0.00000000000 0.00000000000 0.00000000000 0.00000000000 0.00000000000 0.00000000000 0.00000000000 0.00000000000 0.00000000000 0.00000000000 0.00000000000 0.00000000000
# log_avg_GrowthK:
-1.19613400000
# log_avg_Linf:
3.45239700000
# GrowthK_dev:
 0.00000000000 0.00000000000 0.00000000000 0.00000000000 0.00000000000 0.00000000000 0.00000000000 0.00000000000 0.00000000000 0.00000000000 0.00000000000 0.00000000000 0.00000000000 0.00000000000 0.00000000000 0.00000000000 0.00000000000 0.00000000000 0.00000000000 0.00000000000 0.00000000000 0.00000000000 0.00000000000 0.00000000000 0.00000000000 0.00000000000 0.00000000000 0.00000000000
# Linf_dev:
 0.00000000000 0.00000000000 0.00000000000 0.00000000000 0.00000000000 0.00000000000 0.00000000000 0.00000000000 0.00000000000 0.00000000000 0.00000000000 0.00000000000 0.00000000000 0.00000000000 0.00000000000 0.00000000000 0.00000000000 0.00000000000 0.00000000000 0.00000000000 0.00000000000 0.00000000000 0.00000000000 0.00000000000 0.00000000000 0.00000000000 0.00000000000 0.00000000000
# SelPars50:
1.04733097797
# SelPars95:
1.17260741198
# SelPars_dev50:
 0.00000000000 0.00000000000 0.00000000000 0.00000000000 0.00000000000 0.00000000000 0.00000000000 0.00000000000 0.00000000000 0.00000000000 0.00000000000 0.00000000000 0.00000000000 0.00000000000 0.00000000000 0.00000000000 0.00000000000 0.00000000000 0.00000000000 0.00000000000 0.00000000000 0.00000000000 0.00000000000 0.00000000000 0.00000000000 0.00000000000 0.00000000000 0.00000000000
# SelPars_dev95:
 0.00000000000 0.00000000000 0.00000000000 0.00000000000 0.00000000000 0.00000000000 0.00000000000 0.00000000000 0.00000000000 0.00000000000 0.00000000000 0.00000000000 0.00000000000 0.00000000000 0.00000000000 0.00000000000 0.00000000000 0.00000000000 0.00000000000 0.00000000000 0.00000000000 0.00000000000 0.00000000000 0.00000000000 0.00000000000 0.00000000000 0.00000000000 0.00000000000
