# Number of parameters = 78 Objective function value = 21650.8496534201  Maximum gradient component = 0.00143627545220169
# srv_sel50:
1.44242215101
# srv_sel95:
2.84121923628
# stNatLen:
 11.3806680431 10.9513594241 9.20627608240 7.89990850256 7.04137809851 6.44440217448 5.99953521534 5.65511272232 5.38362025319 5.16883016265 5.00051965324 4.87199551361 4.77881901003 4.71810737847 4.68815249229
# log_avg_fmort_dir:
0.733232026290
# fmort_dir_dev:
 -0.726346656015 -0.730206313080 -0.608015045036 -0.726901712183 -0.524620091961 -0.357718611914 -0.340654445818 -0.254402526989 -0.223785140475 -0.199879216320 -0.178382823404 -0.0255350033254 -0.00399731180098 -0.0714526178501 0.193326070965 0.174506497610 0.331800667842 0.239018477289 0.360440538683 0.382070545627 0.323666350372 0.386934092826 0.481193285445 0.506164875988 0.496881448350 0.469783343211 0.447962303814 0.178149018149
# mean_log_rec:
13.7515196862
# rec_dev:
 -2.02791739764 -1.56534454363 -1.43143502266 -1.21095511498 -0.961574037907 -0.803494195543 -0.665022351303 -0.455029391560 -0.0564210373029 0.0300603945247 0.232371179603 0.578696899177 0.647671781756 0.445141282637 0.356003974281 0.390114270632 0.335715466449 0.388534159458 0.270015197264 0.428840595308 0.533617118843 0.557980666020 0.645148587202 0.701618822538 0.690699946528 0.615990019033 0.664486369401 0.664486361872
# log_avg_NatM:
-0.455010084879
# m_dev:
 0.00000000000 0.00000000000 0.00000000000 0.00000000000 0.00000000000 0.00000000000 0.00000000000 0.00000000000 0.00000000000 0.00000000000 0.00000000000 0.00000000000 0.00000000000 0.00000000000 0.00000000000 0.00000000000 0.00000000000 0.00000000000 0.00000000000 0.00000000000 0.00000000000 0.00000000000 0.00000000000 0.00000000000 0.00000000000 0.00000000000 0.00000000000 0.00000000000
# log_avg_GrowthK:
-1.18630400000
# log_avg_Linf:
3.44583300000
# GrowthK_dev:
 0.00000000000 0.00000000000 0.00000000000 0.00000000000 0.00000000000 0.00000000000 0.00000000000 0.00000000000 0.00000000000 0.00000000000 0.00000000000 0.00000000000 0.00000000000 0.00000000000 0.00000000000 0.00000000000 0.00000000000 0.00000000000 0.00000000000 0.00000000000 0.00000000000 0.00000000000 0.00000000000 0.00000000000 0.00000000000 0.00000000000 0.00000000000 0.00000000000
# Linf_dev:
 0.00000000000 0.00000000000 0.00000000000 0.00000000000 0.00000000000 0.00000000000 0.00000000000 0.00000000000 0.00000000000 0.00000000000 0.00000000000 0.00000000000 0.00000000000 0.00000000000 0.00000000000 0.00000000000 0.00000000000 0.00000000000 0.00000000000 0.00000000000 0.00000000000 0.00000000000 0.00000000000 0.00000000000 0.00000000000 0.00000000000 0.00000000000 0.00000000000
# SelPars50:
1.57012309592
# SelPars95:
2.57356584045
# SelPars_dev50:
 0.00000000000 0.00000000000 0.00000000000 0.00000000000 0.00000000000 0.00000000000 0.00000000000 0.00000000000 0.00000000000 0.00000000000 0.00000000000 0.00000000000 0.00000000000 0.00000000000 0.00000000000 0.00000000000 0.00000000000 0.00000000000 0.00000000000 0.00000000000 0.00000000000 0.00000000000 0.00000000000 0.00000000000 0.00000000000 0.00000000000 0.00000000000 0.00000000000
# SelPars_dev95:
 0.00000000000 0.00000000000 0.00000000000 0.00000000000 0.00000000000 0.00000000000 0.00000000000 0.00000000000 0.00000000000 0.00000000000 0.00000000000 0.00000000000 0.00000000000 0.00000000000 0.00000000000 0.00000000000 0.00000000000 0.00000000000 0.00000000000 0.00000000000 0.00000000000 0.00000000000 0.00000000000 0.00000000000 0.00000000000 0.00000000000 0.00000000000 0.00000000000
