# Number of parameters = 80 Objective function value = 20048.6968612173  Maximum gradient component = 0.000819776932230021
# srv_sel50:
2.67950904641
# srv_sel95:
6.21138839555
# stNatLen:
 12.1059566088 10.2895082236 8.88484180898 7.88906126669 7.17052116810 6.63301518437 6.21807786868 5.89122375456 5.63127273676 5.42463860646 5.26231246233 5.13820095579 5.04817414887 4.98950592666 4.96054535883
# log_avg_fmort_dir:
0.533309300469
# fmort_dir_dev:
 -0.367177094382 -0.0808389473417 0.167090021669 0.0365823432356 -0.174257672594 0.000825912684660 0.0434549239577 -0.128502161948 -0.382519530487 -0.347022956525 -0.155669000805 -0.204463345307 -0.0430147164656 0.0875809180357 0.169861267746 0.237637442244 0.170465518955 0.100634031580 0.181471736185 0.120749340835 0.120174215884 0.0229432692601 -0.00467116730459 0.0479414791965 -0.0412394909896 0.00993786896065 -0.0532823951499 -0.0275158795722 0.492824068441
# mean_log_rec:
14.6708076107
# rec_dev:
 -2.19167728245 -2.27723944853 -2.23863765032 -1.70867460984 -1.46436740302 -1.44399153537 -1.03307116250 -0.431689660054 -0.0315382583598 0.152522179371 0.339823662303 0.583050241569 0.712032584319 0.634293886901 0.541893153240 0.417088806856 0.433737806956 0.513558079071 0.443654868871 0.501810044924 0.623327372711 0.703649176840 0.819939564820 0.938143255922 0.932540455686 0.890751477077 0.853705754359 0.892682331163 0.892682307485
# log_avg_NatM:
0.486569622123
# m_dev:
 0.00000000000 0.00000000000 0.00000000000 0.00000000000 0.00000000000 0.00000000000 0.00000000000 0.00000000000 0.00000000000 0.00000000000 0.00000000000 0.00000000000 0.00000000000 0.00000000000 0.00000000000 0.00000000000 0.00000000000 0.00000000000 0.00000000000 0.00000000000 0.00000000000 0.00000000000 0.00000000000 0.00000000000 0.00000000000 0.00000000000 0.00000000000 0.00000000000 0.00000000000
# log_avg_GrowthK:
-1.02151300000
# log_avg_Linf:
3.36611700000
# GrowthK_dev:
 0.00000000000 0.00000000000 0.00000000000 0.00000000000 0.00000000000 0.00000000000 0.00000000000 0.00000000000 0.00000000000 0.00000000000 0.00000000000 0.00000000000 0.00000000000 0.00000000000 0.00000000000 0.00000000000 0.00000000000 0.00000000000 0.00000000000 0.00000000000 0.00000000000 0.00000000000 0.00000000000 0.00000000000 0.00000000000 0.00000000000 0.00000000000 0.00000000000 0.00000000000
# Linf_dev:
 0.00000000000 0.00000000000 0.00000000000 0.00000000000 0.00000000000 0.00000000000 0.00000000000 0.00000000000 0.00000000000 0.00000000000 0.00000000000 0.00000000000 0.00000000000 0.00000000000 0.00000000000 0.00000000000 0.00000000000 0.00000000000 0.00000000000 0.00000000000 0.00000000000 0.00000000000 0.00000000000 0.00000000000 0.00000000000 0.00000000000 0.00000000000 0.00000000000 0.00000000000
# SelPars50:
2.35378609141
# SelPars95:
5.04296911445
# SelPars_dev50:
 0.00000000000 0.00000000000 0.00000000000 0.00000000000 0.00000000000 0.00000000000 0.00000000000 0.00000000000 0.00000000000 0.00000000000 0.00000000000 0.00000000000 0.00000000000 0.00000000000 0.00000000000 0.00000000000 0.00000000000 0.00000000000 0.00000000000 0.00000000000 0.00000000000 0.00000000000 0.00000000000 0.00000000000 0.00000000000 0.00000000000 0.00000000000 0.00000000000 0.00000000000
# SelPars_dev95:
 0.00000000000 0.00000000000 0.00000000000 0.00000000000 0.00000000000 0.00000000000 0.00000000000 0.00000000000 0.00000000000 0.00000000000 0.00000000000 0.00000000000 0.00000000000 0.00000000000 0.00000000000 0.00000000000 0.00000000000 0.00000000000 0.00000000000 0.00000000000 0.00000000000 0.00000000000 0.00000000000 0.00000000000 0.00000000000 0.00000000000 0.00000000000 0.00000000000 0.00000000000
