# Number of parameters = 77 Objective function value = 23464.9835446695  Maximum gradient component = 55.3625513433963
# srv_sel50:
0.999721214396
# srv_sel95:
1.00191925779
# stNatLen:
 11.1463428183 10.1586853906 8.69327953817 7.54079094349 6.71646386820 6.11516633536 5.66105455482 5.30863865025 5.03097411162 4.81159673395 4.63984342468 4.50882782798 4.41388180286 4.35197261286 4.32141581228
# log_avg_fmort_dir:
0.646710312447
# fmort_dir_dev:
 -0.706673083099 -0.358550675527 -0.311562520963 -0.277504887228 -0.123193361821 -0.195872889913 -0.278143158619 -0.167359885671 -0.0757584111610 -0.0874025641965 -0.0183516722968 0.0289100535872 0.0359054957265 0.168312240514 0.0928244092897 0.186110728207 0.0230562588738 0.0850130897983 0.152625404213 0.167207355878 0.194043834619 0.216010469873 0.275808427192 0.198565426060 0.384501915347 0.332008958153 0.215023615989 -0.155554572825
# mean_log_rec:
13.3350114514
# rec_dev:
 -2.19640851766 -1.79404487245 -1.49348894064 -1.60620672432 -1.43226606439 -1.04426539426 -0.601980151687 -0.389220666719 -0.130623827558 0.0997833708999 0.323934149840 0.629063100576 0.669129722239 0.373683299921 0.200674378498 0.167699914526 0.340250436237 0.433924640008 0.466744810224 0.520232760816 0.610056478022 0.689869388353 0.804803643877 0.922643603937 0.843537373352 0.793998618630 0.899242617924 0.899232851790
# log_avg_NatM:
-1.36448700000
# m_dev:
 0.00000000000 0.00000000000 0.00000000000 0.00000000000 0.00000000000 0.00000000000 0.00000000000 0.00000000000 0.00000000000 0.00000000000 0.00000000000 0.00000000000 0.00000000000 0.00000000000 0.00000000000 0.00000000000 0.00000000000 0.00000000000 0.00000000000 0.00000000000 0.00000000000 0.00000000000 0.00000000000 0.00000000000 0.00000000000 0.00000000000 0.00000000000 0.00000000000
# log_avg_GrowthK:
-1.20372700000
# log_avg_Linf:
3.45755400000
# GrowthK_dev:
 0.00000000000 0.00000000000 0.00000000000 0.00000000000 0.00000000000 0.00000000000 0.00000000000 0.00000000000 0.00000000000 0.00000000000 0.00000000000 0.00000000000 0.00000000000 0.00000000000 0.00000000000 0.00000000000 0.00000000000 0.00000000000 0.00000000000 0.00000000000 0.00000000000 0.00000000000 0.00000000000 0.00000000000 0.00000000000 0.00000000000 0.00000000000 0.00000000000
# Linf_dev:
 0.00000000000 0.00000000000 0.00000000000 0.00000000000 0.00000000000 0.00000000000 0.00000000000 0.00000000000 0.00000000000 0.00000000000 0.00000000000 0.00000000000 0.00000000000 0.00000000000 0.00000000000 0.00000000000 0.00000000000 0.00000000000 0.00000000000 0.00000000000 0.00000000000 0.00000000000 0.00000000000 0.00000000000 0.00000000000 0.00000000000 0.00000000000 0.00000000000
# SelPars50:
1.04955514420
# SelPars95:
1.23561165779
# SelPars_dev50:
 0.00000000000 0.00000000000 0.00000000000 0.00000000000 0.00000000000 0.00000000000 0.00000000000 0.00000000000 0.00000000000 0.00000000000 0.00000000000 0.00000000000 0.00000000000 0.00000000000 0.00000000000 0.00000000000 0.00000000000 0.00000000000 0.00000000000 0.00000000000 0.00000000000 0.00000000000 0.00000000000 0.00000000000 0.00000000000 0.00000000000 0.00000000000 0.00000000000
# SelPars_dev95:
 0.00000000000 0.00000000000 0.00000000000 0.00000000000 0.00000000000 0.00000000000 0.00000000000 0.00000000000 0.00000000000 0.00000000000 0.00000000000 0.00000000000 0.00000000000 0.00000000000 0.00000000000 0.00000000000 0.00000000000 0.00000000000 0.00000000000 0.00000000000 0.00000000000 0.00000000000 0.00000000000 0.00000000000 0.00000000000 0.00000000000 0.00000000000 0.00000000000
