# Number of parameters = 77 Objective function value = 21654.8462283312  Maximum gradient component = 8.49833885528813e-05
# srv_sel50:
1.03613654640
# srv_sel95:
1.88300535482
# stNatLen:
 10.6875977148 10.6662266185 8.94127796882 7.65948074559 6.83149085567 6.26375737721 5.84477398489 5.52257270575 5.26982801451 5.07059985087 4.91493483965 4.79635473292 4.71057197478 4.65478680083 4.62727565488
# log_avg_fmort_dir:
0.742001951305
# fmort_dir_dev:
 -0.521271474403 -0.621419689498 -0.734687920424 -0.628064577832 -0.521332967662 -0.416728714588 -0.345762861228 -0.172327369334 -0.0936165125941 -0.0944491321095 -0.0584178755523 -0.0960289442234 0.0736162351906 -0.0727084146237 0.0908503331748 0.186849061722 0.229824198220 0.105132297215 0.370886161451 0.303338825945 0.407199960879 0.350895578120 0.389449592533 0.419746766568 0.441166989450 0.450877680627 0.392056658855 0.164926114123
# mean_log_rec:
13.2657586593
# rec_dev:
 -2.30355408469 -1.75002287922 -1.53960215540 -1.34430183182 -1.06236136346 -0.893272884453 -0.702449696455 -0.502054223958 -0.140042130966 -0.0464339028627 0.194775436451 0.593399652890 0.629543689532 0.492762371462 0.442290854007 0.399226389039 0.441180810194 0.517755481683 0.358616967147 0.480229294769 0.582190957048 0.623122488644 0.773176779078 0.806755229900 0.773482083176 0.718620546612 0.728483056891 0.728483064775
# log_avg_NatM:
-1.37331700000
# m_dev:
 0.00000000000 0.00000000000 0.00000000000 0.00000000000 0.00000000000 0.00000000000 0.00000000000 0.00000000000 0.00000000000 0.00000000000 0.00000000000 0.00000000000 0.00000000000 0.00000000000 0.00000000000 0.00000000000 0.00000000000 0.00000000000 0.00000000000 0.00000000000 0.00000000000 0.00000000000 0.00000000000 0.00000000000 0.00000000000 0.00000000000 0.00000000000 0.00000000000
# log_avg_GrowthK:
-1.18630400000
# log_avg_Linf:
3.44583300000
# GrowthK_dev:
 0.00000000000 0.00000000000 0.00000000000 0.00000000000 0.00000000000 0.00000000000 0.00000000000 0.00000000000 0.00000000000 0.00000000000 0.00000000000 0.00000000000 0.00000000000 0.00000000000 0.00000000000 0.00000000000 0.00000000000 0.00000000000 0.00000000000 0.00000000000 0.00000000000 0.00000000000 0.00000000000 0.00000000000 0.00000000000 0.00000000000 0.00000000000 0.00000000000
# Linf_dev:
 0.00000000000 0.00000000000 0.00000000000 0.00000000000 0.00000000000 0.00000000000 0.00000000000 0.00000000000 0.00000000000 0.00000000000 0.00000000000 0.00000000000 0.00000000000 0.00000000000 0.00000000000 0.00000000000 0.00000000000 0.00000000000 0.00000000000 0.00000000000 0.00000000000 0.00000000000 0.00000000000 0.00000000000 0.00000000000 0.00000000000 0.00000000000 0.00000000000
# SelPars50:
1.29901537826
# SelPars95:
2.02006866225
# SelPars_dev50:
 0.00000000000 0.00000000000 0.00000000000 0.00000000000 0.00000000000 0.00000000000 0.00000000000 0.00000000000 0.00000000000 0.00000000000 0.00000000000 0.00000000000 0.00000000000 0.00000000000 0.00000000000 0.00000000000 0.00000000000 0.00000000000 0.00000000000 0.00000000000 0.00000000000 0.00000000000 0.00000000000 0.00000000000 0.00000000000 0.00000000000 0.00000000000 0.00000000000
# SelPars_dev95:
 0.00000000000 0.00000000000 0.00000000000 0.00000000000 0.00000000000 0.00000000000 0.00000000000 0.00000000000 0.00000000000 0.00000000000 0.00000000000 0.00000000000 0.00000000000 0.00000000000 0.00000000000 0.00000000000 0.00000000000 0.00000000000 0.00000000000 0.00000000000 0.00000000000 0.00000000000 0.00000000000 0.00000000000 0.00000000000 0.00000000000 0.00000000000 0.00000000000
