# Number of parameters = 78 Objective function value = 25112.9761056146  Maximum gradient component = 0.000367933580343691
# srv_sel50:
1.74164216273
# srv_sel95:
4.49800414842
# stNatLen:
 11.2211379734 9.62692359545 8.27515461545 7.32147883056 6.62974770439 6.10832815627 5.70355511701 5.38344196568 5.12812299319 4.92475033186 4.76474791181 4.64228325474 4.55338630781 4.49542895921 4.46681773892
# log_avg_fmort_dir:
0.572517216682
# fmort_dir_dev:
 -0.437471800771 -0.127714444968 -0.238421199587 -0.160360376882 -0.141100525276 -0.121300240606 0.0942147954014 0.0209266356396 -0.116398411421 -0.181177010957 -0.223971161336 -0.122072043991 -0.0853157241042 0.116825966658 0.234323863953 0.133353514900 0.107496072400 0.136078050200 0.120094524990 0.120914913765 0.165956331929 0.0506400242635 0.157657052389 -0.0445021589668 0.0594508971691 0.187940779527 0.0956846640821 0.198247011600
# mean_log_rec:
14.3959963034
# rec_dev:
 -2.40799015870 -2.01010976113 -1.83202132922 -1.50984325956 -1.24937061758 -1.03849499363 -0.753341008493 -0.299416845984 0.00627360616469 0.196760486503 0.447724920633 0.746762962527 0.800418328881 0.641670766067 0.539203682110 0.581394872774 0.492621785654 0.451659088887 0.493886520896 0.692399990962 0.705778837940 0.661874691553 0.814756542680 0.869346342529 0.725650701038 0.499330302622 0.366536771267 0.366536772609
# log_avg_NatM:
0.318348337401
# m_dev:
 0.00000000000 0.00000000000 0.00000000000 0.00000000000 0.00000000000 0.00000000000 0.00000000000 0.00000000000 0.00000000000 0.00000000000 0.00000000000 0.00000000000 0.00000000000 0.00000000000 0.00000000000 0.00000000000 0.00000000000 0.00000000000 0.00000000000 0.00000000000 0.00000000000 0.00000000000 0.00000000000 0.00000000000 0.00000000000 0.00000000000 0.00000000000 0.00000000000
# log_avg_GrowthK:
-1.02151300000
# log_avg_Linf:
3.36611700000
# GrowthK_dev:
 0.00000000000 0.00000000000 0.00000000000 0.00000000000 0.00000000000 0.00000000000 0.00000000000 0.00000000000 0.00000000000 0.00000000000 0.00000000000 0.00000000000 0.00000000000 0.00000000000 0.00000000000 0.00000000000 0.00000000000 0.00000000000 0.00000000000 0.00000000000 0.00000000000 0.00000000000 0.00000000000 0.00000000000 0.00000000000 0.00000000000 0.00000000000 0.00000000000
# Linf_dev:
 0.00000000000 0.00000000000 0.00000000000 0.00000000000 0.00000000000 0.00000000000 0.00000000000 0.00000000000 0.00000000000 0.00000000000 0.00000000000 0.00000000000 0.00000000000 0.00000000000 0.00000000000 0.00000000000 0.00000000000 0.00000000000 0.00000000000 0.00000000000 0.00000000000 0.00000000000 0.00000000000 0.00000000000 0.00000000000 0.00000000000 0.00000000000 0.00000000000
# SelPars50:
2.12038793145
# SelPars95:
3.92874845935
# SelPars_dev50:
 0.00000000000 0.00000000000 0.00000000000 0.00000000000 0.00000000000 0.00000000000 0.00000000000 0.00000000000 0.00000000000 0.00000000000 0.00000000000 0.00000000000 0.00000000000 0.00000000000 0.00000000000 0.00000000000 0.00000000000 0.00000000000 0.00000000000 0.00000000000 0.00000000000 0.00000000000 0.00000000000 0.00000000000 0.00000000000 0.00000000000 0.00000000000 0.00000000000
# SelPars_dev95:
 0.00000000000 0.00000000000 0.00000000000 0.00000000000 0.00000000000 0.00000000000 0.00000000000 0.00000000000 0.00000000000 0.00000000000 0.00000000000 0.00000000000 0.00000000000 0.00000000000 0.00000000000 0.00000000000 0.00000000000 0.00000000000 0.00000000000 0.00000000000 0.00000000000 0.00000000000 0.00000000000 0.00000000000 0.00000000000 0.00000000000 0.00000000000 0.00000000000
