# Number of parameters = 80 Objective function value = 21667.1223101433  Maximum gradient component = 0.0270347489319308
# srv_sel50:
1.14797037260
# srv_sel95:
2.38608720366
# stNatLen:
 11.4812350928 10.7803831042 8.87415180686 7.58038688538 6.74015420324 6.15115614136 5.70977227066 5.36685018126 5.09591261396 4.88121414033 4.71277678338 4.58404014924 4.49064220874 4.42974851358 4.39969241884
# log_avg_fmort_dir:
0.652358946104
# fmort_dir_dev:
 -1.08836075758 -0.730221701690 -0.665187077922 -0.651930493965 -0.452187456662 -0.430736851765 -0.345068405845 -0.204784853093 -0.187162338750 -0.178200075323 -0.0449151427066 0.0196143477883 -0.0205810663695 0.0998199686105 0.0667439454623 0.155269646228 0.222540892404 0.290271221257 0.298178473954 0.296646655537 0.374916343612 0.417874540058 0.485169605314 0.545428882031 0.487113228311 0.603338213618 0.467648595516 0.537490744524 -0.368729082551
# mean_log_rec:
13.6329888346
# rec_dev:
 -1.90636320331 -1.80244709301 -1.67076391757 -1.36602261111 -1.24730474928 -1.12318921952 -0.790096315952 -0.475442493157 -0.245492311340 -0.0974897358742 0.255960774945 0.657331102158 0.675275639422 0.412829971592 0.322596646677 0.415769826716 0.404697874049 0.384636450686 0.446081899792 0.472389289328 0.466675600136 0.565939727589 0.695447846457 0.794011234002 0.756809130547 0.649777794313 0.678413758572 0.834983541581 0.834983541557
# log_avg_NatM:
-0.578500998666
# m_dev:
 0.00000000000 0.00000000000 0.00000000000 0.00000000000 0.00000000000 0.00000000000 0.00000000000 0.00000000000 0.00000000000 0.00000000000 0.00000000000 0.00000000000 0.00000000000 0.00000000000 0.00000000000 0.00000000000 0.00000000000 0.00000000000 0.00000000000 0.00000000000 0.00000000000 0.00000000000 0.00000000000 0.00000000000 0.00000000000 0.00000000000 0.00000000000 0.00000000000 0.00000000000
# log_avg_GrowthK:
-1.18630400000
# log_avg_Linf:
3.44583300000
# GrowthK_dev:
 0.00000000000 0.00000000000 0.00000000000 0.00000000000 0.00000000000 0.00000000000 0.00000000000 0.00000000000 0.00000000000 0.00000000000 0.00000000000 0.00000000000 0.00000000000 0.00000000000 0.00000000000 0.00000000000 0.00000000000 0.00000000000 0.00000000000 0.00000000000 0.00000000000 0.00000000000 0.00000000000 0.00000000000 0.00000000000 0.00000000000 0.00000000000 0.00000000000 0.00000000000
# Linf_dev:
 0.00000000000 0.00000000000 0.00000000000 0.00000000000 0.00000000000 0.00000000000 0.00000000000 0.00000000000 0.00000000000 0.00000000000 0.00000000000 0.00000000000 0.00000000000 0.00000000000 0.00000000000 0.00000000000 0.00000000000 0.00000000000 0.00000000000 0.00000000000 0.00000000000 0.00000000000 0.00000000000 0.00000000000 0.00000000000 0.00000000000 0.00000000000 0.00000000000 0.00000000000
# SelPars50:
1.04895854595
# SelPars95:
1.17593911531
# SelPars_dev50:
 0.00000000000 0.00000000000 0.00000000000 0.00000000000 0.00000000000 0.00000000000 0.00000000000 0.00000000000 0.00000000000 0.00000000000 0.00000000000 0.00000000000 0.00000000000 0.00000000000 0.00000000000 0.00000000000 0.00000000000 0.00000000000 0.00000000000 0.00000000000 0.00000000000 0.00000000000 0.00000000000 0.00000000000 0.00000000000 0.00000000000 0.00000000000 0.00000000000 0.00000000000
# SelPars_dev95:
 0.00000000000 0.00000000000 0.00000000000 0.00000000000 0.00000000000 0.00000000000 0.00000000000 0.00000000000 0.00000000000 0.00000000000 0.00000000000 0.00000000000 0.00000000000 0.00000000000 0.00000000000 0.00000000000 0.00000000000 0.00000000000 0.00000000000 0.00000000000 0.00000000000 0.00000000000 0.00000000000 0.00000000000 0.00000000000 0.00000000000 0.00000000000 0.00000000000 0.00000000000
