#Simulated generalized assessment 
# 
#start/end year 
73 100 
#number of ages 
15 
#ages 
1 2 3 4 5 6 7 8 9 10 11 12 13 14 15 
#Number of length bins 
25 
#CPUE years 
28 
#years for CPUE 
73 74 75 76 77 78 79 80 81 82 83 84 85 86 87 88 89 90 91 92 93 94 95 96 97 98 99 100 
#survey years 
28 
#years for survey 
73 74 75 76 77 78 79 80 81 82 83 84 85 86 87 88 89 90 91 92 93 94 95 96 97 98 99 100 
#length freq from catch years 
28 
#years for length freq catch 
73 74 75 76 77 78 79 80 81 82 83 84 85 86 87 88 89 90 91 92 93 94 95 96 97 98 99 100 
#catch length sample sizes 
200 200 200 200 200 200 200 200 200 200 200 200 200 200 200 200 200 200 200 200 200 200 200 200 200 200 200 200 
#length freq from survey years 
28 
#years for length freq survey 
73 74 75 76 77 78 79 80 81 82 83 84 85 86 87 88 89 90 91 92 93 94 95 96 97 98 99 100 
#survey sample sizes 
200 200 200 200 200 200 200 200 200 200 200 200 200 200 200 200 200 200 200 200 200 200 200 200 200 200 200 200 
#total survey biomass 
14426.44 12431.47 24013.43 24797.21 30365.81 31865.12 35140.84 67216.78 86810.92 46310.17 83836.21 89843.49 116422.9 100301.2 106427 126909.7 99468.69 99734.68 85220.78 118546.8 90031.92 105938.8 150491.6 108243.2 96986.99 122259.7 124444.6 88837.7 
#survey CV 
0.2 0.2 0.2 0.2 0.2 0.2 0.2 0.2 0.2 0.2 0.2 0.2 0.2 0.2 0.2 0.2 0.2 0.2 0.2 0.2 0.2 0.2 0.2 0.2 0.2 0.2 0.2 0.2 
#total CPUE 
15845.46 15825.57 17405.48 18482.14 22538.79 39637.34 28707.88 43004.94 55410.57 70186.01 65653.44 88856.54 66208.7 110267.7 102762 104178.3 115599 106917.1 80799.21 124630.5 102902 123141.9 81385.16 144928.2 99723.08 160890.9 158734.1 148200.2 
#CPUE CV 
0.2 0.2 0.2 0.2 0.2 0.2 0.2 0.2 0.2 0.2 0.2 0.2 0.2 0.2 0.2 0.2 0.2 0.2 0.2 0.2 0.2 0.2 0.2 0.2 0.2 0.2 0.2 0.2 
#total catch biomass 
10127.24 10393.53 11992.56 14592.05 15736.02 18741.65 26565.6 25459.82 38310.37 43130.14 58457.48 50972.71 59256 65613.45 77520 82134.78 77201.5 73343.73 76512.79 80231.48 99602.23 81498.59 89778.67 113882.1 76485.39 101493.1 82002.9 90411.49 
#catch CV 
0.1 0.1 0.1 0.1 0.1 0.1 0.1 0.1 0.1 0.1 0.1 0.1 0.1 0.1 0.1 0.1 0.1 0.1 0.1 0.1 0.1 0.1 0.1 0.1 0.1 0.1 0.1 0.1 
#Length Bins 
0.7268801 2.18064 3.634401 5.088161 6.541921 7.995682 9.449442 10.9032 12.35696 13.81072 15.26448 16.71824 18.172 19.62576 21.07952 22.53328 23.98704 25.44081 26.89457 28.34833 29.80209 31.25585 32.70961 34.16337 35.61713 
#catch length counts 
5.591251e-07 6.071441e-05 0.003886988 0.1467148 3.264955 42.8391 331.4742 1514.048 4102.861 6759.646 7528.495 7567.546 8347.637 8177.008 6325.704 4151.004 2354.605 1089.004 400.8837 116.9424 26.37692 4.434333 0.5352225 0.04478608 0.002522675 
8.611924e-07 9.351536e-05 0.005986931 0.2259772 5.028823 65.98127 510.4862 2330.428 6297.348 10230.16 10716.32 9126.119 8470.005 7786.19 6016.472 3994.219 2259.292 1024.796 365.2183 101.8057 21.66861 3.406114 0.3828671 0.02982854 0.001564574 
9.594254e-07 0.0001041823 0.00666984 0.2517539 5.602477 73.50973 568.7975 2598.026 7038.27 11566.55 12686.34 12105.41 12372.03 11208.93 7812.723 4503.783 2301.279 999.8305 349.6295 95.0759 19.42593 2.886933 0.303257 0.02191237 0.001061824 
1.26147e-06 0.0001369809 0.00876963 0.3310106 7.366228 96.65096 747.8229 3414.887 9239.078 15082.81 16069.36 14176.31 13388.2 11988.28 8726.104 5273.259 2637.694 1034.913 315.9634 76.47677 14.42361 2.018325 0.1998201 0.01351062 0.0006078833 
1.651814e-06 0.0001793676 0.01148327 0.4334373 9.645616 126.559 979.248 4471.922 12100.72 19757.63 21016.03 18320.2 16788.56 14394.15 9870.267 5595.275 2698.001 1048.986 314.3401 71.33774 12.07091 1.495851 0.1327953 0.00819686 0.0003404567 
1.749666e-06 0.0001899931 0.01216353 0.4591144 10.21709 134.0608 1037.415 4740.01 12855.24 21191.21 23345.07 22059.99 21729.29 18993.38 12940.62 7174.013 3319.131 1222.84 347.325 75.24021 12.1313 1.4063 0.113845 0.006296869 0.0002335249 
2.28498e-06 0.000248122 0.01588498 0.5995813 13.34301 175.0751 1354.738 6188.363 16762.11 27460.9 29474.08 26017.47 23914.03 20662.54 14623.69 8533.266 4037.942 1466.22 399.6947 81.69881 12.33116 1.335785 0.1008498 0.005167683 0.0001756272 
2.606829e-06 0.000283071 0.01812246 0.6840358 15.22252 199.7406 1545.731 7063.237 19158.16 31551.02 34443.16 31412.06 29319.07 24706.84 16591.41 9161.939 4216.644 1535.214 423.0469 85.94705 12.54535 1.284252 0.09035634 0.004286219 0.0001344575 
3.651429e-06 0.0003965023 0.02538443 0.9581407 21.32244 279.7791 2165.075 9891.97 26810.05 43978.29 47192.73 41055.77 36295.44 29996.82 20318.45 11297.21 5097.46 1780.706 470.1706 92.61153 13.23088 1.322561 0.08972305 0.00403823 0.0001185224 
4.000502e-06 0.0004344076 0.02781118 1.049741 23.36115 306.5418 2372.56 10846.96 29474.06 48824.72 54104.33 50267.58 46669.41 38251.02 24762.24 13011.99 5611.097 1897.631 484.6309 91.37653 12.39906 1.17693 0.07608659 0.003269343 9.138958e-05 
4.631544e-06 0.0005029313 0.03219814 1.21533 27.04628 354.902 2746.961 12560.02 34136.79 56551.91 62502.45 57427.06 52665.29 43477.97 28946.71 15547.77 6613.95 2133.723 512.2232 90.76462 11.61355 1.039646 0.06322939 0.002550683 6.692101e-05 
6.124863e-06 0.0006650883 0.04257958 1.607181 35.76662 469.3279 3632.492 16605.57 45084.28 74309.82 80456.73 69999.53 59907.1 47158.2 30421.69 15958.88 6686.368 2132.431 501.3587 85.26097 10.26733 0.8557269 0.04830926 0.001809841 4.413467e-05 
6.586047e-06 0.0007151678 0.04578578 1.728208 38.46072 504.716 3907.459 17881.14 48736.87 81456.39 92018.69 86857.91 79095.04 62192.55 38478.63 19065.11 7577.176 2319.038 527.682 87.02226 10.11111 0.8045027 0.04281408 0.001495737 3.377645e-05 
8.539001e-06 0.0009272357 0.05936258 2.24067 49.86518 654.3613 5065.47 23169.21 63013.97 104367.5 114175.5 100284.2 85130.87 65730.62 41382.21 20724.44 8022.648 2309.889 486.5692 74.36732 8.080262 0.6058731 0.03046845 0.001003901 2.12781e-05 
8.673117e-06 0.0009417997 0.06029509 2.275884 50.65017 664.7253 5147.466 23573.43 64395.64 108246.4 123499.6 116800.2 104033.4 79051.96 47137.78 22288.31 8313.215 2344.297 481.6485 70.36378 7.153658 0.4958961 0.02300212 0.0007011592 1.380348e-05 
9.682854e-06 0.001051446 0.0673148 2.540855 56.54755 742.1372 5747.226 26322.7 71906.42 120731.3 136838.5 127283.4 112033.9 86317.17 53162.86 25613.63 9379.153 2521.075 489.0872 67.67041 6.535292 0.4287427 0.01865 0.0005279168 9.584092e-06 
9.528069e-06 0.001034638 0.06623894 2.500265 55.64568 730.3657 5657.735 25937.91 71074.2 120430.4 139527.7 133786.4 119039.2 90280.31 54165.32 25513.97 9221.57 2454.708 466.9654 62.17969 5.68152 0.34936 0.0141999 0.0003752225 6.348296e-06 
1.038341e-05 0.001127518 0.07218532 2.724726 60.64173 795.9544 6165.989 28267.32 77416.9 130767.1 149628.3 139466.2 120646.5 90711.12 54587.78 25597.43 9066.997 2342.902 431.7777 55.67688 4.90802 0.2888094 0.0111195 0.0002757329 4.348554e-06 
9.788749e-06 0.001062947 0.06805168 2.568735 57.17281 750.5437 5817.234 26712.96 73541.76 126120.5 149609.1 146873.4 130771.8 97659.08 57428.29 26297.76 9144.912 2324.888 419.4785 52.47441 4.449465 0.2503815 0.009180144 0.0002159006 3.214169e-06 
1.222488e-05 0.001327483 0.08498766 3.208001 71.39974 937.2377 7262.005 33307.42 91283.96 154106.2 174768.9 158140.6 131338.6 96148.24 56914.23 26050.2 8880.831 2184.62 379.7236 45.72107 3.725514 0.200729 0.007012615 0.0001563932 2.198934e-06 
1.259254e-05 0.001367411 0.08754459 3.304601 73.55567 965.7818 7489.081 34432.81 95065.35 163842.7 194806.3 188105.4 160514.1 113583.7 63103.92 27288.51 8978.559 2159.038 366.1765 42.61142 3.32433 0.1704444 0.005646761 0.0001191397 1.581249e-06 
1.244729e-05 0.00135164 0.0865352 3.266529 72.71002 954.7352 7404.379 34050.74 94017.29 161798.7 191007.8 181640.3 153101.3 108221.5 59812.89 25040.1 7727.389 1715.475 269.2304 29.30441 2.157754 0.1047619 0.003282608 6.530565e-05 8.147952e-07 
1.337787e-05 0.001452694 0.09300557 3.510842 78.15252 1026.356 7963.107 36659.53 101487.6 175652 209246.2 200292.7 168408.6 118328.2 65187.4 27244.47 8354.135 1818.297 274.2015 28.11997 1.927103 0.08676328 0.002525185 4.680859e-05 5.454277e-07 
1.451023e-05 0.001575659 0.1008788 3.808115 84.77386 1113.443 8641.207 39805.79 110321.2 191153.7 227193.8 214799.3 176590 120944.4 64836.49 26300.74 7819.256 1649.997 240.7269 23.7372 1.549075 0.06569093 0.00178349 3.06327e-05 3.295871e-07 
1.351951e-05 0.001468086 0.09399318 3.548345 79.00085 1037.973 8062.995 37234.67 103858.1 182682.5 223298 217827.1 181035.3 122169.4 63505.09 24763.41 7047.101 1420.478 197.6906 18.57048 1.152425 0.04634099 0.00118821 1.917791e-05 1.928665e-07 
1.516196e-05 0.001646444 0.1054129 3.979499 88.60192 1164.146 9042.767 41742.17 116203.9 202974.2 243607.4 230938.6 188124.4 126805.1 66193.92 25622.23 7113.636 1379.276 182.9286 16.28103 0.9538964 0.03613379 0.0008713428 1.320661e-05 1.245171e-07 
1.88672e-05 0.002048804 0.1311748 4.952121 110.2601 1448.779 11253.9 51935.04 144343.8 250449.6 294429.3 267058.5 204896.5 130328.3 64828.05 24176.52 6516.038 1226.596 156.8811 13.33642 0.7397496 0.02635681 0.0005952888 8.428899e-06 7.412649e-08 
2.038598e-05 0.002213758 0.1417407 5.351467 119.1783 1566.86 12188.97 56457.07 158309.4 280102.9 340821.2 320696.5 248141.5 153063.9 71945.32 25104.68 6338.666 1124.306 136.229 10.99958 0.579099 0.01952091 0.0004152955 5.514116e-06 4.529782e-08 
#survey length counts 
1.529465e-06 0.0001660819 0.0106327 0.401332 8.931087 117.1799 906.5473 4137.307 11164.75 18023.01 18381.21 14472.93 12210.4 10800.15 8286.218 5520.548 3162.985 1462.143 533.6154 153.2743 33.84611 5.556832 0.656615 0.05409109 0.003014859 
1.555772e-06 0.0001689385 0.01081558 0.4082352 9.084743 119.1982 922.2444 4210.781 11386.86 18563.38 19736.71 17482.53 16727.82 14890.19 10381.11 6009.58 3105.589 1375.173 493.2701 138.5164 29.42045 4.574067 0.505734 0.03867722 0.001993191 
1.980996e-06 0.0002151129 0.01377171 0.5198142 11.56778 151.7765 1174.27 5360.602 14483.4 23502.59 24459.33 20308.14 18018.59 15817.68 11516.68 7017.819 3569.604 1431.557 448.3052 111.9698 21.96283 3.21975 0.3360153 0.02407396 0.001152855 
2.609843e-06 0.0002833983 0.01814339 0.6848241 15.23987 199.9574 1547.061 7062.79 19085.76 30984.09 32245.36 26598.23 23043.95 19429.7 13344.71 7625.021 3736.835 1487.307 458.7261 107.7575 18.98479 2.464747 0.230709 0.0151026 0.0006683508 
2.684951e-06 0.0002915541 0.01866554 0.7045333 15.67854 205.7175 1591.779 7270.081 19684.02 32226.3 34652.88 31075.07 29351.45 25456.31 17428.97 9761.639 4598.925 1736.435 508.0004 114.0542 19.18696 2.334663 0.1994598 0.01170181 0.0004624337 
3.423627e-06 0.0003717657 0.02380075 0.8983624 19.99196 262.3122 2029.628 9268.287 25071.55 40858.05 43046.13 36407.74 32187.21 27566.18 19608.01 11588.37 5601.199 2089.307 587.7158 124.6781 19.65589 2.2375 0.1784917 0.009710469 0.0003518059 
3.924421e-06 0.000426146 0.02728224 1.029772 22.91642 300.6887 2326.728 10628.12 28784.85 47134.9 50485.89 44251.78 40037.97 33607.41 22719.47 12701.46 5967.481 2233.774 636.6041 134.5753 20.55888 2.21451 0.1647781 0.008305139 0.0002779214 
5.259244e-06 0.0005710921 0.03656181 1.380031 30.71104 402.9624 3118.087 14241.76 38552.79 62957.2 66578.97 56161.85 48418.08 39926.61 27265.9 15389.13 7105.5 2554.863 697.9878 143.184 21.44482 2.259993 0.1624089 0.007774618 0.0002435605 
5.642323e-06 0.00061269 0.03922496 1.480556 32.94835 432.3327 3345.812 15290.58 41488.29 68374.29 74621.42 67489.72 61697.83 50758.26 33202.1 17719.97 7822.577 2726.504 721.7626 141.9399 20.21269 2.024849 0.1388401 0.006353993 0.0001898108 
6.3187e-06 0.0006861366 0.04392709 1.65804 36.89822 484.1666 3747.103 17126.69 46486.7 76665.67 83665.82 75268.42 68312.96 56714.63 38219.01 20913.96 9133.797 3041.736 757.554 140.1349 18.83954 1.782073 0.1150754 0.00494892 0.0001388906 
8.431894e-06 0.0009156047 0.05861785 2.212547 49.23827 646.0862 5000.108 22850.05 61967.72 101758.5 109049.8 93245.85 79120.65 62679.74 40952.32 21897.84 9426.979 3108.657 759.9348 135.1686 17.12306 1.509196 0.09053129 0.00361873 9.447237e-05 
8.600602e-06 0.0009339247 0.05979078 2.256828 50.22451 659.0683 5101.822 23337.05 63520.54 105728.1 118280.3 110366.7 100592.7 80027.82 50260.54 25407.32 10381.6 3288.017 778.8398 134.5487 16.47304 1.388082 0.07857158 0.002930561 7.087846e-05 
1.116749e-05 0.001212659 0.0776356 2.930387 65.21398 855.7521 6623.78 30286.58 82282.42 135852.5 147531.6 128421.2 109149.5 85279.5 54590.63 27979.65 11165.41 3331.516 730.9864 117.0941 13.41736 1.066675 0.05712288 0.002011453 4.569545e-05 
1.131398e-05 0.001228566 0.07865411 2.968848 66.07136 867.0734 6713.447 30731.07 83832.7 140396.1 158999.2 149532.8 134086.2 103418.3 62755.29 30359.57 11676.63 3417.959 733.1461 112.4593 12.06977 0.8875847 0.04386751 0.001430153 3.020371e-05 
1.240771e-05 0.001347333 0.08625779 3.255861 72.45927 950.9228 7363.062 33708.8 91968.5 153926.6 173462.6 160877 142818.6 111801.4 70221.08 34725.08 13142.4 3670.732 743.9211 108.1803 11.0442 0.7696206 0.03570159 0.001081323 2.106496e-05 
1.226826e-05 0.001332191 0.08528854 3.219297 71.64715 940.3378 7283.036 33372.33 91319.14 154228.6 177785.6 170420.9 153374.7 118355.8 72456.3 35044.43 13104.26 3631.255 723.1419 101.3642 9.800273 0.6405797 0.0277876 0.0007862937 1.428443e-05 
1.360243e-05 0.001477066 0.09456369 3.569405 79.43952 1042.627 8075.515 37003.5 101213.6 170470.5 194254.7 181197.4 158643.6 121467.2 74704.41 36036.93 13224.08 3560.635 687.6927 93.47969 8.732417 0.5469004 0.02249134 0.0005975527 1.0123e-05 
1.274662e-05 0.001384137 0.08861458 3.344891 74.44598 977.2261 7572.535 34752.65 95532.78 163338.6 193139 190342.6 172033.6 131004.3 78784.65 37136.69 13392.58 3553.254 673.0047 88.876 7.995487 0.4793812 0.01879364 0.0004739845 7.584915e-06 
1.610238e-05 0.001748534 0.1119437 4.225472 94.04329 1234.393 9562.754 43839.23 120011.6 202154.1 228753.7 207794.6 175159.4 130898 79411.69 37497.5 13276.5 3411.778 623.171 79.30904 6.865344 0.3945912 0.01475475 0.0003531619 5.341267e-06 
1.575733e-05 0.00171107 0.1095459 4.135053 92.03736 1208.336 9367.689 43044.12 118681.9 204108.9 242586 236257.1 205487 148686.4 84661.26 37759.93 12913.34 3249.392 580.1542 71.45837 5.928738 0.3245719 0.01151973 0.000261087 3.730309e-06 
1.653522e-05 0.001795541 0.1149543 4.339238 96.58409 1268.096 9832.131 45187.4 124601.2 213985.9 252510.6 242097.1 207957.3 150485.2 85454.07 36985.47 11876.14 2759.335 455.9902 52.57697 4.122151 0.2139513 0.007188902 0.0001537452 2.066251e-06 
1.73117e-05 0.001879862 0.1203534 4.543116 101.127 1327.926 10300.02 47387.28 131016.5 226367.3 269866 260936.3 223916.2 161207.1 91335.55 39520.13 12633.02 2883.576 458.5797 49.85752 3.63957 0.1752572 0.00547372 0.0001091715 1.371473e-06 
1.874612e-05 0.002035628 0.1303266 4.919663 109.5132 1438.202 11158.35 51367.6 142190.4 246026.2 292873.3 280031 235242.6 165292.7 91240.77 38357.34 11900.27 2636.812 406.2851 42.53143 2.95961 0.1343128 0.00391416 7.234423e-05 8.393576e-07 
1.800948e-05 0.001955646 0.1252077 4.726608 105.2272 1382.339 10734.12 49531.18 137965.8 242351.2 296965.4 293430.4 249450.2 172834.5 92593.05 37455.75 11134.41 2359.125 347.1216 34.65535 2.295669 0.09888502 0.002723564 4.73259e-05 5.133319e-07 
2.000791e-05 0.002172659 0.1391022 5.251184 116.9079 1535.824 11925.71 55010.71 152957.5 266904.5 321222.5 308475.9 257198.5 178279 96120.68 38671.65 11231.33 2291.557 321.6351 30.45144 1.906116 0.07740811 0.002006674 3.276695e-05 3.334072e-07 
2.507622e-05 0.002723033 0.1743404 6.581528 146.5295 1925.046 14948.42 68938.88 191403.1 331888.1 391449 359878.9 282886.9 185244.6 95249.29 36956.89 10434.87 2070.464 280.6446 25.40444 1.506546 0.05757776 0.001398697 2.134719e-05 2.027038e-07 
2.641526e-05 0.002868471 0.183657 6.933754 154.4018 2029.527 15781.28 73036.67 204565 361837.2 442397 422932.2 335807 213433.6 103769.2 37693.69 9977.307 1867.146 240.05 20.66533 1.164489 0.04214224 0.0009648423 1.381352e-05 1.225545e-07 
2.318241e-05 0.00251745 0.1611893 6.086174 135.5659 1783.235 13891.91 64593.55 182980.3 331901.7 424542.5 428760.4 354355.8 228771 110209.8 38600.04 9610.092 1665.301 197.1966 15.66478 0.8184383 0.02758937 0.0005901413 7.902908e-06 6.556373e-08 
