# Number of parameters = 109 Objective function value = 22409.1556319866  Maximum gradient component = 0.00242578768755683
# srv_sel50:
1.99007363205
# srv_sel95:
3.44405707960
# stNatLen:
 11.4348205812 10.9212512694 9.35338497120 8.11391327850 7.27838300166 6.69117667954 6.25097145956 5.90886722914 5.63850961460 5.42422523969 5.25608054905 5.12754330283 5.03426945328 4.97343600062 4.94336566823
# log_avg_fmort_dir:
0.827885467344
# fmort_dir_dev:
 -0.428369731372 -0.592740527157 -0.640332272566 -0.567900381265 -0.446285382076 -0.373404995336 -0.300689616142 -0.301263352450 -0.267047980199 -0.224233602644 -0.249165901991 -0.142229498163 -0.154946104368 -0.0619713360938 0.266905310315 0.255461468266 0.270038442544 0.131707920813 0.330125741110 0.306953881036 0.251811343824 0.0827457552182 0.218766145652 0.445475173043 0.440572995206 0.481008459512 0.342057093931 0.380086797736 0.546864153616
# mean_log_rec:
14.6025634785
# rec_dev:
 -2.40121706314 -1.85193744968 -1.70912168653 -1.43409435830 -1.04630892742 -0.970880514468 -0.743808436957 -0.480502746713 -0.0246103944891 0.224034165879 0.377234838234 0.731108075818 0.687133917393 0.150178744687 0.269674142050 0.326559414238 0.351211957763 0.335676171670 0.302222018852 0.600378126750 0.790525423797 0.781648297712 0.709175062308 0.811319389851 0.655315224528 0.672362595935 0.636489718049 0.625117158096 0.625117134085
# log_avg_NatM:
0.203760662973
# m_dev:
 -0.850193939412 -0.283752997081 -0.198133330267 -0.286681893594 -0.306526837314 -0.0565584019306 -0.139667146239 -0.0394647391912 0.00622272398695 -0.0487456867977 0.148324595052 0.100700559885 0.113504922391 0.185676791118 -0.243221208953 -0.0514289751208 0.0365243935031 0.112092510898 0.0393484201211 0.0228422849052 0.141398072127 0.271795382583 0.363010864753 0.150921908113 0.224301903272 0.0560705947984 0.212588365344 0.205429684590 0.113621178461
# log_avg_GrowthK:
-1.18630400000
# log_avg_Linf:
3.44583300000
# GrowthK_dev:
 0.00000000000 0.00000000000 0.00000000000 0.00000000000 0.00000000000 0.00000000000 0.00000000000 0.00000000000 0.00000000000 0.00000000000 0.00000000000 0.00000000000 0.00000000000 0.00000000000 0.00000000000 0.00000000000 0.00000000000 0.00000000000 0.00000000000 0.00000000000 0.00000000000 0.00000000000 0.00000000000 0.00000000000 0.00000000000 0.00000000000 0.00000000000 0.00000000000 0.00000000000
# Linf_dev:
 0.00000000000 0.00000000000 0.00000000000 0.00000000000 0.00000000000 0.00000000000 0.00000000000 0.00000000000 0.00000000000 0.00000000000 0.00000000000 0.00000000000 0.00000000000 0.00000000000 0.00000000000 0.00000000000 0.00000000000 0.00000000000 0.00000000000 0.00000000000 0.00000000000 0.00000000000 0.00000000000 0.00000000000 0.00000000000 0.00000000000 0.00000000000 0.00000000000 0.00000000000
# SelPars50:
1.93648934319
# SelPars95:
3.06025406967
# SelPars_dev50:
 0.00000000000 0.00000000000 0.00000000000 0.00000000000 0.00000000000 0.00000000000 0.00000000000 0.00000000000 0.00000000000 0.00000000000 0.00000000000 0.00000000000 0.00000000000 0.00000000000 0.00000000000 0.00000000000 0.00000000000 0.00000000000 0.00000000000 0.00000000000 0.00000000000 0.00000000000 0.00000000000 0.00000000000 0.00000000000 0.00000000000 0.00000000000 0.00000000000 0.00000000000
# SelPars_dev95:
 0.00000000000 0.00000000000 0.00000000000 0.00000000000 0.00000000000 0.00000000000 0.00000000000 0.00000000000 0.00000000000 0.00000000000 0.00000000000 0.00000000000 0.00000000000 0.00000000000 0.00000000000 0.00000000000 0.00000000000 0.00000000000 0.00000000000 0.00000000000 0.00000000000 0.00000000000 0.00000000000 0.00000000000 0.00000000000 0.00000000000 0.00000000000 0.00000000000 0.00000000000
