#Simulated generalized assessment 
# 
#start/end year 
71 99 
#number of ages 
15 
#ages 
1 2 3 4 5 6 7 8 9 10 11 12 13 14 15 
#Number of length bins 
25 
#CPUE years 
29 
#years for CPUE 
71 72 73 74 75 76 77 78 79 80 81 82 83 84 85 86 87 88 89 90 91 92 93 94 95 96 97 98 99 
#survey years 
29 
#years for survey 
71 72 73 74 75 76 77 78 79 80 81 82 83 84 85 86 87 88 89 90 91 92 93 94 95 96 97 98 99 
#length freq from catch years 
29 
#years for length freq catch 
71 72 73 74 75 76 77 78 79 80 81 82 83 84 85 86 87 88 89 90 91 92 93 94 95 96 97 98 99 
#catch length sample sizes 
200 200 200 200 200 200 200 200 200 200 200 200 200 200 200 200 200 200 200 200 200 200 200 200 200 200 200 200 200 
#length freq from survey years 
29 
#years for length freq survey 
71 72 73 74 75 76 77 78 79 80 81 82 83 84 85 86 87 88 89 90 91 92 93 94 95 96 97 98 99 
#survey sample sizes 
200 200 200 200 200 200 200 200 200 200 200 200 200 200 200 200 200 200 200 200 200 200 200 200 200 200 200 200 200 
#total survey biomass 
7372.953 6359.359 9894.277 15465.49 18312.14 15210.41 23213.97 36191.01 42814.39 57602.4 77045.63 57609.72 106585.4 157116.9 107166.4 89951.38 96796.68 135448 101691.2 90325.91 121871.5 100121.9 96191.42 115961 157396 132399.5 134224.2 99673.39 163980.3 
#survey CV 
0.2 0.2 0.2 0.2 0.2 0.2 0.2 0.2 0.2 0.2 0.2 0.2 0.2 0.2 0.2 0.2 0.2 0.2 0.2 0.2 0.2 0.2 0.2 0.2 0.2 0.2 0.2 0.2 0.2 
#total CPUE 
5816.83 11756.02 9550.649 10280.86 16606.82 12913.12 14844.9 44638.67 58244.16 48384.36 78338.54 110897.3 154320.9 130369.6 123419.8 86034.42 105064.6 136818.5 98165.14 128779.6 105346.9 159345.6 94319.65 167587.2 217084.4 150869.7 160988 153638.8 151501.9 
#CPUE CV 
0.2 0.2 0.2 0.2 0.2 0.2 0.2 0.2 0.2 0.2 0.2 0.2 0.2 0.2 0.2 0.2 0.2 0.2 0.2 0.2 0.2 0.2 0.2 0.2 0.2 0.2 0.2 0.2 0.2 
#total catch biomass 
4952.796 4908.58 5571.221 7392.587 10966.48 14274.21 13015.59 15593.62 24919.67 35255.96 44899.5 60617.75 72688.71 103113.7 111408.3 92495.58 80292.81 88299.59 84526.72 83043.17 86307.11 89392.51 91392.75 98488.13 99155.01 113565.9 111305.8 92026.98 1.231453 
#catch CV 
0.05 0.05 0.05 0.05 0.05 0.05 0.05 0.05 0.05 0.05 0.05 0.05 0.05 0.05 0.05 0.05 0.05 0.05 0.05 0.05 0.05 0.05 0.05 0.05 0.05 0.05 0.05 0.05 0.05 
#Length Bins 
0.7268035 2.18041 3.634017 5.087624 6.541231 7.994838 9.448445 10.90205 12.35566 13.80927 15.26287 16.71648 18.17009 19.62369 21.0773 22.53091 23.98451 25.43812 26.89173 28.34534 29.79894 31.25255 32.70616 34.15976 35.61337 
#catch length counts 
5.450072e-37 7.56434e-29 1.269075e-21 2.573659e-15 6.309021e-10 1.869478e-05 0.06696167 28.99209 1517.331 9599.081 7354.471 1475.785 5495.81 4670.038 1435.422 1161.516 382.12 132.2671 29.18905 3.905445 0.2308774 0.004333957 1.903268e-05 1.564984e-08 2.086394e-12 
5.630774e-37 7.815143e-29 1.311152e-21 2.658991e-15 6.518202e-10 1.931463e-05 0.06918185 29.95335 1567.639 9917.353 7600.294 1583.847 5738.251 4619.275 1469.508 1122.722 357.9653 115.9567 23.4752 2.745195 0.1338759 0.001955322 6.405479e-06 3.829891e-09 3.657574e-13 
8.237234e-37 1.143274e-28 1.918079e-21 3.889826e-15 9.53545e-10 2.825528e-05 0.1012058 43.81863 2293.292 14508.04 11112.91 1960.246 5713.183 4340.783 1407.911 1004.089 312.0924 94.49505 17.46276 1.769982 0.07068478 0.000800486 1.95296e-06 8.482552e-10 5.802344e-14 
1.194788e-36 1.658287e-28 2.78212e-21 5.642083e-15 1.38309e-09 4.09835e-05 0.1467962 63.55769 3326.357 21043.53 16124.58 3022.56 8786.655 6223.422 1626.43 982.1499 295.2321 83.2023 14.03087 1.224797 0.03974191 0.0003474077 6.306699e-07 1.990944e-10 9.760192e-15 
1.796245e-36 2.49307e-28 4.182642e-21 8.482314e-15 2.079339e-09 6.161463e-05 0.2206936 95.5527 5000.848 31636.88 24245.77 4570.405 12477.96 8311.043 2286.054 1263.44 296.0451 69.8062 10.59467 0.7930402 0.02079177 0.0001396493 1.883055e-07 4.3228e-11 1.520934e-15 
1.974606e-36 2.740624e-28 4.597965e-21 9.32458e-15 2.285811e-09 6.773276e-05 0.2426077 105.0408 5497.416 34778.44 26690.22 6364.05 19429.39 12125.8 3328.982 1695.507 385.8227 74.74523 8.618946 0.5309251 0.01117544 5.751716e-05 5.751709e-08 9.599499e-12 2.42625e-16 
1.428259e-36 1.982329e-28 3.325768e-21 6.744591e-15 1.653357e-09 4.899199e-05 0.1754813 75.97736 3976.353 25155.88 19355.23 6301.328 20889.67 12444.33 4471.828 2234.106 476.4851 83.35057 7.824992 0.3503136 0.005569834 2.175055e-05 1.611725e-08 1.956186e-12 3.553826e-17 
2.991752e-36 4.152354e-28 6.966435e-21 1.412779e-14 3.463262e-09 0.0001026228 0.3675781 159.1486 8329.205 52693.19 40396.87 7334.356 15478.08 8994.041 4578.657 2320.626 582.1836 97.40032 7.86113 0.2704777 0.003018712 8.394786e-06 4.523447e-09 3.982689e-13 5.204859e-18 
4.413017e-36 6.124977e-28 1.027592e-20 2.083936e-14 5.108523e-09 0.0001513749 0.5422002 234.754 12286.09 77726.09 59685.47 13594.03 32014.66 16070.83 3827.693 1673.155 530.5505 96.43745 7.648367 0.2158907 0.001769219 3.384115e-06 1.253648e-09 7.755214e-14 7.2089e-19 
7.04787e-36 9.781979e-28 1.64113e-20 3.328178e-14 8.158638e-09 0.0002417554 0.8659284 374.9171 19621.67 124133.8 95361.86 21904.96 47859 23002.16 7177.609 2496.929 425.006 75.6813 6.477878 0.1698736 0.001110303 1.532377e-06 3.896726e-10 1.634199e-14 1.040091e-19 
7.044487e-36 9.777283e-28 1.640342e-20 3.326581e-14 8.154721e-09 0.0002416393 0.8655127 374.7371 19612.25 124076.1 95704.35 31554.03 76304.78 34199.16 10443.48 3484.022 612.1199 67.73381 4.439768 0.1122942 0.0006468939 7.027962e-07 1.299663e-10 3.793034e-15 1.646854e-20 
1.195688e-35 1.659536e-27 2.784216e-20 5.646334e-14 1.384132e-08 0.0004101437 1.469068 636.0557 33288.63 210597.7 162028.3 39862.03 76972.87 34736.82 15395.98 4876.772 806.6389 81.88937 3.698716 0.06542063 0.0003180904 2.903319e-07 4.222762e-11 9.151926e-16 2.836853e-21 
1.419616e-35 1.970333e-27 3.305643e-20 6.703777e-14 1.643352e-08 0.0004869552 1.744194 755.176 39522.91 250043 193164 63152.3 128070.2 50335.88 15572.74 4996.653 999.2079 93.66411 3.560701 0.04394014 0.0001434327 9.865982e-08 1.13844e-11 1.929944e-16 4.531611e-22 
2.001275e-35 2.777638e-27 4.660065e-20 9.450517e-14 2.316683e-08 0.0006864756 2.458844 1064.594 55716.64 352494.9 272364.7 84659.01 154218.2 61249.24 24425.88 6327.21 994.9021 98.10711 3.500173 0.03439436 7.876782e-05 3.592626e-08 2.872477e-12 3.581377e-17 6.360659e-23 
1.774909e-35 2.463456e-27 4.132959e-20 8.381558e-14 2.05464e-08 0.0006088275 2.180721 944.1769 49414.48 312639.4 243833.6 114362.6 217201.6 79680.15 29016.68 7726.814 1219.264 93.10337 2.967958 0.02591994 4.661278e-05 1.518573e-08 8.199784e-13 6.841195e-18 8.338705e-24 
1.373551e-35 1.906398e-27 3.198378e-20 6.486247e-14 1.590027e-08 0.0004711541 1.687597 730.6714 38240.46 241953.4 189931.5 103829.3 187324.1 75729.71 36003.87 8619.654 1261.512 90.49145 2.290543 0.01607185 2.390891e-05 6.111355e-09 2.426e-13 1.418996e-18 1.178712e-24 
1.557582e-35 2.161822e-27 3.626905e-20 7.355289e-14 1.803063e-08 0.0005342804 1.913706 828.5684 43364 274366.6 214305.2 91635.65 142919.8 59583.72 30469.65 8386.249 1290.253 81.23619 1.765706 0.00970494 1.094064e-05 2.16385e-09 6.636724e-14 2.9202e-19 1.767377e-25 
1.568602e-35 2.177116e-27 3.652563e-20 7.407325e-14 1.815819e-08 0.0005380602 1.927244 834.4302 43670.81 276324.8 217451.3 109188 160574.7 56659.69 23568.3 6673.908 1113.837 71.1683 1.329299 0.005876443 5.077495e-06 7.425265e-10 1.679172e-14 5.502372e-20 2.487771e-26 
1.646373e-35 2.285057e-27 3.833657e-20 7.77458e-14 1.905847e-08 0.0005647373 2.022797 875.8013 45836.03 290039.3 229184.2 118332.1 160410.3 58927.55 24095.46 5397.548 812.2916 52.03057 0.9112246 0.003366452 2.263637e-06 2.492994e-10 4.146979e-15 9.850228e-21 3.218022e-27 
1.624472e-35 2.25466e-27 3.782661e-20 7.67116e-14 1.880494e-08 0.0005572249 1.995889 864.151 45226.34 286206.7 227962.8 129400.4 163228.1 58368.33 22821.81 4936.509 608.5664 32.40057 0.510737 0.001647769 9.038413e-07 7.678516e-11 9.542665e-16 1.664582e-21 3.947772e-28 
1.896689e-35 2.632479e-27 4.41653e-20 8.956633e-14 2.195613e-08 0.0006506003 2.330345 1008.959 52805.05 334181 266376.2 141262.5 161295.3 59224.71 22426.73 4523.463 499.4512 21.30323 0.2633044 0.0006970538 3.144132e-07 2.133808e-11 2.047388e-16 2.681777e-22 4.686867e-29 
2.014186e-35 2.795557e-27 4.690128e-20 9.511484e-14 2.331628e-08 0.0006909042 2.474706 1071.462 56076.35 354934.7 285913.2 167553.9 177157.2 59062.16 20092.59 3873.682 381.1351 13.53391 0.12864 0.0002552978 8.817279e-08 4.658274e-12 3.474464e-17 3.4948e-23 4.617535e-30 
2.238418e-35 3.106776e-27 5.212261e-20 1.057036e-13 2.5912e-08 0.0007678198 2.750206 1190.744 62319.23 394500.5 319959.3 190483.7 186209.1 64221.07 20280.2 3371.451 290.6332 8.66117 0.06467008 9.587361e-05 2.415968e-08 9.340984e-13 5.165544e-18 3.891552e-24 3.865025e-31 
2.460202e-35 3.414598e-27 5.728697e-20 1.161768e-13 2.847938e-08 0.0008438961 3.022699 1308.724 68494.08 433673.5 355272.9 220747.6 199460.5 67100.63 19955.75 3075.904 220.475 5.323014 0.03137205 3.528636e-05 6.541376e-09 1.826077e-13 7.240077e-19 3.918103e-25 2.813187e-32 
2.832626e-35 3.931499e-27 6.595905e-20 1.337636e-13 3.279058e-08 0.0009716448 3.480274 1506.839 78862.98 499424 412317.4 256361.9 213934.4 71819.82 19819.81 2789.535 172.5455 3.312202 0.01494353 1.269787e-05 1.748685e-09 3.56581e-14 1.019457e-19 3.944393e-26 2.015632e-33 
3.003519e-35 4.168687e-27 6.993837e-20 1.418336e-13 3.476884e-08 0.001030264 3.690239 1597.747 83621.44 529780.5 446000.4 306052.5 239056.4 77627.02 19799.89 2535.67 134.146 2.081062 0.007169779 4.512467e-06 4.560571e-10 6.793006e-15 1.410133e-20 3.935241e-27 1.441781e-34 
2.853351e-35 3.960263e-27 6.644163e-20 1.347423e-13 3.303049e-08 0.0009787538 3.505737 1517.864 79441.57 503609.3 434951.5 332005.6 247528.5 83259.93 19753.82 2255.125 101.2912 1.265212 0.003358338 1.5748e-06 1.160547e-10 1.248186e-15 1.865334e-21 3.744057e-28 9.85441e-36 
2.780363e-35 3.85896e-27 6.474206e-20 1.312956e-13 3.218557e-08 0.0009537174 3.416061 1479.037 77410.48 490986.8 430115.5 329283.2 234187.1 83282.3 19177.65 2006.411 75.62998 0.7539647 0.001539484 5.406219e-07 2.927581e-11 2.282438e-16 2.450432e-22 3.515826e-29 6.600914e-37 
3.58437e-40 4.974869e-32 8.346375e-25 1.692628e-18 4.149279e-13 1.229507e-08 4.403895e-05 0.01906736 0.9979531 6.328837 5.509049 4.061499 2.897226 1.022806 0.2378477 0.02473212 0.0008590423 7.424416e-06 1.273508e-08 3.698504e-12 1.638934e-16 1.03736e-21 8.98663e-28 1.035405e-34 1.555231e-42 
#survey length counts 
7.226332e-37 1.002967e-28 1.682686e-21 3.412452e-15 8.365226e-10 2.478769e-05 0.08878549 38.44105 2011.851 12727.56 9751.314 1951.616 7251.54 6162.906 1903.126 1541.178 499.503 169.5522 36.35941 4.703015 0.2670806 0.004800029 2.022541e-05 1.603725e-08 2.071709e-12 
1.058849e-36 1.469613e-28 2.46558e-21 5.000147e-15 1.225727e-09 3.632054e-05 0.1300943 56.32632 2947.895 18649.24 14282.05 2438.471 7286.048 5858.727 1842.213 1399.194 441.9058 140.9932 27.77647 3.142225 0.1476283 0.002074875 6.548166e-06 3.784461e-09 3.50833e-13 
1.49565e-36 2.075863e-28 3.482692e-21 7.062829e-15 1.731369e-09 5.130364e-05 0.1837613 79.56229 4163.974 26342.53 20180.13 3670.764 11052.4 8318.073 2123.085 1358.525 415.0125 123.8352 22.4231 2.205515 0.08503901 0.0009299952 2.19556e-06 9.251799e-10 6.1577e-14 
2.238483e-36 3.106867e-28 5.212414e-21 1.057067e-14 2.591276e-09 7.678424e-05 0.2750286 119.0779 6232.063 39425.9 30207.43 5539.315 15756.4 11171.53 2996.028 1775.683 426.3585 105.6388 17.32311 1.475152 0.04641854 0.0003930127 6.926116e-07 2.128697e-10 1.018578e-14 
2.399438e-36 3.330262e-28 5.587205e-21 1.133074e-14 2.777598e-09 8.230529e-05 0.2948042 127.64 6680.171 42260.88 32419.71 7518.16 24206.26 16111.94 4315.743 2365.174 553.478 114.8199 14.27831 1.004223 0.02560481 0.0001673352 2.197295e-07 4.923742e-11 1.695282e-15 
1.725291e-36 2.39459e-28 4.017421e-21 8.14725e-15 1.997202e-09 5.918076e-05 0.2119759 91.77823 4803.307 30387.42 23364.9 7392.7 26083.84 16540.57 5776.613 3145.514 691.3785 130.3916 13.44826 0.6905709 0.0133255 6.64528e-05 6.494546e-08 1.061232e-11 2.630671e-16 
3.556804e-36 4.936609e-28 8.282186e-21 1.679611e-14 4.117368e-09 0.0001220051 0.4370025 189.207 9902.342 62645.28 48013.86 8576.448 19200.07 11803.19 5850.355 3237.341 838.6236 153.802 13.78574 0.5526306 0.007526943 2.675585e-05 1.906397e-08 2.26526e-12 4.045919e-17 
5.222544e-36 7.248547e-28 1.216094e-20 2.466215e-14 6.045635e-09 0.0001791432 0.6416618 277.8174 14539.86 91984.04 70604.05 15816.48 39851.22 21458.06 5016.989 2315.516 762.3567 152.8919 13.7428 0.4589238 0.004640949 1.139235e-05 5.583582e-09 4.666364e-13 5.936238e-18 
8.270461e-36 1.147885e-27 1.925816e-20 3.905516e-14 9.573913e-09 0.0002836925 1.016141 439.9538 23025.43 145666.9 111853.2 25355.45 59545.71 30577.84 9390.169 3591.751 625.0902 119.2388 11.75692 0.371552 0.003039865 5.422362e-06 1.828517e-09 1.036243e-13 9.029005e-19 
8.223483e-36 1.141365e-27 1.914877e-20 3.883332e-14 9.519531e-09 0.0002820811 1.010369 437.4547 22894.64 144841.3 111628.5 36370.85 95161.8 45579.52 13749.91 5006.961 925.1105 112.1213 8.186037 0.2515753 0.001841622 2.611534e-06 6.433013e-10 2.540002e-14 1.509392e-19 
1.382248e-35 1.918469e-27 3.21863e-20 6.527317e-14 1.600095e-08 0.0004741374 1.698283 735.298 38482.57 243455.8 187202.5 45744.48 95771.81 45645.85 20202.1 7041.442 1226.221 138.6273 7.157762 0.1512891 0.0009352183 1.124203e-06 2.191777e-10 6.444947e-15 2.735775e-20 
1.645732e-35 2.284167e-27 3.832165e-20 7.771553e-14 1.905105e-08 0.0005645174 2.022009 875.4602 45818.11 289867.8 223723.3 72827.33 160885.1 67444.93 20787.79 7168.138 1540.208 162.7548 7.192366 0.1078921 0.0004455932 4.029491e-07 6.258496e-11 1.445229e-15 4.656671e-21 
2.308265e-35 3.203719e-27 5.374904e-20 1.09002e-13 2.672055e-08 0.0007917787 2.836023 1227.9 64263.4 406563.4 313857.2 97510.09 194021.2 81237.92 32839.37 9323.017 1543.802 171.5334 7.271312 0.08814381 0.0002579688 1.547313e-07 1.663703e-11 2.831259e-16 6.920773e-22 
2.017682e-35 2.800409e-27 4.698267e-20 9.527991e-14 2.335675e-08 0.0006921032 2.479001 1073.322 56173.41 355396.7 276727.6 130456.3 271480.4 105103.6 38897.96 11213.03 1922.971 165.4518 6.23783 0.06819531 0.0001585143 6.829715e-08 4.965192e-12 5.652649e-17 9.492503e-23 
1.557936e-35 2.162312e-27 3.627727e-20 7.356957e-14 1.803471e-08 0.0005344015 1.914139 828.7563 43373.83 274426.8 214973.6 118686.1 234792.7 98294.39 48692.85 12678.65 2009.656 165.0869 4.999096 0.04386917 8.49233e-05 2.890889e-08 1.550357e-12 1.238178e-17 1.415927e-23 
1.776156e-35 2.465187e-27 4.135863e-20 8.387447e-14 2.056084e-08 0.0006092552 2.182253 944.8403 49449.2 312861.8 243973.9 105635 180913.4 77428.43 41558.55 12305.76 2107.308 152.7261 4.014481 0.02787643 4.098921e-05 1.08278e-08 4.503123e-13 2.711554e-18 2.260297e-24 
1.789526e-35 2.483745e-27 4.166997e-20 8.450586e-14 2.071562e-08 0.0006138416 2.198681 951.9529 49821.47 315233.4 247547.5 126505.3 204789 74903.09 32432.26 9798.701 1826.717 136.9143 3.134742 0.01764145 2.001004e-05 3.92038e-09 1.204476e-13 5.413398e-19 3.377751e-25 
1.872172e-35 2.598451e-27 4.359441e-20 8.84086e-14 2.167233e-08 0.0006421907 2.300223 995.9169 52122.39 329805.7 260012.5 137264.8 204869.5 77481.62 33705.5 8081.801 1341.589 101.4139 2.210324 0.01052009 9.341671e-06 1.383531e-09 3.133925e-14 1.022389e-19 4.615567e-26 
1.855964e-35 2.575956e-27 4.321701e-20 8.764322e-14 2.14847e-08 0.000636631 2.280309 987.295 51671.19 326975.4 259736 151481.5 210437.9 77398.14 32313.34 7548.575 1041.466 65.03303 1.281839 0.005382189 3.930012e-06 4.510175e-10 7.651685e-15 1.836006e-20 6.022576e-27 
2.143962e-35 2.975678e-27 4.992317e-20 1.012432e-13 2.481858e-08 0.0007354198 2.634154 1140.498 59689.25 377727.2 300319.5 164331.3 206635.8 77855.38 31778.59 6940.625 868.036 43.97234 0.679697 0.002348588 1.418312e-06 1.306762e-10 1.717107e-15 3.099332e-21 7.499209e-28 
2.290038e-35 3.178422e-27 5.332462e-20 1.081413e-13 2.650956e-08 0.0007855267 2.813629 1218.204 63756.19 403513.5 324074.2 196967.9 229494.6 78840.14 28866.37 6060.794 682.1281 29.10991 0.3490612 0.0009062531 4.198677e-07 3.021093e-11 3.095817e-16 4.301314e-22 7.879806e-29 
2.544786e-35 3.531995e-27 5.925654e-20 1.201711e-13 2.945852e-08 0.0008729099 3.126621 1353.719 70848.64 448452.4 362579.1 224873.7 241865.4 86010.17 29589.69 5372.206 532.6034 19.28284 0.1832292 0.0003572856 1.210598e-07 6.384745e-12 4.860672e-17 5.070002e-23 6.996803e-30 
2.810166e-35 3.900324e-27 6.543603e-20 1.32703e-13 3.253057e-08 0.0009639403 3.452677 1494.89 78237.18 495303.1 404393 262979.7 261200.9 90836.64 29491.92 5023.537 417.9263 12.33055 0.09315511 0.00013856 3.464796e-08 1.321599e-12 7.22138e-18 5.417182e-24 5.412899e-31 
3.249503e-35 4.510096e-27 7.566621e-20 1.534496e-13 3.761635e-08 0.001114641 3.992464 1728.599 90468.94 572839.2 471305.8 307948.6 282054.4 98250.88 29740.33 4655.406 338.0813 8.007053 0.04653076 5.249682e-05 9.782005e-09 2.730725e-13 1.077076e-18 5.780075e-25 4.112387e-32 
3.448886e-35 4.786827e-27 8.030895e-20 1.628649e-13 3.992442e-08 0.001183034 4.237434 1834.663 96020.51 608213.5 510049.4 369785 316482.9 107120 30054.23 4318.761 270.6724 5.230427 0.02336433 1.959136e-05 2.685227e-09 5.485509e-14 1.573003e-19 6.093292e-26 3.109447e-33 
3.29357e-35 4.571257e-27 7.669233e-20 1.555305e-13 3.812647e-08 0.001129757 4.046606 1752.041 91697.23 581141.8 499726.3 405046.6 329535.6 116224.2 30519.83 3940.104 211.5651 3.319322 0.0114939 7.209268e-06 7.221206e-10 1.066687e-14 2.20461e-20 6.148337e-27 2.255686e-34 
3.225465e-35 4.476733e-27 7.510649e-20 1.523144e-13 3.733809e-08 0.001106396 3.96293 1715.813 89802.05 569390.1 496647.9 405118.5 313039.7 117426.3 30057.63 3599.347 163.7273 2.065717 0.00553265 2.608232e-06 1.924154e-10 2.063196e-15 3.065963e-21 6.11595e-28 1.601517e-35 
3.410938e-35 4.734158e-27 7.942532e-20 1.610729e-13 3.948514e-08 0.001170017 4.19081 1814.478 94967.02 602390 529790.6 415417 298481.5 110097.3 27412.23 3136.908 124.098 1.259001 0.002591476 9.162794e-07 4.98863e-11 3.902464e-16 4.194965e-22 6.014187e-29 1.126362e-36 
3.410938e-35 4.734158e-27 7.942532e-20 1.610729e-13 3.948514e-08 0.001170017 4.19081 1814.478 94967.02 602390 529806.8 416194.2 301422.6 108603.8 25540.55 2674.452 93.25999 0.8078798 0.001387669 4.03353e-07 1.788413e-11 1.132422e-16 9.812998e-23 1.130865e-29 1.698911e-37 
