# Number of parameters = 78 Objective function value = 25083.6921831905  Maximum gradient component = 0.000652812826514073
# srv_sel50:
0.898639677954
# srv_sel95:
4.15265163491
# stNatLen:
 10.4509671728 9.02246384500 7.81224233669 6.93170022044 6.28039526094 5.78386392424 5.39574351510 5.08742189525 4.84075392270 4.64384693322 4.48869121910 4.36980570567 4.28344304998 4.22711447129 4.19930623441
# log_avg_fmort_dir:
0.588459940488
# fmort_dir_dev:
 -0.358025595402 -0.119627999303 -0.0448040504814 -0.0124448894054 -0.159170356296 0.0244118310482 -0.0883923798540 -0.0456226729484 -0.000520582896225 0.186944368984 0.0424306518993 0.00168695777193 0.0116892413145 0.157816168364 0.239465394097 0.106976782256 0.105058586485 -0.108305784762 0.102043076730 -0.0538546370814 -0.0287261793564 -0.166668141067 -0.0346143375573 0.0875825330270 0.0369755879758 -0.123505132710 0.137776794501 0.103424764666
# mean_log_rec:
13.7840126581
# rec_dev:
 -2.51486550008 -2.03119378357 -1.77557254799 -1.42386531023 -1.21450815205 -1.13834488589 -0.879104282673 -0.494936041391 -0.157689092575 0.0758089788600 0.459734634016 0.736365394193 0.801511081381 0.644374602445 0.546996675449 0.604022172284 0.565768561659 0.569450636633 0.537330322307 0.650206526371 0.655971610429 0.800471551857 0.837767534950 0.823518963364 0.777624726490 0.651814473937 0.445670587121 0.445670562699
# log_avg_NatM:
-0.0791574600851
# m_dev:
 0.00000000000 0.00000000000 0.00000000000 0.00000000000 0.00000000000 0.00000000000 0.00000000000 0.00000000000 0.00000000000 0.00000000000 0.00000000000 0.00000000000 0.00000000000 0.00000000000 0.00000000000 0.00000000000 0.00000000000 0.00000000000 0.00000000000 0.00000000000 0.00000000000 0.00000000000 0.00000000000 0.00000000000 0.00000000000 0.00000000000 0.00000000000 0.00000000000
# log_avg_GrowthK:
-1.02151300000
# log_avg_Linf:
3.36611700000
# GrowthK_dev:
 0.00000000000 0.00000000000 0.00000000000 0.00000000000 0.00000000000 0.00000000000 0.00000000000 0.00000000000 0.00000000000 0.00000000000 0.00000000000 0.00000000000 0.00000000000 0.00000000000 0.00000000000 0.00000000000 0.00000000000 0.00000000000 0.00000000000 0.00000000000 0.00000000000 0.00000000000 0.00000000000 0.00000000000 0.00000000000 0.00000000000 0.00000000000 0.00000000000
# Linf_dev:
 0.00000000000 0.00000000000 0.00000000000 0.00000000000 0.00000000000 0.00000000000 0.00000000000 0.00000000000 0.00000000000 0.00000000000 0.00000000000 0.00000000000 0.00000000000 0.00000000000 0.00000000000 0.00000000000 0.00000000000 0.00000000000 0.00000000000 0.00000000000 0.00000000000 0.00000000000 0.00000000000 0.00000000000 0.00000000000 0.00000000000 0.00000000000 0.00000000000
# SelPars50:
1.68447224667
# SelPars95:
3.38068827782
# SelPars_dev50:
 0.00000000000 0.00000000000 0.00000000000 0.00000000000 0.00000000000 0.00000000000 0.00000000000 0.00000000000 0.00000000000 0.00000000000 0.00000000000 0.00000000000 0.00000000000 0.00000000000 0.00000000000 0.00000000000 0.00000000000 0.00000000000 0.00000000000 0.00000000000 0.00000000000 0.00000000000 0.00000000000 0.00000000000 0.00000000000 0.00000000000 0.00000000000 0.00000000000
# SelPars_dev95:
 0.00000000000 0.00000000000 0.00000000000 0.00000000000 0.00000000000 0.00000000000 0.00000000000 0.00000000000 0.00000000000 0.00000000000 0.00000000000 0.00000000000 0.00000000000 0.00000000000 0.00000000000 0.00000000000 0.00000000000 0.00000000000 0.00000000000 0.00000000000 0.00000000000 0.00000000000 0.00000000000 0.00000000000 0.00000000000 0.00000000000 0.00000000000 0.00000000000
