# Number of parameters = 77 Objective function value = 20912.7578708531  Maximum gradient component = 7.14114007602331e-06
# srv_sel50:
1.10772152210
# srv_sel95:
2.35148732043
# stNatLen:
 11.4754231248 11.1065298859 9.27487582000 8.02169784349 7.21268571550 6.64924358097 6.22897895677 5.90352308176 5.64698331803 5.44405184925 5.28507436768 5.16372310342 5.07579286963 5.01854428154 4.99030854472
# log_avg_fmort_dir:
0.672021180115
# fmort_dir_dev:
 -0.603269953274 -0.680272537069 -0.769748342513 -0.638587606323 -0.526845995862 -0.383119910550 -0.299659510553 -0.272995859849 -0.172168745091 -0.166807931285 0.0145622046220 -0.0569425329573 -0.109613595967 -0.0623840132366 0.0900696196011 0.193414021652 0.173662517432 0.249767089364 0.224670355180 0.255244191104 0.359711226397 0.330577080448 0.441214456224 0.433801236888 0.523419769823 0.480132003132 0.540994669931 0.431176092733
# mean_log_rec:
13.5336331878
# rec_dev:
 -1.98051303725 -1.82923305343 -1.68464031545 -1.40336941309 -1.27251470086 -1.10688568047 -0.704015463177 -0.364244104672 -0.141247193620 -0.0279372914525 0.241522347520 0.642017020608 0.722297549427 0.544162446341 0.394056677612 0.404621468539 0.395715120955 0.357887440902 0.439625822550 0.520517171554 0.570145480851 0.671014241746 0.735346042055 0.870157447801 0.803068209149 0.773146502590 0.714649631735 0.714649631538
# log_avg_NatM:
-1.05607500000
# m_dev:
 0.00000000000 0.00000000000 0.00000000000 0.00000000000 0.00000000000 0.00000000000 0.00000000000 0.00000000000 0.00000000000 0.00000000000 0.00000000000 0.00000000000 0.00000000000 0.00000000000 0.00000000000 0.00000000000 0.00000000000 0.00000000000 0.00000000000 0.00000000000 0.00000000000 0.00000000000 0.00000000000 0.00000000000 0.00000000000 0.00000000000 0.00000000000 0.00000000000
# log_avg_GrowthK:
-1.18630400000
# log_avg_Linf:
3.44583300000
# GrowthK_dev:
 0.00000000000 0.00000000000 0.00000000000 0.00000000000 0.00000000000 0.00000000000 0.00000000000 0.00000000000 0.00000000000 0.00000000000 0.00000000000 0.00000000000 0.00000000000 0.00000000000 0.00000000000 0.00000000000 0.00000000000 0.00000000000 0.00000000000 0.00000000000 0.00000000000 0.00000000000 0.00000000000 0.00000000000 0.00000000000 0.00000000000 0.00000000000 0.00000000000
# Linf_dev:
 0.00000000000 0.00000000000 0.00000000000 0.00000000000 0.00000000000 0.00000000000 0.00000000000 0.00000000000 0.00000000000 0.00000000000 0.00000000000 0.00000000000 0.00000000000 0.00000000000 0.00000000000 0.00000000000 0.00000000000 0.00000000000 0.00000000000 0.00000000000 0.00000000000 0.00000000000 0.00000000000 0.00000000000 0.00000000000 0.00000000000 0.00000000000 0.00000000000
# SelPars50:
1.04308285917
# SelPars95:
1.16128963184
# SelPars_dev50:
 0.00000000000 0.00000000000 0.00000000000 0.00000000000 0.00000000000 0.00000000000 0.00000000000 0.00000000000 0.00000000000 0.00000000000 0.00000000000 0.00000000000 0.00000000000 0.00000000000 0.00000000000 0.00000000000 0.00000000000 0.00000000000 0.00000000000 0.00000000000 0.00000000000 0.00000000000 0.00000000000 0.00000000000 0.00000000000 0.00000000000 0.00000000000 0.00000000000
# SelPars_dev95:
 0.00000000000 0.00000000000 0.00000000000 0.00000000000 0.00000000000 0.00000000000 0.00000000000 0.00000000000 0.00000000000 0.00000000000 0.00000000000 0.00000000000 0.00000000000 0.00000000000 0.00000000000 0.00000000000 0.00000000000 0.00000000000 0.00000000000 0.00000000000 0.00000000000 0.00000000000 0.00000000000 0.00000000000 0.00000000000 0.00000000000 0.00000000000 0.00000000000
