#Simulated generalized assessment 
# 
#start/end year 
73 100 
#number of ages 
15 
#ages 
1 2 3 4 5 6 7 8 9 10 11 12 13 14 15 
#Number of length bins 
25 
#CPUE years 
28 
#years for CPUE 
73 74 75 76 77 78 79 80 81 82 83 84 85 86 87 88 89 90 91 92 93 94 95 96 97 98 99 100 
#survey years 
28 
#years for survey 
73 74 75 76 77 78 79 80 81 82 83 84 85 86 87 88 89 90 91 92 93 94 95 96 97 98 99 100 
#length freq from catch years 
28 
#years for length freq catch 
73 74 75 76 77 78 79 80 81 82 83 84 85 86 87 88 89 90 91 92 93 94 95 96 97 98 99 100 
#catch length sample sizes 
200 200 200 200 200 200 200 200 200 200 200 200 200 200 200 200 200 200 200 200 200 200 200 200 200 200 200 200 
#length freq from survey years 
28 
#years for length freq survey 
73 74 75 76 77 78 79 80 81 82 83 84 85 86 87 88 89 90 91 92 93 94 95 96 97 98 99 100 
#survey sample sizes 
200 200 200 200 200 200 200 200 200 200 200 200 200 200 200 200 200 200 200 200 200 200 200 200 200 200 200 200 
#total survey biomass 
55805.66 69588.84 25140.42 49873.7 97753.89 86198.88 154574 221150.1 304104.1 306240.8 395376.4 231530.1 291133.4 279256.4 453535.5 468648.2 502152.9 307495.3 409240.4 387382.8 414831.9 468911.8 633144.2 680450.3 732654.8 422040.2 453352.1 450467.7 
#survey CV 
0.2 0.2 0.2 0.2 0.2 0.2 0.2 0.2 0.2 0.2 0.2 0.2 0.2 0.2 0.2 0.2 0.2 0.2 0.2 0.2 0.2 0.2 0.2 0.2 0.2 0.2 0.2 0.2 
#total CPUE 
64532.49 50603.72 37708.88 51171.4 95482.95 113562.9 183101.7 227138.1 337997.1 318040.3 265545.9 327420.2 251032.5 371699.2 274773.5 300980.3 300722.8 291266 376937.2 433131.9 402001.1 350356.5 481968.3 477152.4 542965.3 415297.3 428696.7 390366.8 
#CPUE CV 
0.2 0.2 0.2 0.2 0.2 0.2 0.2 0.2 0.2 0.2 0.2 0.2 0.2 0.2 0.2 0.2 0.2 0.2 0.2 0.2 0.2 0.2 0.2 0.2 0.2 0.2 0.2 0.2 
#total catch biomass 
13110.77 16399.73 13634.71 9275.838 16756.25 26552.15 44337.44 70380.79 73850.57 114788.9 115329.2 106607.2 185064.8 174556 197427.5 210371.4 186272.9 215491.5 202332.3 169003.5 206462.2 218143.7 187331.2 225565.3 186984.9 214883.6 267889.8 204252.2 
#catch CV 
0.1 0.1 0.1 0.1 0.1 0.1 0.1 0.1 0.1 0.1 0.1 0.1 0.1 0.1 0.1 0.1 0.1 0.1 0.1 0.1 0.1 0.1 0.1 0.1 0.1 0.1 0.1 0.1 
#Length Bins 
0.6062379 1.818714 3.03119 4.243665 5.456141 6.668617 7.881093 9.093569 10.30604 11.51852 12.731 13.94347 15.15595 16.36842 17.5809 18.79338 20.00585 21.21833 22.4308 23.64328 24.85575 26.06823 27.28071 28.49318 29.70566 
#catch length counts 
1.481621e-06 6.968832e-05 0.002269703 0.05118757 0.7993682 8.644078 64.72758 335.6579 1205.846 3005.183 5223.8 6466.695 6130.771 5345.731 5183.443 5269.761 4980.81 4423.54 3835.482 3234.832 2639.547 2068.641 1496.525 940.2175 484.441 
1.57031e-06 7.385982e-05 0.002405566 0.05425162 0.8472181 9.161514 68.60233 355.7544 1278.086 3185.655 5540.489 6872.714 6559.866 5807.191 5718.828 5842.513 5514.657 4915.509 4333.137 3728.847 3052.346 2344.016 1649.162 1016.879 520.1938 
2.936871e-07 1.381363e-05 0.0004499013 0.01014645 0.1584537 1.713553 12.83396 66.60934 240.0953 606.2816 1107.976 1626.111 2352.179 3689.966 5369.308 6385.107 6325.298 5750.809 5128.257 4457.411 3688.652 2848.767 1991.666 1209.323 608.9198 
4.961751e-10 2.33382e-08 7.601758e-07 1.71498e-05 0.0002681856 0.002915804 0.02230205 0.1252992 0.5878443 2.827978 14.28388 62.49688 208.3444 521.136 1032.59 1760.838 2690.346 3577.632 4017.138 3870.549 3333.245 2617.297 1841.407 1116.061 557.5022 
6.407069e-06 0.0003013576 0.009815019 0.2213534 3.456747 37.37964 279.8909 1451.204 5210.203 12952.9 22298 26579.99 21941.47 12552.43 5019.128 1545.567 731.8801 999.4376 1597.057 2136.303 2330.759 2094.593 1567.098 971.504 487.8055 
6.214948e-06 0.0002923212 0.00952071 0.2147162 3.353105 36.25926 271.5125 1407.984 5058.175 12606.01 21913.24 27126.83 25688.18 22167.99 20542.38 18448.82 13202.43 6933.252 2860.865 1434 1333.869 1420.462 1248.067 855.0067 451.7237 
1.381577e-05 0.0006498273 0.02116445 0.4773118 7.453907 80.60337 603.5509 3129.549 11238.77 27968.66 48341.32 58546.42 51373.76 36430.07 26127.27 21615.23 18372.26 14488.04 10114.92 5902.679 2887.847 1435.814 911.9792 622.9927 353.3731 
1.752491e-05 0.0008242873 0.0268465 0.6054565 9.455073 102.2433 765.5943 3969.892 14258.18 35498.4 61462.71 74940.48 67368.42 51127.65 40541.55 34586.03 27158.42 18803.36 12434.87 8160.831 4963.116 2610.323 1205.355 537.8101 241.3299 
2.328085e-05 0.001095019 0.03566405 0.8043146 12.56053 135.8245 1017.05 5273.802 18941.55 47161.22 81674.52 99673.13 89898.21 68912.6 55731.05 48855.52 39904.22 29014.96 19650.75 12583.43 7449.526 4004.909 1913.417 793.6893 285.8912 
3.175877e-05 0.00149378 0.04865142 1.097213 17.13456 185.2862 1387.42 7194.361 25840.12 64343.71 111474 136240.6 123528.4 96069.13 79413.29 70784.63 58567.31 43440.79 30385.56 20207.92 12313.46 6692.007 3191.803 1309.05 451.3083 
2.995158e-05 0.001408778 0.04588297 1.034777 16.15954 174.7428 1308.473 6785.024 24370.42 60689.23 105178 128712.7 117241.6 92322.72 77744.23 70287.73 58800.59 44239.28 31544.37 21481.62 13475.77 7561.819 3705.551 1542.038 530.287 
3.538532e-05 0.001664355 0.05420694 1.222504 19.09115 206.4438 1545.84 8015.673 28787.75 71660.9 123996.4 150817.6 134412.2 99679.14 76722.74 65527.43 54126.13 41119.45 29860.87 20751.45 13312.79 7669.1 3868.553 1655.312 581.7229 
4.83687e-05 0.002275031 0.07409626 1.671058 26.09597 282.1912 2113.035 10956.82 39351.5 97965.32 169567.5 206508.3 184874.2 138761.3 108446.3 92384.32 73907.86 52947.03 36173.89 24349.35 15623.18 9161.714 4736.471 2081.277 750.7133 
4.880961e-05 0.002295769 0.07477169 1.686291 26.33385 284.7636 2132.299 11056.76 39711.16 98867.71 171177.4 208695.4 187565.1 142349.2 113247.3 97815.57 78832.37 56522.97 38042.85 24662.68 15069.07 8505.564 4336.289 1919.523 705.4234 
5.896246e-05 0.00277331 0.09032489 2.037055 31.81153 343.9967 2575.827 13356.46 47968.49 119403.8 206583.6 251156.7 223460.9 164833.9 125423.2 105255.6 84450 61118.86 41671.44 27154.81 16410.02 9001.902 4423.062 1899.199 687.648 
5.534108e-05 0.002602978 0.08477728 1.911942 29.85773 322.8693 2417.633 12536.31 45024.85 112095 194064.8 236532 212360.7 160659.5 127037.9 108839.5 86666.17 61037.21 40340.28 25838.51 15572.07 8532.326 4147.314 1741.912 614.1206 
4.836332e-05 0.002274777 0.07408801 1.670872 26.09308 282.1602 2112.814 10955.9 39351.47 97997.36 169842.5 207879.4 189447.1 149309.4 125597.1 112641.3 92291.5 66755.23 45039.26 28885.44 17130.51 9202.331 4407.98 1830.78 636.9489 
6.095269e-05 0.00286692 0.09337372 2.105814 32.88529 355.6076 2662.759 13807.03 49583.83 123396.8 213300.8 258422.8 227028.6 161353.3 115355.4 93001.89 74909.54 56044.98 39814.37 26694.97 16283.14 8842.937 4217.848 1729.351 592.7977 
4.443029e-05 0.002089787 0.06806298 1.534993 23.97112 259.2142 1940.995 10064.95 36151.45 90029.4 156040.1 191017.2 174160.1 137308.5 115071.7 101620.1 80375.18 54896.34 35106.54 22311.17 13703.41 7696.429 3786.187 1578.154 542.3131 
4.446303e-05 0.002091327 0.06811315 1.536124 23.98879 259.4055 1942.432 10072.5 36179.97 90114.24 156282 191764.3 176326.2 142333.4 124123.7 114966.9 97426.5 73537.51 51465.9 33371.18 19597.12 10421.41 5002.999 2098.056 733.7672 
5.318822e-05 0.002501717 0.0814793 1.837564 28.6962 310.3088 2323.574 12048.44 43270.68 107708.5 186338.9 226498.1 201393.2 148402.2 113225.4 96646.14 80891.16 62999.08 46926.51 32958.17 20875.82 11602.58 5579.195 2288.398 784.7391 
5.40263e-05 0.002541137 0.08276316 1.866519 29.14838 315.199 2360.206 12238.7 43958.36 109463.5 189670.9 231940 210695.9 164588.3 136501.4 120770.5 97627.18 69919.09 47901.49 32657.96 21305.97 12586.74 6440.097 2755.62 960.6475 
5.287277e-05 0.00248688 0.08099606 1.826666 28.52602 308.4688 2309.805 11977.22 43017.42 107102.9 185461.2 226231.9 203733.8 155568.5 125283.2 110118.6 91225.18 68211.97 48011.2 32078.86 19919.49 11373.68 5849.516 2592.217 943.3697 
5.750148e-05 0.002704592 0.0880868 1.98658 31.02331 335.4736 2512.017 13025.8 46784.01 116485.6 201741.4 246245.1 222244 170676.2 138421 121664.8 99854.77 73703.34 51714.85 35018.2 22075.7 12575.59 6348.325 2769.777 1009.93 
5.541176e-05 0.002606302 0.08488556 1.914384 29.89587 323.2818 2420.726 12552.44 45084.12 112255.7 194432.6 237404.9 214527.3 165311.8 134791.9 118998.9 97973.7 72451.37 50751.36 34191.67 21486.43 12267.07 6214.027 2706.873 980.7704 
5.848359e-05 0.002750786 0.08959131 2.020511 31.55318 341.2033 2554.92 13248.25 47582.62 118470.7 205156.7 250307.4 225571.3 172539.1 139177.2 122115.1 100543.3 74640.17 52555.84 35534.49 22344.19 12737.41 6442.218 2804.923 1015.934 
5.346353e-05 0.002514667 0.08190105 1.847076 28.84476 311.9158 2335.624 12111.28 43501.47 108333.2 187763.3 229848.9 209586.3 165455.8 139626 125853.3 104144.3 76902.29 53779.37 36267.04 22842.56 13057.92 6614.68 2880.065 1042.386 
5.562837e-05 0.00261649 0.08521738 1.921868 30.01272 324.5452 2430.178 12601.27 45256.99 112661.2 194965.1 237255.4 211829 157902.6 122548.4 105249.8 86995.17 65834.01 47356.93 32431.09 20483.8 11692.41 5919.762 2579.676 934.584 
#survey length counts 
8.454989e-06 0.0003976819 0.01295224 0.2921059 4.561658 49.32809 369.3725 1915.448 6881.098 17147.76 29799.39 36851.99 34816.41 30103.76 28877.51 29122.28 27394.72 24414.83 21532.91 18537.21 15177.71 11657.22 8202.26 5057.775 2587.413 
1.250774e-06 5.883038e-05 0.001916069 0.04321234 0.6748319 7.297744 54.65674 283.6523 1022.136 2578.145 4691.848 6797.811 9596.403 14741.18 21262.08 25226.38 24987.64 22731.69 20283.52 17637.41 14599.05 11276.52 7884.42 4787.565 2410.7 
2.0101e-09 9.454734e-08 3.079593e-06 6.947484e-05 0.001086328 0.01180633 0.09016691 0.503841 2.327657 10.92405 54.20244 235.5595 783.8533 1960.173 3885.233 6629.37 10134.76 13482.52 15142.6 14592.85 12569.15 9870.615 6945.022 4209.498 2102.807 
2.538384e-05 0.001193933 0.03888562 0.8769689 13.69511 148.0925 1108.885 5749.453 20642.04 51317.42 88341.29 105305.8 86928.15 49727.27 19869.62 6072.684 2770.531 3697.02 5894.403 7884.256 8602.429 7731.18 5784.42 3586.09 1800.661 
2.168958e-05 0.001020173 0.03322638 0.7493391 11.70202 126.5413 947.5495 4913.661 17651.57 43984.04 76408.48 94354.53 88614.82 75015.66 67998.83 60363.7 43035.35 22578.38 9317.921 4677.038 4355.589 4639.539 4076.634 2792.804 1475.532 
4.265415e-05 0.002006246 0.06534211 1.47363 23.01283 248.8509 1863.372 9661.967 34697.29 86341.78 149196.5 180515.4 157823.5 110659.6 77691.45 63147.79 53327.04 42010.28 29338.32 17126.44 8381.205 4168.43 2648.426 1809.41 1026.362 
5.506769e-05 0.002590119 0.08435846 1.902497 29.71022 321.2741 2405.686 12474.3 44801.4 111531.2 193037.4 235036.6 210224.7 157309.4 122033.3 102556.9 80117.35 55425.85 36673.82 24083.84 14652.29 7707.748 3559.611 1588.411 712.8161 
6.885964e-05 0.003238825 0.1054864 2.378986 37.15128 401.7388 3008.204 15598.62 56023.19 139475.4 241458 294255.2 264069.5 199633.5 158075.1 136645.2 111096.2 80732.88 54706.11 35050.85 20758.07 11162.19 5333.684 2212.611 797.0378 
7.752602e-05 0.00364645 0.1187625 2.678395 41.82699 452.3002 3386.811 17561.96 63076.29 157051.5 271999.7 332013.9 299695.3 230274.2 187013.7 164828.2 135902 100778.8 70537.69 46938.98 28612.04 15553.12 7419.165 3043.066 1049.182 
7.299173e-05 0.003433179 0.1118164 2.521743 39.38065 425.8466 3188.732 16534.92 59388.76 147882 256200.8 313115.9 283887 220791.8 182679.2 163371.5 136221.9 102472 73115.22 49820.51 31264.28 17547.33 8599.874 3579.049 1230.846 
9.013766e-05 0.004239641 0.1380823 3.114106 48.63123 525.8779 3937.74 20418.35 73329.84 182526.2 315742.6 383631.4 340583.1 249765.1 188722.5 159049.5 130785.8 99310.64 72161.86 50176 32200.63 18553.53 9360.159 4005.402 1407.671 
0.0001070923 0.005037106 0.1640552 3.699861 57.77864 624.7943 4678.427 24259.17 87125.65 216885.2 375312.6 456639.1 407395 302806.3 233001 196355 156522.1 112100.8 76642.98 51625.31 33137.71 19436.85 10049.82 4416.356 1593.039 
0.0001079762 0.005078681 0.1654093 3.730398 58.25553 629.9514 4717.048 24459.54 87846.76 218695.1 378546.1 461052.3 412884 310217.7 242986.7 207682.9 166809.4 119575.6 80536.27 52245.34 31935.49 18029.98 9193.312 4069.886 1495.747 
0.0001241232 0.005838157 0.1901449 4.288249 66.96716 724.1549 5422.425 28116.86 100977.7 251341.8 434761.7 528137.3 468509.9 342636.2 257011.7 213450.9 170659.6 123482.2 84250.33 54936.95 33212.49 18223.37 8955.297 3845.608 1392.459 
0.0001206159 0.005673193 0.1847722 4.16708 65.07494 703.6937 5269.226 27322.75 98129.6 244290.4 422822.8 514850.7 460633.5 345106.9 268770.9 227898.3 180855.3 127341.7 84221.38 53982.49 32547.45 17837.84 8671.669 3642.49 1284.244 
0.0001013968 0.004769217 0.1553303 3.503091 54.70581 591.5668 4429.644 22969.62 82500.91 205438.3 355952.4 435200 395107 308269.5 255649.2 227287.5 185744.2 134351.5 90713.44 58216.83 34539.61 18558.79 8891.099 3693.093 1284.935 
0.0001353358 0.006365543 0.2073216 4.675625 73.01658 789.5701 5912.229 30656.21 110091.3 273965.7 473482.2 573225 502230.7 354013.1 249262.3 198466.7 159131.4 118998.3 84588.16 56748.19 34627.05 18809.06 8972.64 3679.162 1261.231 
0.0001165721 0.005482991 0.1785774 4.027373 62.89323 680.1023 5092.595 26407.28 94847.85 236181 409199.4 500204.5 453760.6 352978.2 290265.5 253338.4 199620.6 136284.5 87211.12 55464.42 34080.93 19145.78 9419.793 3926.641 1349.403 
0.0001045255 0.004916377 0.1601232 3.611183 56.39383 609.8208 4566.34 23678.66 85050.72 211818.3 367216.3 449964.2 411738.9 328229.7 281479.7 258183.2 218180.5 164677.4 115326.8 74821.78 43954.61 23379.74 11225.6 4707.99 1646.64 
0.0001293601 0.006084475 0.1981673 4.469175 69.79257 754.7077 5651.2 29303.08 105237.2 261937.4 453045.5 550144.5 487421.5 355437.5 266462.2 224536.3 187122.4 145676.6 108576.1 76297.55 48342.48 26873.37 12923.84 5301.34 1818.03 
0.0001245255 0.005857077 0.1907612 4.302147 67.18422 726.5032 5440.04 28208.84 101317.1 252276.4 436991.5 533737.4 482798.8 372871.3 304200.6 266371.2 214630.8 153687.7 105368.6 71887.26 46918.01 27723.2 14186.41 6070.556 2116.367 
0.0001277892 0.006010587 0.1957609 4.414904 68.94506 745.5437 5582.601 28947.78 103967 258833 448066.7 545940.1 489629.8 369621.4 292495.5 254111.7 209732.1 156779.8 110419.6 73820.35 45855.9 26188.82 13470.82 5970.065 2172.742 
0.0001322035 0.006218213 0.2025231 4.567409 71.32666 771.2975 5775.448 29947.84 107559.9 267789.7 463651.7 565305 508188.1 386034.3 307974.2 267792.7 219041.4 161644.5 113498.3 76902.49 48498 27633.19 13951.4 6087.477 2219.749 
0.0001295264 0.006092299 0.1984222 4.474923 69.88235 755.6794 5658.501 29341.47 105382.6 262374.1 454310.3 554082.4 498640.9 379949.7 304642 266027.7 218274.8 161380.9 113122 76258.49 47939.7 27375.78 13869.33 6042.039 2189.286 
0.0001327698 0.006244852 0.2033907 4.586976 71.63222 774.6016 5800.187 30076.07 108019.8 268927.7 465575.2 567430.2 509397.3 385517.1 305985.5 265618.7 217959.8 161777.4 113989.6 77119.32 48511.01 27659.93 13991.43 6092.302 2206.712 
0.0001154084 0.005428257 0.1767948 3.98717 62.2654 673.3132 5041.76 26143.71 93901.59 233828.9 405153.1 495401.5 449923 351433.5 292172.8 260960.5 215363.7 159029.5 111295.6 75102.87 47321.4 27057.2 13708.01 5968.997 2160.465 
0.0001241978 0.005841666 0.1902592 4.290827 67.00742 724.5904 5425.691 28133.89 101040.2 251510.8 435145.9 529040.6 470751 347522.3 265492 225487.8 185701.2 140498.2 101133.2 69299.27 43785.81 24998.82 12658.32 5516.591 1998.682 
0.0001213502 0.005707728 0.185897 4.192447 65.47109 707.9777 5301.31 27489.24 98729.33 245800.9 425556.5 518743.5 465942.7 353002.6 279973.6 241079.8 193884.7 139390.5 95424.09 64092.7 40804.78 23650.9 12095.1 5290.929 1918.759 
