# Number of parameters = 77 Objective function value = 23466.4442998316  Maximum gradient component = 1835.21313309368
# srv_sel50:
0.999944582663
# srv_sel95:
1.00038008640
# stNatLen:
 11.1905902137 10.3705378972 8.96220739557 7.82480848901 7.00793691126 6.41210147656 5.96181293282 5.61243175537 5.33734267084 5.12017883784 4.94989543746 4.82010116698 4.72608564166 4.66482812830 4.63447893575
# log_avg_fmort_dir:
0.667743068970
# fmort_dir_dev:
 -0.423447556437 -0.354076795740 -0.276791788569 -0.195564659239 -0.337402824551 -0.162857761324 -0.106167097544 -0.295637045581 -0.112740230426 -0.151317204667 -0.0451836807054 -0.0820516177666 0.0730797360096 0.0191344580977 0.0299257091432 -0.00165212927446 0.0985436785969 0.156647386756 0.0997718095923 0.245127393760 0.155049269783 0.317879506159 0.271891409959 0.242390217312 0.311020051160 0.288432510046 0.289068130115 -0.0530708746647
# mean_log_rec:
13.3156928413
# rec_dev:
 -2.22519771463 -1.80366502906 -1.53738755577 -1.67916433249 -1.44927621465 -1.18544790768 -0.763888102467 -0.399966551628 -0.0762626076225 0.183059463457 0.400695061200 0.582660145091 0.600356634307 0.367970094112 0.234668886484 0.290367335719 0.413473078353 0.487605537566 0.544947558493 0.548966494237 0.676507232546 0.722186766785 0.770498439244 0.838542290538 0.853556667142 0.850955533167 0.876683026608 0.876555770936
# log_avg_NatM:
-1.36448700000
# m_dev:
 0.00000000000 0.00000000000 0.00000000000 0.00000000000 0.00000000000 0.00000000000 0.00000000000 0.00000000000 0.00000000000 0.00000000000 0.00000000000 0.00000000000 0.00000000000 0.00000000000 0.00000000000 0.00000000000 0.00000000000 0.00000000000 0.00000000000 0.00000000000 0.00000000000 0.00000000000 0.00000000000 0.00000000000 0.00000000000 0.00000000000 0.00000000000 0.00000000000
# log_avg_GrowthK:
-1.20372700000
# log_avg_Linf:
3.45755400000
# GrowthK_dev:
 0.00000000000 0.00000000000 0.00000000000 0.00000000000 0.00000000000 0.00000000000 0.00000000000 0.00000000000 0.00000000000 0.00000000000 0.00000000000 0.00000000000 0.00000000000 0.00000000000 0.00000000000 0.00000000000 0.00000000000 0.00000000000 0.00000000000 0.00000000000 0.00000000000 0.00000000000 0.00000000000 0.00000000000 0.00000000000 0.00000000000 0.00000000000 0.00000000000
# Linf_dev:
 0.00000000000 0.00000000000 0.00000000000 0.00000000000 0.00000000000 0.00000000000 0.00000000000 0.00000000000 0.00000000000 0.00000000000 0.00000000000 0.00000000000 0.00000000000 0.00000000000 0.00000000000 0.00000000000 0.00000000000 0.00000000000 0.00000000000 0.00000000000 0.00000000000 0.00000000000 0.00000000000 0.00000000000 0.00000000000 0.00000000000 0.00000000000 0.00000000000
# SelPars50:
1.06352812679
# SelPars95:
1.29785762058
# SelPars_dev50:
 0.00000000000 0.00000000000 0.00000000000 0.00000000000 0.00000000000 0.00000000000 0.00000000000 0.00000000000 0.00000000000 0.00000000000 0.00000000000 0.00000000000 0.00000000000 0.00000000000 0.00000000000 0.00000000000 0.00000000000 0.00000000000 0.00000000000 0.00000000000 0.00000000000 0.00000000000 0.00000000000 0.00000000000 0.00000000000 0.00000000000 0.00000000000 0.00000000000
# SelPars_dev95:
 0.00000000000 0.00000000000 0.00000000000 0.00000000000 0.00000000000 0.00000000000 0.00000000000 0.00000000000 0.00000000000 0.00000000000 0.00000000000 0.00000000000 0.00000000000 0.00000000000 0.00000000000 0.00000000000 0.00000000000 0.00000000000 0.00000000000 0.00000000000 0.00000000000 0.00000000000 0.00000000000 0.00000000000 0.00000000000 0.00000000000 0.00000000000 0.00000000000
