# Number of parameters = 78 Objective function value = 25097.5150690452  Maximum gradient component = 0.000863294184759412
# srv_sel50:
1.28212786066
# srv_sel95:
4.42348364603
# stNatLen:
 10.8761616634 9.48574185012 8.29434883958 7.42322485681 6.77742461676 6.28459948650 5.89917371130 5.59288539874 5.34777836923 5.15207535467 4.99784193063 4.87964746124 4.79377836942 4.73776774490 4.71011438476
# log_avg_fmort_dir:
0.509270282509
# fmort_dir_dev:
 -0.213247117526 -0.122323751062 -0.0800545981883 -0.0742535159446 0.0939495735996 0.0653010412297 0.125456772770 -0.00528120466407 -0.175850974537 -0.0732477321977 -0.253469796399 -0.103148391475 0.0484653773683 0.0648746223026 0.161388474301 0.0649999652230 0.0311315510782 0.0918009916405 0.125742695813 0.0732454039999 0.296678255853 0.0368537250929 0.177576923196 -0.180724984857 -0.0606446614542 -0.0491845716305 -0.140612460283 0.0745783867490
# mean_log_rec:
14.0107773443
# rec_dev:
 -2.43990427018 -2.04680806559 -1.82410901385 -1.41610154714 -1.25533734309 -1.13919303500 -0.909627750445 -0.503077625865 -0.133258965797 0.151809510434 0.612587919881 0.863005666251 0.741037854126 0.550834003638 0.491187600313 0.533614575305 0.536840964886 0.465615826300 0.526074400788 0.628768233512 0.567370170550 0.687835637178 0.807472393748 0.900176682904 0.808117720102 0.643604984640 0.575731739511 0.575731732877
# log_avg_NatM:
0.0732201846908
# m_dev:
 0.00000000000 0.00000000000 0.00000000000 0.00000000000 0.00000000000 0.00000000000 0.00000000000 0.00000000000 0.00000000000 0.00000000000 0.00000000000 0.00000000000 0.00000000000 0.00000000000 0.00000000000 0.00000000000 0.00000000000 0.00000000000 0.00000000000 0.00000000000 0.00000000000 0.00000000000 0.00000000000 0.00000000000 0.00000000000 0.00000000000 0.00000000000 0.00000000000
# log_avg_GrowthK:
-1.02151300000
# log_avg_Linf:
3.36611700000
# GrowthK_dev:
 0.00000000000 0.00000000000 0.00000000000 0.00000000000 0.00000000000 0.00000000000 0.00000000000 0.00000000000 0.00000000000 0.00000000000 0.00000000000 0.00000000000 0.00000000000 0.00000000000 0.00000000000 0.00000000000 0.00000000000 0.00000000000 0.00000000000 0.00000000000 0.00000000000 0.00000000000 0.00000000000 0.00000000000 0.00000000000 0.00000000000 0.00000000000 0.00000000000
# Linf_dev:
 0.00000000000 0.00000000000 0.00000000000 0.00000000000 0.00000000000 0.00000000000 0.00000000000 0.00000000000 0.00000000000 0.00000000000 0.00000000000 0.00000000000 0.00000000000 0.00000000000 0.00000000000 0.00000000000 0.00000000000 0.00000000000 0.00000000000 0.00000000000 0.00000000000 0.00000000000 0.00000000000 0.00000000000 0.00000000000 0.00000000000 0.00000000000 0.00000000000
# SelPars50:
1.73637431869
# SelPars95:
3.39683048494
# SelPars_dev50:
 0.00000000000 0.00000000000 0.00000000000 0.00000000000 0.00000000000 0.00000000000 0.00000000000 0.00000000000 0.00000000000 0.00000000000 0.00000000000 0.00000000000 0.00000000000 0.00000000000 0.00000000000 0.00000000000 0.00000000000 0.00000000000 0.00000000000 0.00000000000 0.00000000000 0.00000000000 0.00000000000 0.00000000000 0.00000000000 0.00000000000 0.00000000000 0.00000000000
# SelPars_dev95:
 0.00000000000 0.00000000000 0.00000000000 0.00000000000 0.00000000000 0.00000000000 0.00000000000 0.00000000000 0.00000000000 0.00000000000 0.00000000000 0.00000000000 0.00000000000 0.00000000000 0.00000000000 0.00000000000 0.00000000000 0.00000000000 0.00000000000 0.00000000000 0.00000000000 0.00000000000 0.00000000000 0.00000000000 0.00000000000 0.00000000000 0.00000000000 0.00000000000
