#Simulated generalized assessment 
# 
#start/end year 
73 100 
#number of ages 
15 
#ages 
1 2 3 4 5 6 7 8 9 10 11 12 13 14 15 
#Number of length bins 
25 
#CPUE years 
28 
#years for CPUE 
73 74 75 76 77 78 79 80 81 82 83 84 85 86 87 88 89 90 91 92 93 94 95 96 97 98 99 100 
#survey years 
28 
#years for survey 
73 74 75 76 77 78 79 80 81 82 83 84 85 86 87 88 89 90 91 92 93 94 95 96 97 98 99 100 
#length freq from catch years 
28 
#years for length freq catch 
73 74 75 76 77 78 79 80 81 82 83 84 85 86 87 88 89 90 91 92 93 94 95 96 97 98 99 100 
#catch length sample sizes 
200 200 200 200 200 200 200 200 200 200 200 200 200 200 200 200 200 200 200 200 200 200 200 200 200 200 200 200 
#length freq from survey years 
28 
#years for length freq survey 
73 74 75 76 77 78 79 80 81 82 83 84 85 86 87 88 89 90 91 92 93 94 95 96 97 98 99 100 
#survey sample sizes 
200 200 200 200 200 200 200 200 200 200 200 200 200 200 200 200 200 200 200 200 200 200 200 200 200 200 200 200 
#total survey biomass 
61365.65 54558.34 38664.59 75931.36 91482.5 109227 225243.2 194169.5 299436 261048.7 340860 402398.2 320662.4 469582.8 502331.7 396776.9 367482.3 432973.1 320621 489473.7 354485.2 371064.1 404727.4 524387.2 443176.6 404349.6 240266.2 395907.9 
#survey CV 
0.2 0.2 0.2 0.2 0.2 0.2 0.2 0.2 0.2 0.2 0.2 0.2 0.2 0.2 0.2 0.2 0.2 0.2 0.2 0.2 0.2 0.2 0.2 0.2 0.2 0.2 0.2 0.2 
#total CPUE 
70563.79 61290.68 34301.49 42609.14 84389.84 85395.14 226989.5 243778.5 323513.2 348161.7 242124.3 306635.6 245538.9 351678.1 348318.8 278281.6 470919 451149.4 356800.5 285157.4 485264.2 430916.7 336364.4 354633 364382 468614.2 384892.3 235544.3 
#CPUE CV 
0.2 0.2 0.2 0.2 0.2 0.2 0.2 0.2 0.2 0.2 0.2 0.2 0.2 0.2 0.2 0.2 0.2 0.2 0.2 0.2 0.2 0.2 0.2 0.2 0.2 0.2 0.2 0.2 
#total catch biomass 
13415.39 16699.43 16214.46 12498.77 15610.96 22043.05 44108.91 69376.37 88674.53 157841.4 159863.7 154785.3 203102.2 196646.7 154807.3 185613.8 190092.8 165761.7 168773.2 163070.3 161147.9 193461 191916.9 206236.3 177330.4 177381.7 203928 160075.8 
#catch CV 
0.1 0.1 0.1 0.1 0.1 0.1 0.1 0.1 0.1 0.1 0.1 0.1 0.1 0.1 0.1 0.1 0.1 0.1 0.1 0.1 0.1 0.1 0.1 0.1 0.1 0.1 0.1 0.1 
#Length Bins 
0.6062379 1.818714 3.03119 4.243665 5.456141 6.668617 7.881093 9.093569 10.30604 11.51852 12.731 13.94347 15.15595 16.36842 17.5809 18.79338 20.00585 21.21833 22.4308 23.64328 24.85575 26.06823 27.28071 28.49318 29.70566 
#catch length counts 
1.693527e-06 7.965533e-05 0.002594322 0.05850854 0.9136956 9.88036 73.9846 383.6544 1378.163 3433.55 5961.042 7344.602 6851.906 5746.858 5312.971 5244.47 4891.763 4365.275 3902.088 3427.714 2848.343 2193.265 1534.205 940.1821 479.9517 
1.989634e-06 9.358279e-05 0.00304793 0.06873857 1.073453 11.60793 86.92118 450.7481 1619.315 4035.721 7015.806 8687.987 8244.392 7195.088 6946.378 6945.79 6360.035 5448.4 4657.592 3988.322 3319.87 2596.679 1831.266 1114.051 559.9132 
2.679381e-07 1.260252e-05 0.0004104563 0.00925687 0.1445619 1.563345 11.70957 60.78645 219.2886 555.532 1027.299 1561.654 2403.411 3959.063 5863.62 6971.281 6823.178 6054.338 5217.877 4375.12 3527.744 2702.585 1896.591 1154.994 579.2467 
4.890124e-10 2.300132e-08 7.492065e-07 1.690266e-05 0.0002643413 0.002874886 0.02201508 0.1242122 0.5896995 2.890502 14.80641 65.31913 219.9103 560.8567 1151.17 2054.86 3257.087 4398.963 4916.017 4637.404 3869.657 2946.456 2031.634 1220.729 608.0036 
7.249815e-06 0.0003409964 0.01110603 0.2504689 3.911427 42.29633 316.7061 1642.087 5895.522 14656.64 25230.94 30076.14 24827.34 14202.69 5676.871 1745.909 837.3346 1184.469 1936.805 2608.112 2820.236 2482.822 1811.724 1099.178 544.0567 
6.16443e-06 0.0002899451 0.009443322 0.2129709 3.32585 35.96455 269.3058 1396.546 5017.151 12504.44 21741.22 26935.19 25573.97 22202.54 20712.96 18666.35 13373.24 7029.168 2918.281 1502.092 1429.577 1519.998 1318.379 887.742 461.0704 
1.503739e-05 0.0007072865 0.02303586 0.5195169 8.112998 87.73047 656.917 3406.242 12232.12 30437.67 52588.03 63591.6 55482.51 38652.97 26812.91 21600.73 18234.57 14424.2 10118.89 5932.139 2926.668 1480.788 953.0607 649.2393 364.4386 
1.727794e-05 0.0008126709 0.02646816 0.5969241 9.321832 100.8027 754.8117 3914.081 14059.16 35017.09 60726.17 74498.44 68435.4 55003.81 47276.68 42291.11 33460.58 22825.26 14752.99 9537.322 5783.136 3055.773 1425.143 643.498 290.4067 
2.321717e-05 0.001092024 0.0355665 0.8021147 12.52617 135.4529 1014.265 5259.32 18888.92 47024.12 81395.73 99138.92 88801.31 66831.74 52767.31 46130.32 38777.51 29716.23 21190.62 13916.56 8231.766 4377.711 2076.777 862.2681 312.6354 
3.176403e-05 0.001494027 0.04865948 1.097395 17.1374 185.3169 1387.648 7195.516 25843.85 64348.94 111455.2 136085.7 122959.9 94705.84 77087.3 67774.38 55405.18 40691.42 28578.55 19520.74 12366.15 6941.429 3363.087 1382.557 475.7525 
3.100222e-05 0.001458195 0.04749246 1.071075 16.72639 180.8725 1354.373 7023.061 25225.73 62822.49 108897.6 133370 121820.5 96619.18 82129.96 74538.24 62140.28 46298.6 32589.22 21995.24 13833.98 7899.259 3976.384 1698.133 594.404 
4.034921e-05 0.001897832 0.06181116 1.393998 21.76929 235.4043 1762.7 9140.288 32828.49 81736.95 141550.7 172733.1 155769.3 119427.4 96906.11 86014.04 72363.63 55577.41 40593.64 28162.06 17946.89 10289.76 5209.09 2258.639 809.0175 
5.318092e-05 0.002501374 0.08146811 1.837312 28.69226 310.2662 2323.253 12046.76 43264.32 107689.4 186283.8 226324.5 200878 147152.7 110768.9 92493.75 74713.21 55293.61 39358.3 27320.67 17795.98 10479.45 5414.498 2379.941 862.6455 
5.072682e-05 0.002385945 0.07770867 1.752527 27.36824 295.9491 2216.059 11491.16 41272.32 102764.2 177990.3 217314.2 196309.8 151042.2 122470 106576.6 85128.51 59836.86 39631.99 25831.31 16199.56 9428.704 4913.442 2198.987 811.9452 
4.565649e-05 0.002147461 0.0699414 1.577356 24.63268 266.3679 1994.557 10342.6 37147.31 92495.63 160220.7 195695.4 177042.3 136858.7 112114.7 99260.45 81674.97 59979.5 41186.01 26757.24 16062.35 8826.517 4402.591 1931.947 713.1133 
5.490842e-05 0.002582628 0.08411449 1.896995 29.62429 320.3448 2398.724 12438.14 44670.62 111196.6 192397 233971 208375.9 154179.8 118058.1 99957.28 81325.21 60253.09 42363.76 28427.21 17540.45 9691.573 4725.058 1995.805 711.7097 
5.410476e-05 0.002544827 0.08288335 1.86923 29.19071 315.6565 2363.626 12256.31 44019.93 109600 189792.7 231548 208604.7 159339.6 127877.3 110742.5 88721.71 62950.58 42175.86 27605.56 17105.4 9639.887 4784.613 2027.751 713.3368 
5.097116e-05 0.002397438 0.07808298 1.760969 27.50005 297.3741 2226.717 11546.17 41466.31 103211.7 178522.6 216821.7 192203.8 140272.7 104862.7 86902.18 69465.37 50253.93 34198.65 22184.57 13358.78 7331.097 3602.869 1533.471 543.2941 
4.508561e-05 0.00212061 0.06906688 1.557633 24.32469 263.0375 1969.622 10213.35 36683.92 91349.82 158290.5 193593.3 175944.8 137595.8 114209.1 100819.1 80770.56 56532.21 36984.66 23503.31 14099.43 7699.44 3731.352 1562.141 547.5622 
4.861314e-05 0.002286528 0.07447071 1.679503 26.22786 283.6174 2123.718 11012.29 39551.84 98474.94 170524.1 208026.4 187388.6 143195.8 115463.1 101597.3 84213.94 62888.99 43928.22 28726.43 17082.7 9127.551 4344.344 1795.271 621.9364 
5.180732e-05 0.002436767 0.07936389 1.789857 27.95118 302.2526 2263.254 11735.76 42149.08 104930 181623.1 221193.8 198041.4 148738.1 116568.6 100087.3 81412.17 59884.92 41910.22 28244.2 17591.26 9760.672 4711.519 1935.785 661.4553 
5.49113e-05 0.002582763 0.0841189 1.897094 29.62585 320.3619 2398.856 12438.92 44674.82 111220.8 192532.7 234577.6 210332 158585.7 124901.3 107179.9 86300.38 62155.33 42334.57 27954.8 17358.71 9797.334 4871.28 2058.63 715.1071 
5.079547e-05 0.002389174 0.07781384 1.754899 27.40528 296.3496 2219.059 11506.71 41328.16 102903.2 178230.3 217605.3 196576.5 151313.5 123008.3 107892.2 87652.37 63289.23 42929.49 27969.4 17027.79 9450.65 4678.256 1996.839 706.7011 
5.372835e-05 0.002527123 0.08230674 1.856225 28.98763 313.4604 2347.179 12170.97 43712.56 108826.5 188396.5 229579.7 205993.5 155667.6 123245.4 106721.2 87289.63 64351.32 44734.65 29605.54 18066.55 9943.235 4856.664 2050.462 723.4026 
5.598735e-05 0.002633375 0.0857673 1.93427 30.2064 326.6397 2445.866 12682.7 45550.64 113404 196330.6 239293.3 214847.4 162609.7 128884.1 111231.2 90051.83 65349.29 44891.17 29776.85 18427.17 10291.58 5060.251 2131.096 746.4929 
4.999983e-05 0.002351751 0.07659499 1.727411 26.97601 291.7078 2184.302 11326.52 40681.46 101297.7 175482.6 214405.9 194186.6 150531.7 123676.7 109317 89237.24 64783.3 44264.02 29074.84 17830.43 9935.167 4911.396 2085.284 734.3392 
5.405542e-05 0.002542506 0.08280777 1.867525 29.16409 315.3686 2361.469 12245.09 43979.22 109494.5 189581.3 231157.4 207843 157997.8 126297.2 110251.1 90772.91 67467.23 47349.93 31619.02 19457.34 10795.32 5307.559 2248.587 793.3306 
4.629108e-05 0.002177309 0.07091354 1.59928 24.97506 270.0702 2022.277 10486.29 37662.81 93773.19 162392.4 198152.8 178633.5 136736.2 110285.1 96386.3 78559.51 57364.5 39721.97 26593.91 16622.8 9378.881 4655.469 1976.327 696.3248 
#survey length counts 
1.022441e-05 0.000480907 0.01566283 0.3532365 5.5163 59.65123 446.6722 2316.284 8320.86 20733.56 36016.39 44471.97 41792.12 35650.14 33530.39 33086.28 30187.17 25854.8 22113.68 18944.23 15773.14 12338.93 8702.508 5294.395 2660.984 
1.237615e-06 5.821144e-05 0.001895911 0.04275776 0.6677349 7.221084 54.08521 280.7402 1012.411 2561.182 4712.014 7056.152 10582.65 17088.54 25113.26 29798.64 29164.41 25893.27 22329.68 18731.01 15107.04 11575.19 8123.805 4947.491 2481.3 
1.930728e-09 9.08141e-08 2.958008e-06 6.673315e-05 0.001043534 0.01134451 0.08673668 0.4866313 2.274215 10.87711 54.77202 240.0992 806.992 2057.776 4225.287 7546.882 11968.79 16170.44 18075.13 17053.81 14232.76 10838.56 7473.986 4491.033 2236.886 
2.736006e-05 0.001286886 0.04191302 0.9452443 14.76133 159.6221 1195.216 6197.07 22249.1 55312.68 95219 113504.2 93695.25 53595.96 21408.32 6536.315 3021.749 4179.923 6820.543 9184.149 9931.647 8743.843 6380.67 3871.29 1916.202 
2.249423e-05 0.00105802 0.03445903 0.7771385 12.13615 131.2358 982.7032 5095.971 18306.7 45618.59 79262.27 97945.57 92199.41 78473.08 71581.62 63757.19 45505.41 23895.38 9922.202 5114.264 4872.887 5182.337 4495.114 3026.87 1572.096 
5.017328e-05 0.002359909 0.07686069 1.733403 27.06956 292.7185 2191.845 11365.1 40812.46 101549.2 175407.7 211912.9 184247.4 126950.6 86150.92 68066.67 57031.32 45055.94 31614.97 18539.95 9149.2 4630.678 2981.241 2031.093 1140.15 
5.260915e-05 0.002474481 0.08059222 1.817559 28.3838 306.9312 2298.301 11917.77 42806.72 106606.2 184791.1 226305.7 206626.4 163479.9 137558.2 121499.2 95742.24 65278.17 42218.42 27311.44 16567.31 8755.795 4084.024 1844.265 832.3658 
7.084078e-05 0.003332009 0.1085213 2.447431 38.22015 413.2969 3094.744 16047.24 57632.64 143464.6 248243.8 301960.1 269190.6 199867.9 154427.8 132988.6 111234.5 85188.52 60776.68 39933.2 23628.4 12568.45 5963.295 2476.151 897.8362 
8.489375e-05 0.003992993 0.1300492 2.932938 45.80204 495.2847 3708.674 19230.86 69069.23 171961.5 297743.1 363061.7 326501.1 248242.5 198178.3 172038 140064.2 102826 72262.3 49388.85 31298.33 17571.99 8514.545 3500.572 1204.643 
8.317713e-05 0.003912251 0.1274195 2.873632 44.8759 485.2701 3633.697 18842.3 67676.91 168526.9 292014.3 357105.8 324474.3 253803.3 211597.8 189781.1 157643.5 117423.2 82704.66 55851.7 35140.69 20069.73 10104.12 4315.325 1510.575 
9.391065e-05 0.004417104 0.1438622 3.244457 50.66686 547.8908 4102.585 21273.4 76404.7 190219.9 329324.6 401424.3 360559.6 273402.2 218160 191522 160578.5 123309.6 90124.78 62560.24 39881.6 22870.61 11579.48 5021.195 1798.612 
0.0001173366 0.005518946 0.1797485 4.053783 63.30563 684.5605 5125.941 26579.43 95455.14 237584.7 410890.5 498787.1 441342.3 320390.2 237491.3 196050.8 157742.9 116704.4 83128.08 57740.29 37624.62 22160.47 11451.2 5033.73 1824.629 
0.0001105554 0.005199993 0.1693604 3.819505 59.64706 644.9992 4829.732 25043.99 89947.93 223946.6 387776.8 472956.8 425660.4 324191.7 258902.1 223081.1 177624.7 124829.9 82739.86 53966.9 33859.06 19711.88 10273.54 4598.214 1697.898 
0.00010149 0.004773599 0.155473 3.506309 54.75607 592.1099 4433.701 22990.45 82572.89 205589.2 356020.7 434374.5 391450.2 299413.9 241462.9 211632.5 173596.1 127467.3 87587.9 56938.52 34193.46 18794.31 9375.832 4114.667 1518.864 
0.0001156394 0.00543912 0.1771486 3.995149 62.38998 674.6593 5051.806 26195.12 94076.45 234167.8 405080.8 492206.2 437049.7 320585.2 241981.7 202773.6 164413.6 121790.5 85691.03 57537.22 35515.6 19627.62 9570.598 4042.837 1441.761 
0.0001068816 0.005027197 0.1637325 3.692583 57.66499 623.5657 4669.237 24211.71 86957.87 216494.1 374817.1 456891 410372.5 310838.8 246307.9 211518.8 169015.3 119920.9 80409.33 52669.3 32650.05 18404.57 9136.058 3872.226 1362.264 
0.0001160587 0.005458844 0.177791 4.009636 62.61621 677.1054 5070.116 26289.92 94414.87 234990 406365.5 493116 435743.4 315050.8 231770.1 189762 151045.6 109223 74374.73 48276.85 29082.08 15963.55 7846.411 3339.909 1183.355 
0.000105311 0.004953322 0.1613265 3.63832 56.81761 614.4028 4600.635 23856.19 85683.99 213352 369577.9 451449.9 408520.7 315787.8 257771.8 225171 179797.4 125811.7 82365.75 52378.59 31434.85 17170.09 8322.246 3484.422 1221.422 
0.0001083799 0.00509767 0.1660278 3.744347 58.47336 632.307 4734.69 24551.08 88176.34 219523.7 380036 463133.2 415635.9 314346.6 249499.4 217258.2 179498.2 134025.2 93679.63 61297.17 36464.9 19488.19 9276.939 3833.974 1328.274 
0.0001156492 0.005439582 0.1771636 3.995488 62.39529 674.7169 5052.245 26197.54 94087.19 234214.8 405301 493127.8 439974.1 327184.5 252410 214365.4 173744.6 127772 89482.55 60342.37 37596.98 20865.45 10073.12 4138.991 1414.357 
0.0001210333 0.005692821 0.1854115 4.181498 65.30009 706.1283 5287.454 27417.22 98468.32 245127.6 424230.8 516373.3 461391.4 344477.6 267145.3 226819.6 181999.9 131049 89321.38 59020.95 36664.25 20698.19 10292.59 4350.04 1511.143 
0.000114263 0.005374381 0.1750401 3.947597 61.6474 666.6299 4991.702 25883.86 92964.3 231455.6 400772.7 488779.6 439832.9 334968.5 268001.3 232639 188378.5 135992.9 92308.88 60180.28 36652.5 20347.38 10073.75 4300.173 1521.945 
0.0001195121 0.005621273 0.1830812 4.128944 64.47939 697.2537 5221.002 27072.66 97231.09 242050.1 418921.6 509992.9 455973 341140.6 265880.8 227780.9 185665.8 136847.6 95196.19 63040.28 38484.44 21185.31 10349.16 4369.735 1541.717 
0.0001225107 0.005762313 0.1876748 4.232541 66.09721 714.7481 5352.001 27751.96 99671.11 248127.8 429463.2 522932.6 467870.6 350653.2 273704.9 233772.4 188625.4 136856.1 94078.87 62444.67 38658.67 21595.71 10619.77 4472.811 1566.838 
0.0001113681 0.005238219 0.1706053 3.847583 60.08554 649.7408 4865.241 25228.18 90610.43 225605.6 390714.6 476850.1 430186 329929.9 266844.4 233503.4 190018.5 137928.4 94308.13 61986.73 38029.1 21194.78 10478.96 4449.52 1566.986 
0.0001118782 0.00526221 0.1713867 3.865205 60.36072 652.7162 4887.511 25343.47 91021.69 226602 392252.3 477842.6 428254.8 322611.8 254303.5 219930.6 180550.5 134189.8 94246.29 62975.17 38767.75 21513.96 10578.87 4482.186 1581.449 
0.0001016641 0.004781788 0.1557397 3.512325 54.85 593.1256 4441.302 23029.78 82712.87 205925.3 356517.9 434579.8 390333.8 295763 234902.5 203223.5 165106.4 120543.8 83530.34 55960.22 34992.19 19747.57 9803.528 4162.091 1466.509 
0.0001250988 0.005884047 0.1916396 4.321957 67.49355 729.8468 5465.038 28337.66 101768.5 253287.9 437977 531330.4 469044.3 338145 247586.7 202242.9 161465.8 117906.6 81762.01 54459.96 33787.34 19035.02 9513.97 4081.658 1450.503 
