# Number of parameters = 79 Objective function value = 21751.0235764548  Maximum gradient component = 0.0257035199979542
# srv_sel50:
1.09587959674
# srv_sel95:
2.24909086384
# stNatLen:
 11.3481946395 10.7573365796 8.87830620801 7.60095941183 6.77268014390 6.19299076127 5.75909772871 5.42227595080 5.15631835720 4.94566450771 4.78046658571 4.65425515034 4.56272936870 4.50309262396 4.47367251665
# log_avg_fmort_dir:
0.629303578044
# fmort_dir_dev:
 -0.868336941118 -0.728974900805 -0.626802656844 -0.499105756823 -0.399853700763 -0.386667353960 -0.209468617762 -0.254420383407 -0.256593394087 -0.126623981762 -0.0348102184970 0.00388129609425 0.0452081964876 0.0320387900125 0.203556694611 0.263281719915 0.253322315112 0.247252213902 0.290684795805 0.334176173738 0.312505839070 0.331982425636 0.452488850804 0.455030175369 0.476803395409 0.590821358580 0.589400819982 0.361922819802 -0.852699974504
# mean_log_rec:
13.6086842139
# rec_dev:
 -2.02334874441 -1.83598578814 -1.69385281367 -1.44975529485 -1.29903359525 -1.14161225792 -0.808661592512 -0.414091971820 -0.130913920175 0.0147321002433 0.329985277042 0.659731040323 0.678518444291 0.499016478989 0.429944766668 0.419472029423 0.317948324967 0.338269894205 0.339382701437 0.426477004806 0.494993589945 0.546846759152 0.637286370308 0.723349449144 0.765998603349 0.649231528911 0.613683141941 0.956194236812 0.956194236784
# log_avg_NatM:
-1.05607500000
# m_dev:
 0.00000000000 0.00000000000 0.00000000000 0.00000000000 0.00000000000 0.00000000000 0.00000000000 0.00000000000 0.00000000000 0.00000000000 0.00000000000 0.00000000000 0.00000000000 0.00000000000 0.00000000000 0.00000000000 0.00000000000 0.00000000000 0.00000000000 0.00000000000 0.00000000000 0.00000000000 0.00000000000 0.00000000000 0.00000000000 0.00000000000 0.00000000000 0.00000000000 0.00000000000
# log_avg_GrowthK:
-1.18630400000
# log_avg_Linf:
3.44583300000
# GrowthK_dev:
 0.00000000000 0.00000000000 0.00000000000 0.00000000000 0.00000000000 0.00000000000 0.00000000000 0.00000000000 0.00000000000 0.00000000000 0.00000000000 0.00000000000 0.00000000000 0.00000000000 0.00000000000 0.00000000000 0.00000000000 0.00000000000 0.00000000000 0.00000000000 0.00000000000 0.00000000000 0.00000000000 0.00000000000 0.00000000000 0.00000000000 0.00000000000 0.00000000000 0.00000000000
# Linf_dev:
 0.00000000000 0.00000000000 0.00000000000 0.00000000000 0.00000000000 0.00000000000 0.00000000000 0.00000000000 0.00000000000 0.00000000000 0.00000000000 0.00000000000 0.00000000000 0.00000000000 0.00000000000 0.00000000000 0.00000000000 0.00000000000 0.00000000000 0.00000000000 0.00000000000 0.00000000000 0.00000000000 0.00000000000 0.00000000000 0.00000000000 0.00000000000 0.00000000000 0.00000000000
# SelPars50:
1.04281316689
# SelPars95:
1.16112376981
# SelPars_dev50:
 0.00000000000 0.00000000000 0.00000000000 0.00000000000 0.00000000000 0.00000000000 0.00000000000 0.00000000000 0.00000000000 0.00000000000 0.00000000000 0.00000000000 0.00000000000 0.00000000000 0.00000000000 0.00000000000 0.00000000000 0.00000000000 0.00000000000 0.00000000000 0.00000000000 0.00000000000 0.00000000000 0.00000000000 0.00000000000 0.00000000000 0.00000000000 0.00000000000 0.00000000000
# SelPars_dev95:
 0.00000000000 0.00000000000 0.00000000000 0.00000000000 0.00000000000 0.00000000000 0.00000000000 0.00000000000 0.00000000000 0.00000000000 0.00000000000 0.00000000000 0.00000000000 0.00000000000 0.00000000000 0.00000000000 0.00000000000 0.00000000000 0.00000000000 0.00000000000 0.00000000000 0.00000000000 0.00000000000 0.00000000000 0.00000000000 0.00000000000 0.00000000000 0.00000000000 0.00000000000
