# Number of parameters = 106 Objective function value = 26530.6139764183  Maximum gradient component = 0.000762451325424979
# srv_sel50:
2.38744167187
# srv_sel95:
3.80817358011
# stNatLen:
 12.1940904956 11.5910637473 10.2548807220 9.23178984384 8.46467238873 7.88222584408 7.43118784568 7.07575438417 6.79293939182 6.56791431358 6.39090121323 6.25533819998 6.15681990703 6.09248245592 6.06065329960
# log_avg_fmort_dir:
0.996186733679
# fmort_dir_dev:
 0.0443848573084 -0.273664974443 -0.571957209765 -1.15366616693 -0.519754886029 -0.300827033608 -0.593866436387 -0.369781397192 -0.504220089704 -0.292142928521 -0.346346769936 -0.448570115268 0.0732187768301 0.309661787914 0.0644385060346 0.372169131365 0.315521718854 0.0398334110516 0.312148822718 0.254185948371 0.127873338498 0.412139175725 0.448944049442 0.554375286481 0.458250449597 0.664069997068 0.376729788722 0.546852961803
# mean_log_rec:
16.5426534917
# rec_dev:
 -3.61857315862 -2.69940241320 -2.77505931285 -1.97870311290 -1.31203047383 -0.560549780115 -0.534362530606 -0.243675841229 0.101385153219 0.252882614685 0.578909632035 0.303522051549 0.329932843436 0.515979237771 0.376820797754 0.552168459701 0.738215165990 0.606406866991 0.692589945260 0.857186322311 0.899297373507 1.01696350548 0.924268921717 1.03602865165 0.930567352153 1.17962792323 0.914801907842 0.914801897054
# log_avg_NatM:
0.723048240667
# m_dev:
 -1.70797621506 -1.28035898836 -0.384570176170 -0.457377998602 -0.314100838357 -0.285733201918 0.0478490330766 -0.0559267337526 -0.0718384956959 0.0449993224457 0.0127373530275 0.236856438623 0.0499072192321 -0.0151641632584 0.133352534595 0.00255564275251 0.119909826987 0.309049696030 0.215638945584 0.257927200444 0.318454791987 0.280950309423 0.405207512821 0.377992541400 0.491727294311 0.354965719546 0.518454396834 0.394511032048
# log_avg_GrowthK:
-1.20372700000
# log_avg_Linf:
3.45755400000
# GrowthK_dev:
 0.00000000000 0.00000000000 0.00000000000 0.00000000000 0.00000000000 0.00000000000 0.00000000000 0.00000000000 0.00000000000 0.00000000000 0.00000000000 0.00000000000 0.00000000000 0.00000000000 0.00000000000 0.00000000000 0.00000000000 0.00000000000 0.00000000000 0.00000000000 0.00000000000 0.00000000000 0.00000000000 0.00000000000 0.00000000000 0.00000000000 0.00000000000 0.00000000000
# Linf_dev:
 0.00000000000 0.00000000000 0.00000000000 0.00000000000 0.00000000000 0.00000000000 0.00000000000 0.00000000000 0.00000000000 0.00000000000 0.00000000000 0.00000000000 0.00000000000 0.00000000000 0.00000000000 0.00000000000 0.00000000000 0.00000000000 0.00000000000 0.00000000000 0.00000000000 0.00000000000 0.00000000000 0.00000000000 0.00000000000 0.00000000000 0.00000000000 0.00000000000
# SelPars50:
2.30498267479
# SelPars95:
3.52724927507
# SelPars_dev50:
 0.00000000000 0.00000000000 0.00000000000 0.00000000000 0.00000000000 0.00000000000 0.00000000000 0.00000000000 0.00000000000 0.00000000000 0.00000000000 0.00000000000 0.00000000000 0.00000000000 0.00000000000 0.00000000000 0.00000000000 0.00000000000 0.00000000000 0.00000000000 0.00000000000 0.00000000000 0.00000000000 0.00000000000 0.00000000000 0.00000000000 0.00000000000 0.00000000000
# SelPars_dev95:
 0.00000000000 0.00000000000 0.00000000000 0.00000000000 0.00000000000 0.00000000000 0.00000000000 0.00000000000 0.00000000000 0.00000000000 0.00000000000 0.00000000000 0.00000000000 0.00000000000 0.00000000000 0.00000000000 0.00000000000 0.00000000000 0.00000000000 0.00000000000 0.00000000000 0.00000000000 0.00000000000 0.00000000000 0.00000000000 0.00000000000 0.00000000000 0.00000000000
