#Simulated generalized assessment 
# 
#start/end year 
69 97 
#number of ages 
15 
#ages 
1 2 3 4 5 6 7 8 9 10 11 12 13 14 15 
#Number of length bins 
25 
#CPUE years 
29 
#years for CPUE 
69 70 71 72 73 74 75 76 77 78 79 80 81 82 83 84 85 86 87 88 89 90 91 92 93 94 95 96 97 
#survey years 
29 
#years for survey 
69 70 71 72 73 74 75 76 77 78 79 80 81 82 83 84 85 86 87 88 89 90 91 92 93 94 95 96 97 
#length freq from catch years 
29 
#years for length freq catch 
69 70 71 72 73 74 75 76 77 78 79 80 81 82 83 84 85 86 87 88 89 90 91 92 93 94 95 96 97 
#catch length sample sizes 
200 200 200 200 200 200 200 200 200 200 200 200 200 200 200 200 200 200 200 200 200 200 200 200 200 200 200 200 200 
#length freq from survey years 
29 
#years for length freq survey 
69 70 71 72 73 74 75 76 77 78 79 80 81 82 83 84 85 86 87 88 89 90 91 92 93 94 95 96 97 
#survey sample sizes 
200 200 200 200 200 200 200 200 200 200 200 200 200 200 200 200 200 200 200 200 200 200 200 200 200 200 200 200 200 
#total survey biomass 
8464.087 9759.372 15007.86 18250.78 23493.23 24620.8 23402.57 42704.36 51498.25 64011.47 50113.69 87471.71 98786.98 167691.2 88174.34 92947.88 80018.32 89910.27 112528 66792.87 88269.5 99523.77 128750.7 88439.38 118967.4 106636.6 95057.64 91474.39 114211.7 
#survey CV 
0.2 0.2 0.2 0.2 0.2 0.2 0.2 0.2 0.2 0.2 0.2 0.2 0.2 0.2 0.2 0.2 0.2 0.2 0.2 0.2 0.2 0.2 0.2 0.2 0.2 0.2 0.2 0.2 0.2 
#total CPUE 
6329.02 7922.616 12686.54 8403.795 15507.55 17101.52 22461.57 29772.79 32858.44 69938.57 44975.38 149189.6 115709.2 136645.5 128666.4 95462.28 126571.7 109311.6 96722.25 97056.59 88031.16 88309.54 82486.5 136471.8 159555.9 149122.1 166889.2 98804.45 156706.6 
#CPUE CV 
0.2 0.2 0.2 0.2 0.2 0.2 0.2 0.2 0.2 0.2 0.2 0.2 0.2 0.2 0.2 0.2 0.2 0.2 0.2 0.2 0.2 0.2 0.2 0.2 0.2 0.2 0.2 0.2 0.2 
#total catch biomass 
6995.475 6884.861 7753.009 8408.514 10654.08 14031.53 16005.78 21043.31 25772.96 38457.24 53063.17 55028.44 78385.21 100624.2 103251.1 87762.12 78331.95 80077.36 82101.79 84236.75 80518.82 88668.32 90797.89 91414.55 100836.5 117000.5 102350.8 112205.7 35518.41 
#catch CV 
0.05 0.05 0.05 0.05 0.05 0.05 0.05 0.05 0.05 0.05 0.05 0.05 0.05 0.05 0.05 0.05 0.05 0.05 0.05 0.05 0.05 0.05 0.05 0.05 0.05 0.05 0.05 0.05 0.05 
#Length Bins 
0.7268035 2.18041 3.634017 5.087624 6.541231 7.994838 9.448445 10.90205 12.35566 13.80927 15.26287 16.71648 18.17009 19.62369 21.0773 22.53091 23.98451 25.43812 26.89173 28.34534 29.79894 31.25255 32.70616 34.15976 35.61337 
#catch length counts 
2.050375e-37 2.845785e-29 4.774395e-22 9.682378e-16 2.373521e-10 7.033177e-06 0.02519169 10.90713 570.836 3611.315 2783.631 1439.959 7697.021 6497.862 4456.722 4307.237 1760.987 654.2391 136.3673 15.59237 0.7307219 0.0102948 3.279677e-05 1.921328e-08 1.809008e-12 
2.394049e-37 3.322781e-29 5.574655e-22 1.130529e-15 2.771358e-10 8.212042e-06 0.0294142 12.73533 666.5166 4216.63 3250.733 1624.279 8098.698 6498.718 4513.569 3985.52 1537.362 515.5201 96.28635 9.482605 0.3612272 0.003910199 9.209793e-06 3.897148e-09 2.61458e-13 
4.423671e-37 6.139764e-29 1.030073e-21 2.088967e-15 5.120856e-10 1.517403e-05 0.05435092 23.53207 1231.575 7791.364 5990.118 2065.73 8670.256 6620.682 4748.709 3848.064 1431.984 432.5925 70.84456 5.885197 0.1808409 0.001502461 2.614794e-06 7.990673e-10 3.822076e-14 
4.757979e-37 6.603761e-29 1.107918e-21 2.246835e-15 5.507852e-10 1.632077e-05 0.05845835 25.31045 1324.648 8380.252 6468.181 3233.311 14105.81 9844.398 5150.372 3631.91 1290.088 350.5601 50.13712 3.435261 0.08343308 0.0005282493 6.794884e-07 1.501916e-10 5.128043e-15 
8.230898e-37 1.142394e-28 1.916604e-21 3.886833e-15 9.528115e-10 2.823355e-05 0.101128 43.78492 2291.528 14497.03 11149.86 3653.906 13096.29 9186.77 7448.503 4755.599 1206.24 265.5532 32.68102 1.831867 0.03454582 0.0001640557 1.549722e-07 2.477631e-11 6.051276e-16 
1.185839e-36 1.645866e-28 2.761282e-21 5.599825e-15 1.372731e-09 4.067654e-05 0.1456967 63.08165 3301.443 20886.2 16087.1 5882.01 20360.54 12731.14 7114.71 4286.692 1401.191 258.5587 22.29228 0.9703332 0.01407202 4.955e-05 3.398011e-08 3.903197e-12 6.806408e-17 
1.304253e-36 1.810218e-28 3.037016e-21 6.159007e-15 1.509808e-09 4.473838e-05 0.1602456 69.38081 3631.115 22972.03 17739.81 7744.79 26215.19 15931.16 10393.8 5274.747 1212.055 215.1699 17.59538 0.5363186 0.005485457 1.406604e-05 6.950232e-09 5.690683e-13 7.037651e-18 
2.059829e-36 2.858907e-28 4.79641e-21 9.727024e-15 2.384465e-09 7.065607e-05 0.2530785 109.5743 5734.681 36279.92 27944.46 9134.599 26047.4 15853.21 12641.69 6051.64 1384.824 185.9707 11.73717 0.3069632 0.002252515 3.89272e-06 1.337764e-09 7.727418e-14 6.740232e-19 
3.541026e-36 4.91471e-28 8.245446e-21 1.67216e-14 4.099103e-09 0.0001214639 0.435064 188.3677 9858.416 62368.4 48030.33 14555.07 37047.7 19999.84 12191.14 5453.404 1344.073 166.6683 8.352175 0.1576108 0.0008856227 1.106632e-06 2.564215e-10 9.977889e-15 5.985416e-20 
5.190519e-36 7.204097e-28 1.208637e-20 2.451091e-14 6.008561e-09 0.0001780447 0.637727 276.1138 14450.7 91421.91 70555.74 24323.78 59978.76 30242.36 16917.99 6203.373 1158.587 131.588 6.112027 0.090518 0.0003588899 3.19685e-07 5.306174e-11 1.429325e-15 5.786272e-21 
6.281557e-36 8.718387e-28 1.46269e-20 2.966307e-14 7.271551e-09 0.0002154694 0.7717762 334.1525 17488.21 110640.1 85633.66 33908.19 80537.7 40349.88 24956.97 8002.314 1205.494 100.1628 3.594698 0.04499254 0.0001388547 8.748418e-08 1.001529e-11 1.882817e-16 5.339628e-22 
7.157933e-36 9.934738e-28 1.666758e-20 3.380153e-14 8.286047e-09 0.0002455307 0.8794511 380.7719 19928.09 126078 97838.85 42102.71 94144.54 47933.71 32412.05 9814.761 1464.121 98.35258 2.495889 0.0221349 5.217273e-05 2.509744e-08 2.077371e-12 2.710165e-17 5.274953e-23 
1.44391e-35 2.004051e-27 3.362212e-20 6.818498e-14 1.671475e-08 0.0004952885 1.774043 768.0992 40199.26 254322 196311 56883.56 101326.1 51542.8 35100.53 10013.96 1470.561 89.48502 1.872389 0.01167819 1.850935e-05 6.270061e-09 3.797368e-13 3.618352e-18 5.026469e-24 
1.577754e-35 2.189818e-27 3.673874e-20 7.450542e-14 1.826413e-08 0.0005411995 1.938489 839.2986 43925.57 277912.5 216871.7 104040.3 199290.8 79904.12 36284.58 9336.699 1285.653 70.90037 1.307989 0.006569112 7.487748e-06 1.698286e-09 6.889225e-14 4.540532e-19 4.479418e-25 
1.270713e-35 1.763666e-27 2.958915e-20 6.000621e-14 1.470982e-08 0.0004358787 1.561247 675.9659 35377.4 223845.5 176747.3 114293.5 214804 106768.5 64276.39 12418.2 1138.13 52.29188 0.8335616 0.003500249 3.159765e-06 5.289729e-10 1.487782e-14 6.575472e-20 4.340375e-26 
9.593326e-36 1.33149e-27 2.233851e-20 4.530206e-14 1.110527e-08 0.0003290693 1.178673 510.3247 26708.4 169005 134564.7 97590.74 173078 101672.9 67226.5 14796.77 1509.504 48.85718 0.5372549 0.001770194 1.273331e-06 1.656103e-10 3.49481e-15 1.116061e-20 5.148168e-27 
1.332037e-35 1.848779e-27 3.101711e-20 6.290207e-14 1.54197e-08 0.000456914 1.636592 708.5877 37084.7 234647.1 184123.9 85084.26 127818.2 79350.23 50995.37 12013.68 1323.624 44.86293 0.4172107 0.0009299228 4.667979e-07 4.524509e-11 7.218522e-16 1.726751e-21 5.873299e-28 
1.22386e-35 1.698637e-27 2.849816e-20 5.779369e-14 1.416744e-08 0.0004198072 1.503681 651.0421 34073.03 215625 172463.4 115556.5 166462.4 72776.47 35312.94 7985.028 855.1532 29.44309 0.2705583 0.0005311909 1.973584e-07 1.293929e-11 1.419586e-16 2.42829e-22 6.031138e-29 
1.335143e-35 1.85309e-27 3.108944e-20 6.304875e-14 1.545566e-08 0.0004579795 1.640408 710.24 37171.24 235239.4 188144.1 115840.1 154878.4 85915.29 40695.08 6323.303 515.463 16.10145 0.1378853 0.000249508 8.09226e-08 4.238034e-12 3.381967e-17 3.974524e-23 6.713256e-30 
1.350539e-35 1.874459e-27 3.144794e-20 6.37758e-14 1.563389e-08 0.0004632606 1.659324 718.4302 37599.93 237984.7 192416.9 130311.6 161120.7 81087.35 35191.66 5805.887 389.5481 8.286285 0.05505627 8.450941e-05 2.347063e-08 1.035331e-12 6.734229e-18 6.169384e-24 7.737776e-31 
1.621487e-35 2.250517e-27 3.775709e-20 7.657062e-14 1.877039e-08 0.0005562008 1.992221 862.5629 45143.34 285741.8 230781.4 141169.7 159610 83298.9 32365.97 4550.256 274.3803 5.041644 0.02390276 2.56626e-05 5.410167e-09 1.895882e-13 9.886329e-19 7.220758e-25 7.12954e-32 
1.695919e-35 2.353824e-27 3.949029e-20 8.008551e-14 1.963202e-08 0.0005817326 2.083672 902.158 47215.74 298932.8 245507.5 171872.1 180459.1 83667.24 28491.13 3657.475 184.1104 2.764842 0.01068019 8.558281e-06 1.24785e-09 3.04749e-14 1.156143e-19 6.348445e-26 4.784965e-33 
1.957183e-35 2.71644e-27 4.557392e-20 9.2423e-14 2.265641e-08 0.0006713508 2.40467 1041.139 54489.65 345032.1 284512.4 191239.7 188706.9 93857.69 28652.16 3082.536 129.8843 1.599109 0.004831497 2.986552e-06 3.280762e-10 5.760927e-15 1.515552e-20 5.737423e-27 3.029554e-34 
2.202164e-35 3.056459e-27 5.127844e-20 1.039916e-13 2.549233e-08 0.0007553842 2.705663 1171.459 61310.46 388332.5 324456.9 228221.4 208522.5 96306.94 26697.78 2679.347 93.53841 0.9022067 0.002114307 9.929818e-07 8.138001e-11 1.057609e-15 2.037368e-21 5.543952e-28 2.061662e-35 
2.623668e-35 3.641478e-27 6.109335e-20 1.238961e-13 3.037167e-08 0.0008999681 3.223539 1395.682 73045.94 462778.3 389521.7 268281.6 229327.6 103781.2 25123.09 2149.399 63.86057 0.5047565 0.0009044267 3.157446e-07 1.910615e-11 1.820081e-16 2.552183e-22 5.035318e-29 1.353868e-36 
2.967492e-35 4.118683e-27 6.909944e-20 1.401323e-13 3.435178e-08 0.001017906 3.645974 1578.582 82619.18 523665.2 448074 321814.7 255972.8 106956.8 22663.61 1661.739 39.77911 0.2485955 0.0003481616 9.198166e-08 4.081306e-12 2.811232e-17 2.841169e-23 4.035586e-30 7.798229e-38 
2.526677e-35 3.50686e-27 5.883486e-20 1.193159e-13 2.924889e-08 0.0008666981 3.104372 1344.087 70348.21 446481.8 403566.3 368499.9 287073.7 117351.2 21902.46 1370.322 26.79848 0.131314 0.0001395347 2.765423e-08 9.128853e-13 4.612748e-18 3.369776e-24 3.426255e-31 4.719519e-39 
2.400262e-35 3.331405e-27 5.589124e-20 1.133463e-13 2.778551e-08 0.0008233356 2.949054 1276.84 66828.09 423979.7 376354.3 315665.7 266611.7 124337.1 22647.21 1302.68 22.25989 0.09234837 8.135758e-05 1.315442e-08 3.512929e-13 1.434502e-18 8.47287e-25 6.953494e-32 7.69975e-40 
8.745108e-36 1.213763e-27 2.03634e-20 4.129656e-14 1.012337e-08 0.0002999738 1.074458 465.2034 24348.07 154451.6 136206.9 109744.8 89312.19 40244.71 7935.005 493.6374 8.216487 0.03116939 2.432269e-05 3.430973e-09 7.933095e-14 2.792015e-19 1.417809e-25 1.000259e-32 9.535016e-41 
#survey length counts 
8.572893e-37 1.189861e-28 1.996239e-21 4.048332e-15 9.924009e-10 2.940665e-05 0.1053298 45.60419 2386.742 15099.26 11580.02 2868.538 11709.1 9797.967 6097.745 5755.557 2235.657 798.2669 159.6684 17.62044 0.7907169 0.01061741 3.232117e-05 1.818644e-08 1.65287e-12 
1.309545e-36 1.817562e-28 3.049336e-21 6.183993e-15 1.515933e-09 4.491987e-05 0.1608957 69.66227 3645.846 23064.72 17676.31 3578.375 11908.16 9492.938 6239.285 5444.625 2050.577 664.6661 117.4198 11.02127 0.4027738 0.004184525 9.461397e-06 3.856174e-09 2.502757e-13 
1.166873e-36 1.619543e-28 2.717119e-21 5.510262e-15 1.350776e-09 4.002596e-05 0.1433665 62.07274 3248.64 20551.96 15784.39 4678.612 18455.05 13568.72 6640.06 5029.215 1817.491 533.3077 83.01506 6.484826 0.1888779 0.001505902 2.528889e-06 7.476491e-10 3.469195e-14 
1.740209e-36 2.415295e-28 4.052158e-21 8.217695e-15 2.014471e-09 5.969247e-05 0.2138087 92.57179 4844.839 30649.98 23508.86 5287.326 16697.19 12214.93 9431.447 6620.998 1723.699 407.0263 54.93586 3.544558 0.08084027 0.0004863289 6.022648e-07 1.291345e-10 4.292946e-15 
2.159695e-36 2.997515e-28 5.028953e-21 1.019862e-14 2.500071e-09 7.408166e-05 0.2653485 114.8867 6012.714 38038.44 29211.37 7755.195 25219.16 16630.11 8934.271 5823.146 1972.92 403.9957 38.14852 1.915453 0.03386254 0.0001519223 1.370727e-07 2.116525e-11 5.031262e-16 
2.076178e-36 2.881599e-28 4.834479e-21 9.804227e-15 2.403391e-09 7.121687e-05 0.2550872 110.444 5780.197 36567.69 28142.71 9431.261 31655.19 20206.3 12875.82 7201.97 1711.372 331.6624 30.67537 1.092444 0.01361252 4.464097e-05 2.911482e-08 3.210858e-12 5.420007e-17 
2.911021e-36 4.040306e-28 6.778451e-21 1.374656e-14 3.369808e-09 9.985358e-05 0.3576593 154.8541 8104.448 51271.66 39410.37 10793.62 30750.54 19497.48 15452.91 8155.071 1956.892 292.3117 20.60918 0.6389382 0.005797546 1.282339e-05 5.821208e-09 4.535729e-13 5.40583e-18 
4.596453e-36 6.379574e-28 1.070306e-20 2.170559e-14 5.320869e-09 0.0001576671 0.5647378 244.512 12796.78 80957.22 62243.44 16671.13 43357.44 24600.52 14948 7300.929 1904.661 265.82 15.17675 0.339637 0.002370216 3.823552e-06 1.17254e-09 6.154297e-14 5.047316e-19 
6.153221e-36 8.540265e-28 1.432807e-20 2.905703e-14 7.122989e-09 0.0002110672 0.7560084 327.3255 17130.92 108377.4 83502.45 26506.04 68776.95 36496.14 20573.09 8330.363 1642.654 208.5892 11.21222 0.2001909 0.0009909039 1.141075e-06 2.514414e-10 9.146925e-15 5.060206e-20 
7.08311e-36 9.83089e-28 1.649336e-20 3.34482e-14 8.199432e-09 0.0002429642 0.8702581 376.7917 19719.78 124757.1 96392.84 36251.02 92192.65 48281.21 30554.82 10892.33 1753.554 164.1868 6.774314 0.102947 0.0004014553 3.287206e-07 5.001719e-11 1.271088e-15 4.928936e-21 
7.625071e-36 1.05831e-27 1.775534e-20 3.600747e-14 8.826808e-09 0.0002615544 0.9368455 405.6217 21228.63 134304.6 104056.2 43871.41 106284.9 56106.94 39434.77 13224.51 2137.449 164.4757 4.846018 0.05210714 0.0001554179 9.774851e-08 1.079411e-11 1.905475e-16 5.07242e-22 
1.529086e-35 2.12227e-27 3.560548e-20 7.22072e-14 1.770075e-08 0.0005245055 1.878693 813.4093 42570.61 269322.4 207677.9 59188.36 114097.4 59831.18 42850.55 13478.56 2165.727 152.0117 3.756563 0.02872214 5.765842e-05 2.553305e-08 2.067548e-12 2.671482e-17 5.078723e-23 
1.656392e-35 2.298963e-27 3.856988e-20 7.821894e-14 1.917445e-08 0.0005681741 2.035107 881.1311 46114.91 291759 227214 107900.4 225524 94886.19 44871.55 12671.58 1925.074 122.9121 2.705871 0.01685709 2.455326e-05 7.296485e-09 3.957196e-13 3.539717e-18 4.786644e-24 
1.32907e-35 1.844661e-27 3.094802e-20 6.276197e-14 1.538536e-08 0.0004558963 1.632946 707.0094 37002.08 234118.4 184308.5 118945.2 244138.2 124424.7 80885.83 17511.92 1756.032 93.10392 1.783256 0.009359464 1.088188e-05 2.399941e-09 9.042234e-14 5.422965e-19 4.905989e-25 
9.894159e-36 1.373244e-27 2.303902e-20 4.672267e-14 1.145351e-08 0.0003393885 1.215634 526.3277 27545.93 174297.7 138309.7 101132.8 195790.2 116612.4 84529.42 20535.48 2379.306 90.49346 1.187614 0.004896669 4.560651e-06 7.851942e-10 2.226951e-14 9.662984e-20 6.106321e-26 
1.363234e-35 1.892079e-27 3.174355e-20 6.437527e-14 1.578084e-08 0.0004676151 1.674921 725.1831 37953.23 240136 188057.9 88134.92 144646.2 90925.05 64390.29 16625.88 2099.459 84.46506 0.9625874 0.002698061 1.750795e-06 2.251238e-10 4.841917e-15 1.577389e-20 7.359347e-27 
1.253811e-35 1.740206e-27 2.919557e-20 5.920803e-14 1.451415e-08 0.0004300809 1.54048 666.9746 34906.85 220890.4 176119.1 120771.5 191016.3 85877.91 45254.79 11204.24 1378.776 56.53867 0.6439662 0.001614075 7.824267e-07 6.812302e-11 1.008162e-15 2.353481e-21 8.03553e-28 
1.350027e-35 1.873748e-27 3.143601e-20 6.37516e-14 1.562795e-08 0.0004630848 1.658695 718.1575 37585.58 237848.7 189702.3 120452.6 176213.5 100013.8 53036.18 9115.467 842.4617 31.36385 0.3347242 0.0007796299 3.328456e-07 2.329489e-11 2.512361e-16 4.027841e-22 9.355138e-29 
1.356852e-35 1.883221e-27 3.159494e-20 6.407391e-14 1.570696e-08 0.0004654261 1.66708 721.7883 37775.65 239079.7 192712.9 135686.9 183784.5 95098.95 45929.92 8439.06 661.1265 16.74451 0.1379731 0.0002736092 1.005968e-07 5.963297e-12 5.264573e-17 6.59258e-23 1.136503e-29 
1.618443e-35 2.246292e-27 3.76862e-20 7.642686e-14 1.873515e-08 0.0005551566 1.988481 860.9435 45058.53 285183.6 229726 146932.4 181777.3 98034.19 42783.45 6711.797 472.9469 10.53511 0.06258242 8.664778e-05 2.42063e-08 1.144161e-12 8.130414e-18 8.145184e-24 1.108183e-30 
1.700946e-35 2.360801e-27 3.960734e-20 8.032288e-14 1.969021e-08 0.0005834569 2.089848 904.8319 47355.6 299786.3 245464.3 180933.3 207994.7 100268 38319.78 5532.826 328.3343 5.995983 0.02926366 3.049639e-05 5.903472e-09 1.945674e-13 1.008206e-18 7.618444e-25 7.937554e-32 
1.953989e-35 2.712008e-27 4.549956e-20 9.22722e-14 2.261944e-08 0.0006702555 2.400746 1039.44 54400.62 344426.8 283238.8 201514.4 216947.8 113048.2 39083.57 4753.295 237.122 3.57956 0.01373756 1.10908e-05 1.624548e-09 3.857574e-14 1.386313e-19 7.225998e-26 5.284603e-33 
2.184944e-35 3.032558e-27 5.087746e-20 1.031785e-13 2.529299e-08 0.0007494774 2.684506 1162.299 60830.83 385236.1 321015.4 240506.1 239712.9 116703.3 36606.86 4195.589 175.207 2.082382 0.006229575 3.837775e-06 4.206262e-10 7.409769e-15 1.953058e-20 7.319186e-27 3.766734e-34 
2.574181e-35 3.572794e-27 5.994103e-20 1.215592e-13 2.979881e-08 0.0008829932 3.162738 1369.357 71667.85 453967.6 381228.2 281090.9 261678.8 125958.3 34680.14 3404.627 121.6391 1.195646 0.002750566 1.263675e-06 1.025396e-10 1.326835e-15 2.549643e-21 6.93677e-28 2.583678e-35 
2.930325e-35 4.067097e-27 6.823399e-20 1.383772e-13 3.392153e-08 0.001005157 3.600309 1558.81 81583.88 516987.5 441400.9 340961 295252 132217.8 31962.4 2712.924 78.58511 0.6136021 0.001109225 3.873088e-07 2.309938e-11 2.164711e-16 3.002389e-22 5.887968e-29 1.577579e-36 
2.479518e-35 3.441408e-27 5.773675e-20 1.17089e-13 2.870298e-08 0.0008505219 3.046431 1319 69034.39 437982.9 394963.6 390570 329879.5 145908.2 31208.27 2277.006 54.24554 0.3342458 0.0004603704 1.209802e-07 5.382554e-12 3.706561e-17 3.719171e-23 5.223973e-30 9.983794e-38 
2.361112e-35 3.277068e-27 5.497961e-20 1.114975e-13 2.733231e-08 0.0008099063 2.900953 1256.014 65738.5 417218.7 376868.5 345811.9 296843.6 147787.7 29069.35 1853.67 36.10043 0.1746979 0.000183227 3.577968e-08 1.166119e-12 5.853194e-18 4.270668e-24 4.344309e-31 5.977358e-39 
2.396796e-35 3.326595e-27 5.581054e-20 1.131826e-13 2.774539e-08 0.0008221468 2.944796 1274.996 66731.8 423439.6 378914.9 331323 276321.3 128157.9 26008.6 1726.718 31.18641 0.1308916 0.0001146901 1.834375e-08 4.842878e-13 1.954989e-18 1.142444e-24 9.297155e-32 1.024024e-39 
2.396796e-35 3.326595e-27 5.581054e-20 1.131826e-13 2.774539e-08 0.0008221468 2.944796 1274.996 66731.8 423439.6 378914.9 331327.3 276459.5 128438.2 25684.02 1616.328 27.10295 0.1034079 8.102722e-05 1.14628e-08 2.655927e-13 9.361514e-19 4.759251e-25 3.36058e-32 3.205708e-40 
