#Simulated generalized assessment 
# 
#start/end year 
69 97 
#number of ages 
15 
#ages 
1 2 3 4 5 6 7 8 9 10 11 12 13 14 15 
#Number of length bins 
25 
#CPUE years 
29 
#years for CPUE 
69 70 71 72 73 74 75 76 77 78 79 80 81 82 83 84 85 86 87 88 89 90 91 92 93 94 95 96 97 
#survey years 
29 
#years for survey 
69 70 71 72 73 74 75 76 77 78 79 80 81 82 83 84 85 86 87 88 89 90 91 92 93 94 95 96 97 
#length freq from catch years 
29 
#years for length freq catch 
69 70 71 72 73 74 75 76 77 78 79 80 81 82 83 84 85 86 87 88 89 90 91 92 93 94 95 96 97 
#catch length sample sizes 
200 200 200 200 200 200 200 200 200 200 200 200 200 200 200 200 200 200 200 200 200 200 200 200 200 200 200 200 200 
#length freq from survey years 
29 
#years for length freq survey 
69 70 71 72 73 74 75 76 77 78 79 80 81 82 83 84 85 86 87 88 89 90 91 92 93 94 95 96 97 
#survey sample sizes 
200 200 200 200 200 200 200 200 200 200 200 200 200 200 200 200 200 200 200 200 200 200 200 200 200 200 200 200 200 
#total survey biomass 
4900.05 6356.11 9863.106 14994.6 25271.31 15088.41 10004.76 26201.29 20438.06 36750.36 29747.55 52940.26 67348.16 70914.24 46739.24 57203.3 57242.94 47814.11 59263.67 60634.82 57549.28 54927.8 57412.55 70070.8 97313.58 69029.04 60073.7 85548.84 105235.4 
#survey CV 
0.2 0.2 0.2 0.2 0.2 0.2 0.2 0.2 0.2 0.2 0.2 0.2 0.2 0.2 0.2 0.2 0.2 0.2 0.2 0.2 0.2 0.2 0.2 0.2 0.2 0.2 0.2 0.2 0.2 
#total CPUE 
3093.829 3370.648 5569.765 5352.51 5011.915 6958.139 9285.147 6696.636 17332.84 22434.92 13607.4 29562.82 47980.03 35126.58 36337.74 21513.28 39639.03 33058.42 35191.46 38349.19 33183.11 43636.76 36235.7 32822.28 38650.02 36682.75 39561.4 33575.36 41490.23 
#CPUE CV 
0.2 0.2 0.2 0.2 0.2 0.2 0.2 0.2 0.2 0.2 0.2 0.2 0.2 0.2 0.2 0.2 0.2 0.2 0.2 0.2 0.2 0.2 0.2 0.2 0.2 0.2 0.2 0.2 0.2 
#total catch biomass 
3337.88 3613.328 3711.346 4864.484 6115.844 7776.622 8987.121 7416.996 8252.82 18834.36 22158.86 20106.11 32446.13 44678.23 46523.78 38322.56 29910.06 36900.46 34568.44 32077.27 35650.88 33292.79 42494.43 39289.48 47659.17 49852.01 45298.01 40016.34 47795.09 
#catch CV 
0.05 0.05 0.05 0.05 0.05 0.05 0.05 0.05 0.05 0.05 0.05 0.05 0.05 0.05 0.05 0.05 0.05 0.05 0.05 0.05 0.05 0.05 0.05 0.05 0.05 0.05 0.05 0.05 0.05 
#Length Bins 
0.6062379 1.818714 3.03119 4.243665 5.456141 6.668617 7.881093 9.093569 10.30604 11.51852 12.731 13.94347 15.15595 16.36842 17.5809 18.79338 20.00585 21.21833 22.4308 23.64328 24.85575 26.06823 27.28071 28.49318 29.70566 
#catch length counts 
7.803032e-36 3.819044e-29 4.297249e-23 1.111658e-17 6.611444e-13 9.039956e-09 2.841718e-05 0.02053716 3.412278 130.3446 1144.687 2311.316 1094.119 681.4971 3465.659 4885.722 1943.682 1428.778 1135.697 439.2481 191.8063 59.28168 13.42261 1.875785 0.1347161 
8.002835e-36 3.916833e-29 4.407283e-23 1.140123e-17 6.780736e-13 9.271431e-09 2.914482e-05 0.02106303 3.499652 133.6822 1173.997 2370.495 1121.718 687.8579 3486.656 4914.02 1936.449 1370.416 1078.773 401.6842 168.8376 50.8981 11.20285 1.516529 0.1049922 
1.244056e-35 6.088789e-29 6.851203e-23 1.772342e-17 1.054078e-12 1.441261e-08 4.530617e-05 0.03274286 5.440273 207.8114 1825 3684.879 1732.205 763.1401 3550.377 5000.728 1956.601 1344.136 1050.199 379.5978 153.561 44.36333 9.364074 1.22684 0.08221775 
1.485597e-35 7.270966e-29 8.181408e-23 2.116453e-17 1.258734e-12 1.721091e-08 5.410265e-05 0.0391001 6.496536 248.1593 2179.336 4400.384 2075.689 1101.632 5401.836 7598.033 2783.541 1365.42 1012.789 356.4397 139.4709 38.79265 7.788149 0.9726819 0.06271769 
2.243858e-35 1.098213e-28 1.235727e-22 3.196709e-17 1.901203e-12 2.599551e-08 8.171711e-05 0.05905713 9.812425 374.822 3291.688 6646.28 3123.844 1363.92 6327.045 8902.758 3350.672 1915.616 1422.973 414.688 128.4541 33.62679 6.44626 0.7650616 0.04691334 
2.672379e-35 1.307944e-28 1.47172e-22 3.8072e-17 2.264285e-12 3.096e-08 9.732303e-05 0.07033556 11.68635 446.4036 3920.318 7915.638 3730.237 1885.152 9127.61 12834.62 4654.546 2135.042 1541.067 478.9546 154.6437 33.87666 5.282408 0.5769039 0.03353414 
2.108011e-35 1.031725e-28 1.160914e-22 3.003174e-17 1.7861e-12 2.442169e-08 7.676979e-05 0.05548169 9.218361 352.1295 3092.402 6244.154 2963.985 2058.652 10690.87 15045.01 5563.113 2882.255 2099.235 584.9867 163.7746 36.60419 5.463214 0.4947221 0.02481297 
1.655234e-35 8.101222e-29 9.115624e-23 2.358126e-17 1.402466e-12 1.917619e-08 6.02805e-05 0.04356485 7.238361 276.4961 2428.189 4902.969 2326.062 1582.144 8185.165 11534.24 4501.535 3054.458 2323.193 680.3985 200.3605 40.85245 5.478878 0.4758558 0.02120661 
5.996321e-35 2.934783e-28 3.302265e-22 8.542649e-17 5.080633e-12 6.946848e-08 0.0002183748 0.1578199 26.222 1001.647 8796.461 17760.46 8282.76 1913.857 6336.972 8904.045 3445.626 2255.561 1736.585 584.2327 206.3238 44.82029 6.042425 0.4806259 0.01968109 
8.829229e-35 4.321296e-28 4.862391e-22 1.257855e-16 7.480932e-12 1.022882e-07 0.0003215439 0.2323805 38.61035 1474.866 12952.27 26151.95 12278.41 5010.25 22717.13 31876.22 10712.81 2279.109 1294.727 422.0109 150.151 37.21214 5.878383 0.4938795 0.01956001 
3.982581e-35 1.949197e-28 2.193268e-22 5.673777e-17 3.374408e-12 4.613893e-08 0.0001450381 0.1048194 17.41588 665.2644 5842.355 11797.43 5669.031 5729.801 31436.72 44204.29 15634.3 5925.068 3960.586 846.4108 120.9191 23.95367 3.957937 0.3805341 0.01674379 
1.082123e-34 5.296241e-28 5.959415e-22 1.541644e-16 9.168736e-12 1.253659e-07 0.0003940888 0.2848088 47.32139 1807.616 15874.49 32051.49 14966.3 3954.999 14497.24 20424.21 8500.607 7290.711 5598.561 1411.422 303.6055 44.62667 3.503258 0.2595563 0.01214981 
1.847236e-34 9.040941e-28 1.017301e-21 2.631662e-16 1.565148e-11 2.140057e-07 0.0006727288 0.4861825 80.77991 3085.689 27098.52 54714.08 25621.53 8698.758 36636.7 51392.57 17362.79 4003.551 2411.363 900.6404 341.8462 63.71993 6.078932 0.3149688 0.008698196 
1.446333e-34 7.078795e-28 7.965174e-22 2.060515e-16 1.225466e-11 1.675603e-07 0.0005267272 0.3806668 63.24833 2416.005 21217.36 42841.37 20271.49 12403.98 62841.15 88281.35 30482.37 9194.813 5778.889 1252.168 195.9755 43.82826 6.831369 0.4647963 0.01280337 
1.39887e-34 6.846497e-28 7.703788e-22 1.992897e-16 1.185251e-11 1.620616e-07 0.000509442 0.3681749 61.17277 2336.721 20521.09 41434.91 19540.2 10242.37 50066.28 70448.18 26228.43 14120.48 10173.76 2366.305 419.1426 59.82055 5.143976 0.399076 0.0155985 
7.977305e-35 3.904338e-28 4.393224e-22 1.136485e-16 6.759104e-12 9.241854e-08 0.0002905185 0.2099583 34.88487 1332.557 11702.52 23629.96 11254.11 8787.991 46548.3 65483.27 23773.65 10979.52 7870.147 2268.739 630.7542 104.3375 8.59238 0.4299123 0.01253622 
1.380782e-34 6.75797e-28 7.604176e-22 1.967128e-16 1.169925e-11 1.599661e-07 0.0005028548 0.3634142 60.38179 2306.507 20255.74 40898 19155.65 6606.853 28026.6 39453.75 15410.27 10487.17 7916.404 2154.083 567.8246 114.3826 13.60504 0.7936484 0.01967452 
1.078548e-34 5.278744e-28 5.939727e-22 1.536551e-16 9.138446e-12 1.249517e-07 0.0003927869 0.2838679 47.16506 1801.644 15822.05 31947.37 15121.55 9378.75 47648.93 66942.65 23158.88 7147.029 4716.063 1539.014 519.0191 104.2406 12.71866 0.9247167 0.02977896 
1.114542e-34 5.454913e-28 6.137955e-22 1.587831e-16 9.443426e-12 1.291218e-07 0.0004058954 0.2933415 48.73911 1861.771 16350.08 33012.89 15548.82 7636.243 36688.15 51620.34 19234.13 10402.02 7503.434 1760.743 344.5099 73.67357 10.81671 0.8292955 0.0295864 
1.265007e-34 6.191332e-28 6.966586e-22 1.80219e-16 1.07183e-11 1.465534e-07 0.0004606918 0.332943 55.31894 2113.112 18557.36 37469.45 17623.17 8009.562 37624.61 52887.77 19041.82 8300.627 5886.029 1702.299 476.6593 81.06832 8.109358 0.6325459 0.02538652 
1.024987e-34 5.016602e-28 5.64476e-22 1.460246e-16 8.684631e-12 1.187466e-07 0.0003732811 0.269771 44.82284 1712.175 15036.32 30360.81 14364.8 8758.486 44339.8 62337.8 22250.64 9087.923 6297.242 1667.032 419.886 84.1897 10.18593 0.6496565 0.02128508 
1.564012e-34 7.654753e-28 8.61325e-22 2.228166e-16 1.325174e-11 1.811936e-07 0.0005695837 0.4116393 68.39446 2612.58 22943.68 46325.28 21711.05 7840.626 33925.29 47701.22 17700.89 9357.46 6783.248 1742.561 405.6819 74.59941 8.746625 0.6350895 0.02144608 
1.299499e-34 6.360147e-28 7.156539e-22 1.851329e-16 1.101055e-11 1.505493e-07 0.0004732531 0.342021 56.82728 2170.729 19063.35 38491.97 18204.35 10901.75 54977.95 77246.38 26872.49 8771.861 5798.528 1665.719 470.7762 86.77162 9.380471 0.6369058 0.02205136 
1.46852e-34 7.187389e-28 8.087365e-22 2.092125e-16 1.244265e-11 1.701308e-07 0.0005348076 0.3865066 64.21861 2453.068 21542.85 43497.5 20457.57 9276.715 43547.47 61255.73 22698.27 11895.69 8551.189 2038.414 405.408 77.15422 9.594616 0.6535823 0.02119456 
1.827309e-34 8.943409e-28 1.006327e-21 2.603272e-16 1.548263e-11 2.116971e-07 0.0006654715 0.4809377 79.90847 3052.401 26806.19 54124.67 25440.85 11147.44 51769.12 72751.88 25981.86 10661.78 7457.905 2135.368 590.9795 101.3019 9.856402 0.6738209 0.02347222 
1.435931e-34 7.027888e-28 7.907891e-22 2.045697e-16 1.216652e-11 1.663552e-07 0.0005229392 0.3779292 62.79348 2398.63 21064.77 42533.21 20119.35 12146.04 61359.62 86252.41 30592.25 11879.52 8117.728 2090.703 498.2969 97.95472 11.74096 0.7397995 0.02255206 
1.384861e-34 6.777935e-28 7.626641e-22 1.97294e-16 1.173381e-11 1.604387e-07 0.0005043404 0.3644879 60.56018 2313.321 20315.59 41019.98 19345.71 10171.21 49756.72 70010.65 26032.01 13919.85 10094.98 2555.896 574.2772 102.103 11.42352 0.809993 0.02698086 
1.426166e-34 6.980095e-28 7.854115e-22 2.031785e-16 1.208379e-11 1.65224e-07 0.000519383 0.3753592 62.36646 2382.318 20921.52 42243.22 19895.97 9764.159 46901.75 65951.84 23985.44 11206.82 8049.592 2320.902 655.6159 118.9088 12.37215 0.8039482 0.02679033 
2.188395e-34 1.071068e-27 1.205182e-21 3.117693e-16 1.854209e-11 2.535295e-07 0.0007969723 0.5759736 95.69882 3655.572 32103.23 64819.28 30386.01 11169.85 48684.08 68410.8 24704.82 10996.93 7779.672 2123.101 564.0838 114.4369 14.20878 0.9461341 0.02949931 
#survey length counts 
3.950494e-35 1.933493e-28 2.175597e-22 5.628065e-17 3.347221e-12 4.57672e-08 0.0001438696 0.1039749 17.27557 659.9045 5795.281 11701.01 5464.454 1462.987 5409.158 7606.161 2941.594 1921.97 1498.284 557.1513 234.0788 70.68734 15.5908 2.114039 0.1465413 
5.918522e-35 2.896706e-28 3.25942e-22 8.431812e-17 5.014714e-12 6.856716e-08 0.0002155414 0.1557723 25.88178 988.6507 8682.331 17529.98 8169.955 1747.191 5388.538 7566.025 2909.184 1851.017 1432.424 517.2571 209.2116 60.54832 12.80811 1.680926 0.1127915 
6.792975e-35 3.324691e-28 3.740995e-22 9.677601e-17 5.755631e-12 7.869786e-08 0.0002473874 0.1787874 29.70578 1134.723 9965.134 20120.11 9388.243 2302.515 7999.322 11225.33 4066.304 1852.645 1355.765 476.8177 186.6002 51.997 10.46258 1.308998 0.08451379 
9.76311e-35 4.778365e-28 5.376693e-22 1.3909e-16 8.272202e-12 1.131074e-07 0.0003555541 0.2569597 42.69422 1630.864 14322.25 28917.22 13478.37 2917.409 9104.074 12773.3 4746.955 2532.961 1861.975 542.5257 168.1519 44.10529 8.474829 1.007632 0.06187159 
1.130363e-34 5.532343e-28 6.225081e-22 1.61037e-16 9.577471e-12 1.309546e-07 0.0004116569 0.2975054 49.43093 1888.198 16582.16 33480.2 15619.77 3766.747 12915.98 18119.54 6509.744 2795.178 1991.655 618.9754 199.9915 43.88566 6.861483 0.7508549 0.0437065 
8.617171e-35 4.217508e-28 4.745608e-22 1.227644e-16 7.301258e-12 9.983151e-08 0.0003138212 0.2267993 37.68302 1439.443 12641.19 25523.45 11938.24 3687.496 14829.42 20835.12 7625.06 3709.798 2673.46 745.1687 208.8643 46.76972 6.997111 0.6348459 0.03189276 
6.603503e-35 3.231957e-28 3.63665e-22 9.407669e-17 5.595093e-12 7.650279e-08 0.0002404872 0.1738006 28.87721 1103.072 9687.183 19559.1 9147.502 2799.259 11202.29 15758.47 6067.621 3878.795 2928.637 858.1608 253.0368 51.68255 6.949722 0.6047818 0.02699201 
2.329684e-34 1.140219e-27 1.282992e-21 3.31898e-16 1.973922e-11 2.698982e-07 0.0008484272 0.6131601 101.8774 3891.586 34175.91 69001.9 32081.28 4811.166 8592.114 11992.28 4583.403 2833.618 2165.878 729.3113 257.9448 56.136 7.586768 0.6046016 0.02479654 
3.266913e-34 1.598928e-27 1.799139e-21 4.654202e-16 2.768028e-11 3.784779e-07 0.001189748 0.8598338 142.8626 5457.167 47924.84 96762.24 45097.62 9670.758 29904.05 41852.23 14027.31 2856.525 1585.332 517.1184 184.3895 45.80054 7.252408 0.6103581 0.02420805 
1.466701e-34 7.178485e-28 8.077346e-22 2.089533e-16 1.242724e-11 1.6992e-07 0.000534145 0.3860277 64.13905 2450.029 21516.16 43443.49 20418.16 8891.699 41211.34 57893.09 20354.73 7329.109 4838.257 1034.169 148.122 29.43145 4.876164 0.4696498 0.02069126 
3.785449e-34 1.852715e-27 2.084704e-21 5.392933e-16 3.207379e-11 4.385512e-07 0.001378589 0.9963095 165.5382 6323.347 55531.64 112119.8 52156.64 8575.243 18589.11 26057.72 10697.28 8774.812 6710.537 1693.644 365.3074 53.77329 4.234536 0.3147558 0.01475719 
6.50615e-34 3.18431e-27 3.583036e-21 9.268976e-16 5.512607e-11 7.537494e-07 0.002369418 1.712383 284.5149 10868.1 95443.68 192704.1 89736.2 17214.5 47066.31 65810.56 22172.12 4906.992 2899.336 1084.582 412.5087 77.00787 7.364697 0.3823058 0.01058025 
5.128229e-34 2.509913e-27 2.824194e-21 7.305923e-16 4.345106e-11 5.941147e-07 0.001867605 1.349722 224.2582 8566.374 75229.91 151894.1 71000.99 20734.91 80860.52 113420.3 39002.01 11242.45 6961.998 1508.938 236.9308 53.15911 8.303026 0.5656659 0.01560236 
4.87766e-34 2.387276e-27 2.686202e-21 6.94895e-16 4.132801e-11 5.650858e-07 0.001776352 1.283774 213.3008 8147.815 71554.12 144471.7 67451.67 17592.39 63908.33 89751.37 33146.1 17031.96 12181.09 2835.411 503.6732 72.01103 6.213031 0.4833803 0.01891552 
2.8766e-34 1.407896e-27 1.584188e-21 4.098144e-16 2.437319e-11 3.332594e-07 0.001047604 0.7571055 125.7941 4805.175 42199.05 85203.43 39919.54 14091.44 60384.44 84840.08 30579.36 13434.54 9539.18 2753.054 767.1142 127.0683 10.49008 0.5260286 0.01537139 
4.896174e-34 2.396338e-27 2.696397e-21 6.975325e-16 4.148487e-11 5.672307e-07 0.001783094 1.288646 214.1104 8178.741 71825.7 145018.6 67534.9 13069.67 36124.16 50681.08 19580.26 12704.62 9535.579 2597.885 686.7048 138.6257 16.52803 0.9656128 0.02397234 
3.783477e-34 1.85175e-27 2.083618e-21 5.390124e-16 3.205708e-11 4.383227e-07 0.001377871 0.9957905 165.452 6320.053 55502.71 112063.7 52390.91 15515.07 60984.33 85548.56 29473.76 8698.975 5660.709 1850.108 625.4629 125.8622 15.40001 1.121787 0.03617027 
3.912394e-34 1.914846e-27 2.154615e-21 5.573786e-16 3.314939e-11 4.532581e-07 0.001424821 1.029721 171.0896 6535.402 57393.9 115881.3 54077 13412.27 46994.49 65982.56 24383.73 12577.67 9005.338 2114.88 415.1417 89.02828 13.10357 1.006355 0.03595604 
4.518002e-34 2.211249e-27 2.488133e-21 6.436564e-16 3.828066e-11 5.234188e-07 0.001645372 1.189114 197.5729 7547.031 66278.03 133818.5 62412.89 14564 48622.92 68191.58 24389.9 10125.63 7109.409 2058.624 577.7861 98.42096 9.876109 0.7722719 0.03103665 
3.551955e-34 1.738436e-27 1.956116e-21 5.060287e-16 3.009542e-11 4.115005e-07 0.001293555 0.9348552 155.3275 5933.311 52106.34 105206.1 49179.76 14427.49 56409.62 79182.81 28101.5 10967.69 7524.329 1994.247 503.8508 101.255 12.28131 0.7847225 0.02575857 
5.618935e-34 2.750079e-27 3.094433e-21 8.005007e-16 4.760877e-11 6.509639e-07 0.002046311 1.478873 245.7169 9386.068 82428.45 166426.1 77519.98 15416.94 44008.08 61684.33 22697.72 11417.07 8209.889 2111.034 492.7443 90.79401 10.67548 0.7766639 0.0262625 
4.548725e-34 2.226286e-27 2.505052e-21 6.480334e-16 3.854097e-11 5.269782e-07 0.00165656 1.1972 198.9164 7598.352 66728.73 134729.6 62968.88 18157.69 70293.59 98609.96 34153.04 10658.44 6954.005 2000.161 566.8062 104.6653 11.34669 0.7720534 0.02677321 
5.282169e-34 2.585256e-27 2.908971e-21 7.525233e-16 4.475538e-11 6.119489e-07 0.001923667 1.390238 230.99 8823.521 77488.17 156452.2 72967.02 16967.05 56479.57 79259.86 29125.19 14521.85 10353.93 2469.926 492.5848 93.96587 11.71514 0.7994504 0.02596528 
6.385294e-34 3.125159e-27 3.516478e-21 9.096798e-16 5.410206e-11 7.39748e-07 0.002325404 1.680575 279.2298 10666.22 93670.75 189125.5 88192.52 20168.08 66182.83 92790.58 32944.12 12906.9 8937.74 2562.523 711.0538 122.0847 11.91384 0.8164057 0.0284809 
5.116764e-34 2.504301e-27 2.81788e-21 7.289589e-16 4.335391e-11 5.927864e-07 0.001863429 1.346704 223.7568 8547.223 75061.71 151554.4 70832.84 20438.48 79153.56 111085.6 39175.33 14499.26 9796.747 2525.423 603.5809 118.9117 14.2881 0.9018544 0.02753884 
4.883709e-34 2.390237e-27 2.689533e-21 6.957568e-16 4.137926e-11 5.657866e-07 0.001778555 1.285366 213.5653 8157.92 71642.86 144650.9 67534.59 17594.99 63870.15 89694.19 33078.16 16862.16 12135.99 3075.752 693.0288 123.4696 13.85401 0.9843404 0.03283325 
5.121773e-34 2.506753e-27 2.820638e-21 7.296726e-16 4.339636e-11 5.933668e-07 0.001865254 1.348023 223.9759 8555.591 75135.2 151701.8 70788.36 17435.11 60768.72 85271.09 30786.84 13689.16 9742.029 2812.241 796.2929 144.6716 15.09364 0.9828599 0.03280521 
8.121388e-34 3.974857e-27 4.472572e-21 1.157012e-15 6.881184e-11 9.408777e-07 0.002957657 2.137505 355.1495 13566.25 119138.8 240545.7 112048 22381.9 64210.42 89948.59 32245.75 13615.66 9531.389 2603.303 693.2078 140.9148 17.539 1.169872 0.03653078 
8.121388e-34 3.974857e-27 4.472572e-21 1.157012e-15 6.881184e-11 9.408777e-07 0.002957657 2.137505 355.1495 13566.25 119138.8 240545.7 112048 22381.9 64210.42 89948.59 32245.75 13615.66 9531.389 2603.303 693.2078 140.9148 17.539 1.169872 0.03653078 
