#Simulated generalized assessment 
# 
#start/end year 
69 97 
#number of ages 
15 
#ages 
1 2 3 4 5 6 7 8 9 10 11 12 13 14 15 
#Number of length bins 
25 
#CPUE years 
29 
#years for CPUE 
69 70 71 72 73 74 75 76 77 78 79 80 81 82 83 84 85 86 87 88 89 90 91 92 93 94 95 96 97 
#survey years 
29 
#years for survey 
69 70 71 72 73 74 75 76 77 78 79 80 81 82 83 84 85 86 87 88 89 90 91 92 93 94 95 96 97 
#length freq from catch years 
29 
#years for length freq catch 
69 70 71 72 73 74 75 76 77 78 79 80 81 82 83 84 85 86 87 88 89 90 91 92 93 94 95 96 97 
#catch length sample sizes 
200 200 200 200 200 200 200 200 200 200 200 200 200 200 200 200 200 200 200 200 200 200 200 200 200 200 200 200 200 
#length freq from survey years 
29 
#years for length freq survey 
69 70 71 72 73 74 75 76 77 78 79 80 81 82 83 84 85 86 87 88 89 90 91 92 93 94 95 96 97 
#survey sample sizes 
200 200 200 200 200 200 200 200 200 200 200 200 200 200 200 200 200 200 200 200 200 200 200 200 200 200 200 200 200 
#total survey biomass 
8649.387 12843.61 18222.29 17107.47 22676.97 25984.22 33483.99 34576.78 33018 45425.83 70268.05 60888.72 90342.54 95420.57 103396.9 54857.86 79641.49 87466.03 68011.57 117734.7 113093.6 99748.9 103816.9 170266.4 126399.8 124256.9 80133.99 70498.31 85748.64 
#survey CV 
0.2 0.2 0.2 0.2 0.2 0.2 0.2 0.2 0.2 0.2 0.2 0.2 0.2 0.2 0.2 0.2 0.2 0.2 0.2 0.2 0.2 0.2 0.2 0.2 0.2 0.2 0.2 0.2 0.2 
#total CPUE 
6792.082 5976.514 11145.73 17205.08 21250.57 38687.47 28031.6 42678.24 44661.2 63510.69 51107.94 77229.92 121726.3 121436.4 124108.5 120510.8 89111.15 117829 90306.07 79223.87 101143.9 153000.5 135230.4 121301 189443.9 103818.4 124187.7 140424.5 109792.2 
#CPUE CV 
0.2 0.2 0.2 0.2 0.2 0.2 0.2 0.2 0.2 0.2 0.2 0.2 0.2 0.2 0.2 0.2 0.2 0.2 0.2 0.2 0.2 0.2 0.2 0.2 0.2 0.2 0.2 0.2 0.2 
#total catch biomass 
5944.931 6543.568 6357.003 10251.23 15633.67 18395.84 21377.35 25715.89 29042.63 38486.89 47256.58 56965.89 77594.11 98024.97 107142.4 92508.92 88194.81 85388.55 85947.22 81024.61 82795.46 89792.98 90880.73 94044.94 113110.3 123411.1 106929 103252.8 0.9775918 
#catch CV 
0.05 0.05 0.05 0.05 0.05 0.05 0.05 0.05 0.05 0.05 0.05 0.05 0.05 0.05 0.05 0.05 0.05 0.05 0.05 0.05 0.05 0.05 0.05 0.05 0.05 0.05 0.05 0.05 0.05 
#Length Bins 
0.7268035 2.18041 3.634017 5.087624 6.541231 7.994838 9.448445 10.90205 12.35566 13.80927 15.26287 16.71648 18.17009 19.62369 21.0773 22.53091 23.98451 25.43812 26.89173 28.34534 29.79894 31.25255 32.70616 34.15976 35.61337 
#catch length counts 
1.339792e-37 1.859543e-29 3.119768e-22 6.326827e-16 1.550947e-10 4.59574e-06 0.01646119 7.127129 373.0056 2359.773 1821.204 1063.091 5823.775 4972.275 3841.163 3836.092 1731.252 698.5774 162.7663 21.05349 1.122053 0.01777674 6.264636e-05 3.994685e-08 4.035689e-12 
1.620582e-37 2.249261e-29 3.773601e-22 7.652787e-16 1.875991e-10 5.558904e-06 0.01991109 8.620814 451.1791 2854.332 2203.09 1230.703 6284.114 5110.686 4013.385 3672.533 1583.468 583.4837 123.2598 13.78062 0.5980755 0.007295627 1.902241e-05 8.760998e-09 6.309501e-13 
4.053107e-37 5.625445e-29 9.43785e-22 1.913977e-15 4.69189e-10 1.390293e-05 0.04979802 21.56082 1128.408 7138.681 5483.898 1683.082 6746.677 5228.309 4211.275 3527.7 1449.796 479.9142 89.47666 8.506146 0.2982751 0.002791896 5.382468e-06 1.791752e-09 9.204946e-14 
6.896355e-37 9.571686e-29 1.605849e-21 3.256629e-15 7.983244e-10 2.365581e-05 0.08473127 36.68571 1919.984 12146.52 9350.977 3619.016 14744.31 10176.74 4732.836 3334.863 1303.402 385.259 62.24351 4.897531 0.1364262 0.0009740876 1.387326e-06 3.341248e-10 1.226424e-14 
6.549507e-37 9.090283e-29 1.525084e-21 3.092839e-15 7.58173e-10 2.246605e-05 0.08046975 34.84062 1823.42 11535.78 8932.798 5396.95 22795.45 15370.16 9726.373 5954.222 1403.496 319.2716 44.25706 2.832242 0.06128236 0.0003292553 3.448917e-07 6.009281e-11 1.57821e-15 
1.371123e-36 1.903029e-28 3.192726e-21 6.474783e-15 1.587217e-09 4.703214e-05 0.1684615 72.938 3817.285 24149.53 18573.6 5769.194 18819.82 13327.83 13628.09 8209.653 2166.45 364.225 30.93755 1.493912 0.02465758 9.801626e-05 7.466938e-08 9.366805e-12 1.758519e-16 
1.425223e-36 1.978115e-28 3.318699e-21 6.730254e-15 1.649843e-09 4.888785e-05 0.1751083 75.81586 3967.901 25102.84 19433.37 10164.69 35909.25 21195.6 11887.44 7036.391 2582.498 450.7237 31.49803 0.9250351 0.0101977 2.917394e-05 1.595934e-08 1.427606e-12 1.904498e-17 
2.289822e-36 3.178122e-28 5.331959e-21 1.081311e-14 2.650706e-09 7.854526e-05 0.2813363 121.8089 6374.994 40330.95 31106.45 11518.28 34401.54 22183.31 20930.19 9809.605 2158.602 386.9238 30.16607 0.7246795 0.005002011 8.954388e-06 3.331778e-09 2.089948e-13 1.963578e-18 
2.388491e-36 3.315068e-28 5.561714e-21 1.127904e-14 2.764925e-09 8.192978e-05 0.2934591 127.0577 6649.693 42069.61 32622.28 16573.61 49666.92 27848.45 19540.38 9489.906 2656.541 332.6536 19.65823 0.4608017 0.002623408 3.100594e-06 7.121338e-10 2.880239e-14 1.830966e-19 
4.31657e-36 5.991114e-28 1.005134e-20 2.038391e-14 4.996876e-09 0.0001480666 0.5303503 229.6234 12017.57 76028.77 58661.67 19834.44 48799.25 29541.87 26656.26 10599.18 2280.099 293.0891 14.78028 0.2472252 0.001169862 1.128055e-06 1.846646e-10 4.828948e-15 1.943215e-20 
6.521352e-36 9.051207e-28 1.518528e-20 3.079544e-14 7.549139e-09 0.0002236948 0.8012384 346.9085 18155.81 114863.7 88890.44 34892.82 82649.12 41288.21 25862.51 10244.68 2350.507 233.4923 9.792177 0.1364902 0.0004665085 3.35057e-07 4.273749e-11 8.415284e-16 2.38393e-21 
5.381703e-36 7.469449e-28 1.253155e-20 2.541373e-14 6.229877e-09 0.0001846027 0.6612167 286.284 14982.97 94795.78 74289.96 48570.45 118699.7 60282.2 40500.44 12219.93 1970.648 180.7284 6.319513 0.06717667 0.0001782654 9.370796e-08 8.493202e-12 1.218746e-16 2.570006e-22 
1.162983e-35 1.614144e-27 2.708061e-20 5.491893e-14 1.346273e-08 0.0003989253 1.428886 618.6581 32378.11 204842.5 158331.6 50372.99 94444.62 60729.81 53925.92 15521.57 2267.203 144.7372 3.776387 0.03200335 6.329674e-05 2.448665e-08 1.619912e-12 1.655492e-17 2.458694e-23 
1.202472e-35 1.668952e-27 2.800014e-20 5.678371e-14 1.391986e-08 0.0004124709 1.477404 639.6647 33477.53 211815.5 166364 100092.3 201302.6 84735.6 44006.06 14501.44 2533.544 144.9167 2.786113 0.01620762 2.345303e-05 6.660872e-09 3.171138e-13 2.322701e-18 2.466733e-24 
1.069249e-35 1.484047e-27 2.489796e-20 5.049256e-14 1.237766e-08 0.0003667726 1.31372 568.7954 29768.51 188360.4 149356.9 107306.4 206788.1 119144.5 82223.29 17057.09 1938.985 116.7878 2.15097 0.009520311 9.361289e-06 1.820944e-09 6.1385e-14 3.208601e-19 2.420081e-25 
7.207734e-36 1.000386e-27 1.678355e-20 3.40367e-14 8.343697e-09 0.000247239 0.8855698 383.4212 20066.78 126991 102793.1 100378 185888.9 118805.1 84881.57 21719.49 2578.799 98.21175 1.409136 0.005637185 4.43776e-06 6.108393e-10 1.390031e-14 4.935477e-20 2.580606e-26 
1.220984e-35 1.694645e-27 2.843119e-20 5.765788e-14 1.413415e-08 0.0004188207 1.500148 649.5121 33992.92 215085.6 168927 80276.05 124520.7 97410 70280.19 18112.06 2252.393 89.50422 0.982311 0.002694746 1.661602e-06 1.839093e-10 3.156696e-15 7.927848e-21 2.833048e-27 
7.858108e-36 1.090654e-27 1.829798e-20 3.710793e-14 9.096571e-09 0.000269548 0.9654772 418.0183 21877.51 138484.8 114776.8 127372 195399.7 87947.13 46455.08 12944.03 1597.468 62.20959 0.6572661 0.001493285 6.481069e-07 5.027985e-11 6.426924e-16 1.229718e-21 3.28699e-28 
1.346155e-35 1.868374e-27 3.134585e-20 6.356876e-14 1.558313e-08 0.0004617567 1.653937 716.0978 37477.79 237163.5 188114.2 98139.87 135306.9 112159.7 61164.02 10095.6 966.8172 36.32942 0.3553296 0.0007230737 2.632319e-07 1.546768e-11 1.389236e-16 1.844649e-22 3.507384e-29 
9.060031e-36 1.257473e-27 2.109671e-20 4.27837e-14 1.048792e-08 0.0003107763 1.11315 481.9556 25223.84 159725.9 135744.4 159215.5 206837 93792.65 44535.93 10217.61 808.6896 19.85675 0.1575693 0.0002776752 8.554895e-08 4.131674e-12 2.928438e-17 2.917133e-23 3.976989e-30 
1.238114e-35 1.718421e-27 2.883007e-20 5.84668e-14 1.433245e-08 0.0004246967 1.521194 658.6247 34469.99 218200.1 177591.5 121729.8 154808.6 125936 53901.35 7537.774 555.1814 13.07268 0.07318196 9.145384e-05 2.203794e-08 8.551236e-13 4.82932e-18 3.777001e-24 3.971919e-31 
1.605312e-35 2.228067e-27 3.738045e-20 7.58068e-14 1.858314e-08 0.0005506525 1.972348 853.9586 44693.18 282975.2 233362.3 171392.4 184485.3 96502.63 40987.52 7329.221 414.2628 7.029288 0.03337293 3.19552e-05 5.342475e-09 1.468307e-13 6.165612e-19 3.676869e-25 2.962555e-32 
1.356092e-35 1.882166e-27 3.157724e-20 6.403801e-14 1.569816e-08 0.0004651653 1.666147 721.3841 37755.09 239239.4 208510.1 223421.7 235614.2 122481 39496.6 5077.705 283.3855 4.358833 0.0150106 1.070808e-05 1.372689e-09 2.752219e-14 8.066344e-20 3.348583e-26 1.918223e-33 
1.923142e-35 2.669195e-27 4.478128e-20 9.081553e-14 2.226236e-08 0.0006596744 2.362846 1023.031 53542.25 339151.6 284673.5 210403.9 219242.7 147137.8 45325.4 4874.333 194.5776 2.381131 0.0070303 3.865286e-06 3.552749e-10 5.157491e-15 1.110928e-20 3.351611e-27 1.363556e-34 
2.235374e-35 3.102552e-27 5.205174e-20 1.055599e-13 2.587676e-08 0.0007667758 2.746466 1189.126 62235.85 394492.3 342710.8 299423.1 267590.2 130395 38671.21 4375.841 147.6754 1.307155 0.002778362 1.180545e-06 8.444701e-11 9.102071e-16 1.401902e-21 3.00136e-28 8.733852e-36 
2.14012e-35 2.970345e-27 4.98337e-20 1.010617e-13 2.47741e-08 0.0007341018 2.629433 1138.455 59585.08 378098.6 344136.7 357689.6 321137.9 163459.8 37737.85 3241.535 99.33783 0.7647634 0.001216935 3.619384e-07 1.843428e-11 1.465776e-16 1.686497e-22 2.665661e-29 5.610124e-37 
1.840781e-35 2.554882e-27 4.286345e-20 8.692622e-14 2.130894e-08 0.0006314228 2.261654 979.2194 51252.34 325626.5 309060.1 352962.4 323566.9 176666.6 38499.82 2831.771 63.81361 0.3802332 0.000494305 1.139135e-07 4.182547e-12 2.318133e-17 1.863798e-23 2.095213e-30 3.187738e-38 
1.619733e-35 2.248083e-27 3.771626e-20 7.648781e-14 1.875009e-08 0.0005555994 1.990067 861.6313 45097.69 286492.3 270611.7 305696.8 294818.7 167814.3 37586.42 2787.2 57.13 0.2773987 0.0002850764 5.421815e-08 1.683512e-12 7.762128e-18 5.030169e-24 4.447296e-31 5.265735e-39 
2.021091e-40 2.805141e-32 4.706206e-25 9.544091e-19 2.339622e-13 6.932727e-09 2.48319e-05 0.01075137 0.5627147 3.57096 3.209399 2.902137 2.725692 1.565976 0.3655531 0.02813861 0.0005880989 2.7668e-06 2.545825e-09 4.106447e-13 1.074232e-17 4.264235e-23 2.428634e-29 1.898932e-36 1.97542e-44 
#survey length counts 
5.286763e-37 7.337678e-29 1.231048e-21 2.49654e-15 6.119974e-10 1.81346e-05 0.06495519 28.12336 1471.864 9311.474 7144.72 1957.576 8446.677 7145.979 5048.075 4943.192 2140.109 839.0192 189.5187 23.71715 1.213895 0.01842154 6.228759e-05 3.826061e-08 3.741926e-12 
1.097042e-36 1.522622e-28 2.554514e-21 5.180504e-15 1.26994e-09 3.763063e-05 0.1347868 58.35803 3054.227 19321.95 14803.6 2778.932 8641.885 6972.493 5166.572 4661.238 1934.383 685.5105 137.6062 14.77148 0.6170377 0.007243417 1.820308e-05 8.105608e-09 5.663988e-13 
1.591008e-36 2.208214e-28 3.704737e-21 7.513132e-15 1.841756e-09 5.457459e-05 0.1954773 84.63493 4429.455 28022.12 21496.27 5178.082 18295.48 13331.03 5814.778 4371.833 1735.123 552.5505 96.91163 8.683862 0.2906898 0.002622049 4.891409e-06 1.580245e-09 7.901545e-14 
1.263559e-36 1.753737e-28 2.942257e-21 5.966839e-15 1.4627e-09 4.334248e-05 0.1552457 67.21604 3517.82 22255.01 17133.24 6642.398 27087.06 19193.66 11569.89 7775.585 1881.749 454.3446 68.92729 5.071145 0.1329255 0.0009077576 1.250769e-06 2.931044e-10 1.050203e-14 
2.323494e-36 3.224856e-28 5.410365e-21 1.097211e-14 2.689684e-09 7.970025e-05 0.2854733 123.6001 6468.737 40923.32 31401.3 7293.946 21952.73 16073.95 16022.2 10631.64 2908.62 539.7072 49.72984 2.75559 0.05551625 0.0002820137 2.835914e-07 4.795691e-11 1.230122e-15 
2.124089e-36 2.948096e-28 4.946043e-21 1.003047e-14 2.458853e-09 7.286031e-05 0.2609738 112.9926 5913.585 37411.7 28841.1 11515.4 40990.32 25536.03 13933.9 8854.854 3407.56 666.7043 52.36303 1.778741 0.02377746 8.715778e-05 6.312018e-08 7.625943e-12 1.391757e-16 
3.000095e-36 4.163934e-28 6.985864e-21 1.416719e-14 3.47292e-09 0.000102909 0.3686032 159.5925 8352.434 52840.66 40658.73 12622.69 38150.73 25438.97 24050.44 12500.74 2842.28 556.3577 49.94856 1.431025 0.01211755 2.766723e-05 1.361655e-08 1.154935e-12 1.485934e-17 
2.862357e-36 3.972763e-28 6.665133e-21 1.351676e-14 3.313474e-09 9.818429e-05 0.3516801 152.2654 7968.963 50415.41 38973.28 17304.43 54411.28 31911.63 22397.32 11797.88 3522.911 495.5621 32.78861 0.924696 0.006609805 1.006214e-05 3.052013e-09 1.666384e-13 1.451104e-18 
4.773831e-36 6.625763e-28 1.111609e-20 2.254321e-14 5.526203e-09 0.0001637515 0.5865312 253.9478 13290.61 84082.01 64774.94 20311.13 52641.26 32804.37 30396.73 13320.83 3019.234 434.3339 25.41158 0.5085815 0.003020213 3.794656e-06 8.255881e-10 2.913042e-14 1.60275e-19 
6.76069e-36 9.383392e-28 1.574259e-20 3.192565e-14 7.826197e-09 0.0002319045 0.8306443 359.6403 18822.14 119078.2 92006.5 34639.84 88120.84 46038 29388.3 12637.18 3137.42 352.5196 17.03797 0.2893063 0.001248512 1.167712e-06 1.987712e-10 5.298541e-15 2.050977e-20 
5.31928e-36 7.38281e-28 1.23862e-20 2.511896e-14 6.157617e-09 0.0001824614 0.6535472 282.9634 14809.18 93694.57 73245.95 47218.41 125447.2 66085.87 46163.55 15413.81 2653.844 275.0918 11.30834 0.1467247 0.0004948231 3.407528e-07 4.127543e-11 8.033651e-16 2.320474e-21 
1.152829e-35 1.60005e-27 2.684416e-20 5.443943e-14 1.334518e-08 0.0003954422 1.41641 613.2565 32095.41 203052.2 156774 49235.96 99940.02 65004.9 61943.64 19695.74 3144.513 229.3689 6.98005 0.07287734 0.0001842586 9.363976e-08 8.303782e-12 1.152771e-16 2.347367e-22 
1.174952e-35 1.630757e-27 2.735932e-20 5.548416e-14 1.360129e-08 0.0004030311 1.443592 625.0254 32711.35 206963.2 162145.4 97132.01 213435.2 93801.47 50617.74 18023.56 3539.772 235.3119 5.369646 0.03846698 7.124751e-05 2.668563e-08 1.706624e-12 1.700589e-17 2.478829e-23 
1.04125e-35 1.445187e-27 2.4246e-20 4.91704e-14 1.205355e-08 0.0003571686 1.27932 553.9013 28989.01 183422 144980.7 104512.8 219776.5 128611.2 96768.01 22327.87 2749.368 191.7493 4.294507 0.02377106 3.003287e-05 7.703449e-09 3.492832e-13 2.487238e-18 2.577014e-24 
6.867729e-36 9.531955e-28 1.599183e-20 3.243111e-14 7.950105e-09 0.0002355762 0.8437955 365.3343 19120.17 120993.8 97513 96762.2 195467.6 126167.8 98836.08 27701.25 3755.689 166.4972 2.853058 0.01442115 1.476708e-05 2.692739e-09 8.245763e-14 3.989756e-19 2.868417e-25 
1.156591e-35 1.605272e-27 2.693177e-20 5.461709e-14 1.338874e-08 0.0003967328 1.421032 615.2579 32200.18 203736.8 159709.9 77347.6 130628.5 102829.1 82371.97 23164.86 3293.76 155.2221 2.086954 0.007196705 5.770733e-06 8.513147e-10 1.973473e-14 6.756538e-20 3.317378e-26 
7.42094e-36 1.029977e-27 1.728001e-20 3.504351e-14 8.590504e-09 0.0002545523 0.9117651 394.7628 20660.38 130768.5 107829 123557.6 207890.4 96002.78 54636.93 16622.85 2369.764 109.7501 1.438069 0.004178075 2.37018e-06 2.449928e-10 4.239372e-15 1.109045e-20 4.077018e-27 
1.262965e-35 1.752912e-27 2.940874e-20 5.964033e-14 1.462013e-08 0.000433221 1.551727 671.8444 35161.72 222497.6 176105.7 94897.49 141936 119933.7 74172.91 13456.25 1450.808 65.24602 0.7979579 0.002093863 1.005573e-06 7.91485e-11 9.633126e-16 1.750171e-21 4.587563e-28 
8.430899e-36 1.170153e-27 1.963175e-20 3.981279e-14 9.759636e-09 0.0002891959 1.035853 448.4884 23472.25 148613.8 125638.7 154522.4 219978.7 102500.3 52987.55 13587.4 1266.92 36.85758 0.3637333 0.0008318304 3.401745e-07 2.212348e-11 2.13257e-16 2.909743e-22 5.464512e-29 
1.140405e-35 1.582807e-27 2.655487e-20 5.385273e-14 1.320136e-08 0.0003911806 1.401145 606.6475 31749.66 200963.1 163112.7 117317 160932.7 135769.9 66203.45 10224.02 869.2775 25.0127 0.1760682 0.000284376 9.113564e-08 4.782235e-12 3.686743e-17 3.960811e-23 5.747755e-30 
1.475655e-35 2.048112e-27 3.436132e-20 6.968407e-14 1.708223e-08 0.0005061777 1.813046 784.9864 41083.34 260090.8 213869.3 166018.1 195169.4 105555.4 49592.98 10081.87 676.9774 13.85634 0.08329753 0.0001042673 2.321551e-08 8.633275e-13 4.962322e-18 4.078048e-24 4.546178e-31 
1.246674e-35 1.730302e-27 2.90294e-20 5.887104e-14 1.443154e-08 0.000427633 1.531712 663.1785 34708.64 219889 190835.7 218068.9 249898.6 136013.7 49427.99 7105.482 469.309 8.93918 0.03917616 3.653799e-05 6.26799e-09 1.704639e-13 6.839378e-19 3.916113e-25 3.111516e-32 
1.747624e-35 2.425587e-27 4.069426e-20 8.252714e-14 2.023056e-08 0.0005994684 2.147198 929.6628 48655.48 308149.2 257999.9 203430 227984.2 162556.3 56932.94 6971.92 330.481 4.97724 0.0188862 1.368702e-05 1.686179e-09 3.326227e-14 9.829739e-20 4.092612e-26 2.307328e-33 
2.024831e-35 2.810332e-27 4.714915e-20 9.561752e-14 2.343951e-08 0.0006945556 2.487785 1077.125 56373.71 357250.5 309503.6 290760.7 282010.7 145337 48438.13 6349.326 258.8264 2.842059 0.007755432 4.354794e-06 4.194734e-10 6.155871e-15 1.301266e-20 3.848488e-27 1.554564e-34 
1.926691e-35 2.67412e-27 4.486391e-20 9.098311e-14 2.230344e-08 0.0006608917 2.367207 1024.919 53642.27 340269.1 308823.8 347017.4 335742.4 183944.1 48342.65 4768.98 176.9115 1.714579 0.003531335 1.390142e-06 9.545724e-11 1.036266e-15 1.640347e-21 3.584033e-28 1.046403e-35 
1.653551e-35 2.29502e-27 3.850372e-20 7.808478e-14 1.914156e-08 0.0005671996 2.031617 879.6207 46038.64 292362.1 276771.9 342815.9 336307.8 199997.9 49830.15 4284.524 117.3546 0.8794081 0.001489242 4.568636e-07 2.265357e-11 1.714646e-16 1.898859e-22 2.957596e-29 6.257942e-37 
1.455911e-35 2.020709e-27 3.390158e-20 6.875173e-14 1.685368e-08 0.0004994053 1.788789 774.4848 40536.84 257657.5 249336.8 307316.5 300592.5 182472 44065.79 3631.684 84.86185 0.4813052 0.0005901821 1.360243e-07 5.165457e-12 2.928444e-17 2.343716e-23 2.569366e-30 3.78528e-38 
1.762852e-35 2.446722e-27 4.104884e-20 8.324621e-14 2.040683e-08 0.0006046917 2.165907 937.7641 49081.83 311571.4 284360.7 277759.6 267824.8 157944.8 38029.13 3129.632 71.16133 0.3708581 0.0003830852 7.013596e-08 2.099419e-12 9.582775e-18 6.290645e-24 5.674888e-31 6.815996e-39 
1.762852e-35 2.446722e-27 4.104884e-20 8.324621e-14 2.040683e-08 0.0006046917 2.165907 937.7641 49081.83 311571.4 284360.7 277766.6 268053.7 158431.9 37498.05 2919.613 61.46419 0.2906692 0.0002684213 4.341201e-08 1.137898e-12 4.523543e-18 2.579034e-24 2.018072e-31 2.100567e-39 
