# Number of parameters = 79 Objective function value = 22922.4886129270  Maximum gradient component = 0.000691618550712319
# srv_sel50:
1.00952389337
# srv_sel95:
1.40054441230
# stNatLen:
 10.5795450335 10.2502634948 8.44757577262 7.14551087364 6.30518141900 5.72676627672 5.29853177186 4.96842575838 4.70900681915 4.50422397399 4.34403077121 4.22187781526 4.13342908210 4.07585580786 4.04743503032
# log_avg_fmort_dir:
0.284813164490
# fmort_dir_dev:
 -0.526102761186 -0.243580496375 -0.246795213755 -0.148214530467 -0.0300780302955 0.000250476961861 0.0513421360282 0.169828586611 0.250605224929 0.278629172918 0.276232981550 0.326998821660 0.525745836967 0.414532057577 0.509407980545 0.523116447416 0.639423701582 0.625838309265 0.664323691315 0.637758970065 0.781262559776 0.758341347331 0.794428167025 0.753870300607 0.771770846430 0.788275085325 0.853946530339 0.969055797580 -11.1702139977
# mean_log_rec:
13.2454563480
# rec_dev:
 -2.28318619301 -1.74812350514 -1.54571229473 -1.34974003865 -1.10212312696 -0.922369575795 -0.737128712529 -0.542721084883 -0.167675967617 -0.0378503595418 0.258351282016 0.680162398839 0.693485596344 0.459857743896 0.421839860795 0.440975853339 0.347082944856 0.387338382074 0.353549687721 0.552617376314 0.596937288693 0.618248781314 0.712782461980 0.783011296495 0.811277875570 0.790354337351 0.405756364161 0.561500667944 0.561500659155
# log_avg_NatM:
-1.37331700000
# m_dev:
 0.00000000000 0.00000000000 0.00000000000 0.00000000000 0.00000000000 0.00000000000 0.00000000000 0.00000000000 0.00000000000 0.00000000000 0.00000000000 0.00000000000 0.00000000000 0.00000000000 0.00000000000 0.00000000000 0.00000000000 0.00000000000 0.00000000000 0.00000000000 0.00000000000 0.00000000000 0.00000000000 0.00000000000 0.00000000000 0.00000000000 0.00000000000 0.00000000000 0.00000000000
# log_avg_GrowthK:
-1.18630400000
# log_avg_Linf:
3.44583300000
# GrowthK_dev:
 0.00000000000 0.00000000000 0.00000000000 0.00000000000 0.00000000000 0.00000000000 0.00000000000 0.00000000000 0.00000000000 0.00000000000 0.00000000000 0.00000000000 0.00000000000 0.00000000000 0.00000000000 0.00000000000 0.00000000000 0.00000000000 0.00000000000 0.00000000000 0.00000000000 0.00000000000 0.00000000000 0.00000000000 0.00000000000 0.00000000000 0.00000000000 0.00000000000 0.00000000000
# Linf_dev:
 0.00000000000 0.00000000000 0.00000000000 0.00000000000 0.00000000000 0.00000000000 0.00000000000 0.00000000000 0.00000000000 0.00000000000 0.00000000000 0.00000000000 0.00000000000 0.00000000000 0.00000000000 0.00000000000 0.00000000000 0.00000000000 0.00000000000 0.00000000000 0.00000000000 0.00000000000 0.00000000000 0.00000000000 0.00000000000 0.00000000000 0.00000000000 0.00000000000 0.00000000000
# SelPars50:
1.23204449898
# SelPars95:
1.84811487326
# SelPars_dev50:
 0.00000000000 0.00000000000 0.00000000000 0.00000000000 0.00000000000 0.00000000000 0.00000000000 0.00000000000 0.00000000000 0.00000000000 0.00000000000 0.00000000000 0.00000000000 0.00000000000 0.00000000000 0.00000000000 0.00000000000 0.00000000000 0.00000000000 0.00000000000 0.00000000000 0.00000000000 0.00000000000 0.00000000000 0.00000000000 0.00000000000 0.00000000000 0.00000000000 0.00000000000
# SelPars_dev95:
 0.00000000000 0.00000000000 0.00000000000 0.00000000000 0.00000000000 0.00000000000 0.00000000000 0.00000000000 0.00000000000 0.00000000000 0.00000000000 0.00000000000 0.00000000000 0.00000000000 0.00000000000 0.00000000000 0.00000000000 0.00000000000 0.00000000000 0.00000000000 0.00000000000 0.00000000000 0.00000000000 0.00000000000 0.00000000000 0.00000000000 0.00000000000 0.00000000000 0.00000000000
