# Number of parameters = 77 Objective function value = 19308.5212578379  Maximum gradient component = 0.000893545829529217
# srv_sel50:
0.936933344458
# srv_sel95:
1.02089318405
# stNatLen:
 10.6158125794 9.17488689027 7.96018753679 7.09461354740 6.47538640028 6.01367178028 5.65629615689 5.37332891200 5.14704317041 4.96628454759 4.82371212893 4.71436580145 4.63487559271 4.58300656021 4.55739262805
# log_avg_fmort_dir:
0.438121375901
# fmort_dir_dev:
 -0.215139448783 -0.0277024375667 0.0836261704356 -0.0397807381307 -0.142419063823 0.0236908979171 0.124227278663 -0.0396846356742 -0.124768605812 -0.102066566069 0.0110507938484 0.00613281234992 -0.0113922613548 -0.00992749897065 0.0845914157934 0.0790229861866 0.0161736971932 0.0209737546633 -0.00145173359601 0.0404522786347 0.00893547191720 -0.0590039038257 -0.0199716658488 -0.0221691677894 -0.00894482021855 -0.0466094295129 0.119304098342 0.252850321030
# mean_log_rec:
13.2013834333
# rec_dev:
 -2.14501772411 -2.15117488916 -2.17375007558 -1.73162699688 -1.44719740706 -1.47053335568 -1.24049450051 -0.592564966095 -0.133322696557 0.142425894048 0.378766061190 0.624561559223 0.828833048655 0.784680876160 0.635990669238 0.601583832745 0.616577675626 0.622043660046 0.634902724433 0.661710893545 0.731632064596 0.832104915573 0.887012347693 0.972316544064 0.984613714523 0.887558408595 0.629183859764 0.629183861914
# log_avg_NatM:
-0.940144300000
# m_dev:
 0.00000000000 0.00000000000 0.00000000000 0.00000000000 0.00000000000 0.00000000000 0.00000000000 0.00000000000 0.00000000000 0.00000000000 0.00000000000 0.00000000000 0.00000000000 0.00000000000 0.00000000000 0.00000000000 0.00000000000 0.00000000000 0.00000000000 0.00000000000 0.00000000000 0.00000000000 0.00000000000 0.00000000000 0.00000000000 0.00000000000 0.00000000000 0.00000000000
# log_avg_GrowthK:
-1.02151300000
# log_avg_Linf:
3.36611700000
# GrowthK_dev:
 0.00000000000 0.00000000000 0.00000000000 0.00000000000 0.00000000000 0.00000000000 0.00000000000 0.00000000000 0.00000000000 0.00000000000 0.00000000000 0.00000000000 0.00000000000 0.00000000000 0.00000000000 0.00000000000 0.00000000000 0.00000000000 0.00000000000 0.00000000000 0.00000000000 0.00000000000 0.00000000000 0.00000000000 0.00000000000 0.00000000000 0.00000000000 0.00000000000
# Linf_dev:
 0.00000000000 0.00000000000 0.00000000000 0.00000000000 0.00000000000 0.00000000000 0.00000000000 0.00000000000 0.00000000000 0.00000000000 0.00000000000 0.00000000000 0.00000000000 0.00000000000 0.00000000000 0.00000000000 0.00000000000 0.00000000000 0.00000000000 0.00000000000 0.00000000000 0.00000000000 0.00000000000 0.00000000000 0.00000000000 0.00000000000 0.00000000000 0.00000000000
# SelPars50:
0.961219804060
# SelPars95:
1.09615407791
# SelPars_dev50:
 0.00000000000 0.00000000000 0.00000000000 0.00000000000 0.00000000000 0.00000000000 0.00000000000 0.00000000000 0.00000000000 0.00000000000 0.00000000000 0.00000000000 0.00000000000 0.00000000000 0.00000000000 0.00000000000 0.00000000000 0.00000000000 0.00000000000 0.00000000000 0.00000000000 0.00000000000 0.00000000000 0.00000000000 0.00000000000 0.00000000000 0.00000000000 0.00000000000
# SelPars_dev95:
 0.00000000000 0.00000000000 0.00000000000 0.00000000000 0.00000000000 0.00000000000 0.00000000000 0.00000000000 0.00000000000 0.00000000000 0.00000000000 0.00000000000 0.00000000000 0.00000000000 0.00000000000 0.00000000000 0.00000000000 0.00000000000 0.00000000000 0.00000000000 0.00000000000 0.00000000000 0.00000000000 0.00000000000 0.00000000000 0.00000000000 0.00000000000 0.00000000000
