# Number of parameters = 80 Objective function value = 20047.6899049562  Maximum gradient component = 0.000843333818284119
# srv_sel50:
2.92608055296
# srv_sel95:
6.06840931658
# stNatLen:
 12.5067558346 10.6521286542 9.24423081337 8.24688575026 7.52576524811 6.98572482481 6.56873994574 6.24029092142 5.97909121444 5.77147498764 5.60838207006 5.48368621443 5.39323614650 5.33429246468 5.30519749222
# log_avg_fmort_dir:
0.588798743565
# fmort_dir_dev:
 -0.103679778032 -0.0259121420841 0.259465818190 0.153922517848 -0.206180769006 -0.126126738071 -0.0967717741020 -0.369038670446 -0.455443903140 -0.239118131956 -0.0737778983267 -0.0103660090059 -0.0262261231870 0.182610787294 0.264377824647 0.271736690395 0.0930502435039 0.000574152909342 0.0130147434422 0.0355596306278 -0.139230684416 0.0270780856760 0.0129867883279 0.0280223323076 -0.148127137923 -0.0204330753363 0.0402182266286 0.0263695177967 0.631445475439
# mean_log_rec:
15.0362292733
# rec_dev:
 -2.22652540989 -2.26257387197 -2.21147882781 -1.66002771093 -1.40300185027 -1.35265365783 -0.988760649530 -0.337645838348 -0.0432852681120 0.104368155237 0.351088808338 0.588076735031 0.671677681359 0.560472513484 0.528398381770 0.558580883522 0.531287510366 0.504103031329 0.609097443963 0.636988255812 0.624906719340 0.604838898816 0.772348021322 0.910417369574 0.905220334662 0.792765934394 0.752716013641 0.739300223875 0.739300168852
# log_avg_NatM:
0.618058531935
# m_dev:
 0.00000000000 0.00000000000 0.00000000000 0.00000000000 0.00000000000 0.00000000000 0.00000000000 0.00000000000 0.00000000000 0.00000000000 0.00000000000 0.00000000000 0.00000000000 0.00000000000 0.00000000000 0.00000000000 0.00000000000 0.00000000000 0.00000000000 0.00000000000 0.00000000000 0.00000000000 0.00000000000 0.00000000000 0.00000000000 0.00000000000 0.00000000000 0.00000000000 0.00000000000
# log_avg_GrowthK:
-1.02151300000
# log_avg_Linf:
3.36611700000
# GrowthK_dev:
 0.00000000000 0.00000000000 0.00000000000 0.00000000000 0.00000000000 0.00000000000 0.00000000000 0.00000000000 0.00000000000 0.00000000000 0.00000000000 0.00000000000 0.00000000000 0.00000000000 0.00000000000 0.00000000000 0.00000000000 0.00000000000 0.00000000000 0.00000000000 0.00000000000 0.00000000000 0.00000000000 0.00000000000 0.00000000000 0.00000000000 0.00000000000 0.00000000000 0.00000000000
# Linf_dev:
 0.00000000000 0.00000000000 0.00000000000 0.00000000000 0.00000000000 0.00000000000 0.00000000000 0.00000000000 0.00000000000 0.00000000000 0.00000000000 0.00000000000 0.00000000000 0.00000000000 0.00000000000 0.00000000000 0.00000000000 0.00000000000 0.00000000000 0.00000000000 0.00000000000 0.00000000000 0.00000000000 0.00000000000 0.00000000000 0.00000000000 0.00000000000 0.00000000000 0.00000000000
# SelPars50:
2.66847090554
# SelPars95:
5.23858657181
# SelPars_dev50:
 0.00000000000 0.00000000000 0.00000000000 0.00000000000 0.00000000000 0.00000000000 0.00000000000 0.00000000000 0.00000000000 0.00000000000 0.00000000000 0.00000000000 0.00000000000 0.00000000000 0.00000000000 0.00000000000 0.00000000000 0.00000000000 0.00000000000 0.00000000000 0.00000000000 0.00000000000 0.00000000000 0.00000000000 0.00000000000 0.00000000000 0.00000000000 0.00000000000 0.00000000000
# SelPars_dev95:
 0.00000000000 0.00000000000 0.00000000000 0.00000000000 0.00000000000 0.00000000000 0.00000000000 0.00000000000 0.00000000000 0.00000000000 0.00000000000 0.00000000000 0.00000000000 0.00000000000 0.00000000000 0.00000000000 0.00000000000 0.00000000000 0.00000000000 0.00000000000 0.00000000000 0.00000000000 0.00000000000 0.00000000000 0.00000000000 0.00000000000 0.00000000000 0.00000000000 0.00000000000
