# Number of parameters = 77 Objective function value = 25127.9995755352  Maximum gradient component = 0.000145995183285405
# srv_sel50:
0.895388028819
# srv_sel95:
0.973193685211
# stNatLen:
 9.90581737897 8.60053795897 7.45931562299 6.60765865801 5.97451506364 5.49151585068 5.11391020782 4.81385372366 4.57370159979 4.38191432009 4.23073466372 4.11486084169 4.03067003956 3.97575537141 3.94864829968
# log_avg_fmort_dir:
0.464790006881
# fmort_dir_dev:
 -0.394023956226 -0.109927861126 -0.168238600262 0.0267005215976 -0.0412560110412 0.106998673828 0.0687254338747 -0.00296079698322 -0.185548834676 0.0401107480750 -0.0995042624815 0.101334310991 -0.0838156280662 -0.0202382852738 0.000386922634556 0.118846299697 0.0232731962634 0.110808265497 0.0730031854649 -0.0161517376206 -0.0487878529687 -0.105777447310 0.113798974930 -0.113063625223 0.0861616786340 -0.121472654516 0.223202228128 0.417417114159
# mean_log_rec:
13.1476365696
# rec_dev:
 -2.42148994368 -2.02805386446 -1.80057982953 -1.50486879601 -1.30496421670 -1.12625215257 -0.845540704420 -0.421396035064 -0.0602194305113 0.205556966011 0.534288659435 0.644616382174 0.680848736202 0.600958986330 0.600691091596 0.614221469817 0.537210413831 0.413861325812 0.486698166562 0.685912573413 0.793994047176 0.876194574024 0.872237195162 0.880967898639 0.786192586274 0.660252597486 0.319330651539 0.319330651449
# log_avg_NatM:
-0.940144300000
# m_dev:
 0.00000000000 0.00000000000 0.00000000000 0.00000000000 0.00000000000 0.00000000000 0.00000000000 0.00000000000 0.00000000000 0.00000000000 0.00000000000 0.00000000000 0.00000000000 0.00000000000 0.00000000000 0.00000000000 0.00000000000 0.00000000000 0.00000000000 0.00000000000 0.00000000000 0.00000000000 0.00000000000 0.00000000000 0.00000000000 0.00000000000 0.00000000000 0.00000000000
# log_avg_GrowthK:
-1.02151300000
# log_avg_Linf:
3.36611700000
# GrowthK_dev:
 0.00000000000 0.00000000000 0.00000000000 0.00000000000 0.00000000000 0.00000000000 0.00000000000 0.00000000000 0.00000000000 0.00000000000 0.00000000000 0.00000000000 0.00000000000 0.00000000000 0.00000000000 0.00000000000 0.00000000000 0.00000000000 0.00000000000 0.00000000000 0.00000000000 0.00000000000 0.00000000000 0.00000000000 0.00000000000 0.00000000000 0.00000000000 0.00000000000
# Linf_dev:
 0.00000000000 0.00000000000 0.00000000000 0.00000000000 0.00000000000 0.00000000000 0.00000000000 0.00000000000 0.00000000000 0.00000000000 0.00000000000 0.00000000000 0.00000000000 0.00000000000 0.00000000000 0.00000000000 0.00000000000 0.00000000000 0.00000000000 0.00000000000 0.00000000000 0.00000000000 0.00000000000 0.00000000000 0.00000000000 0.00000000000 0.00000000000 0.00000000000
# SelPars50:
1.07964843787
# SelPars95:
1.94835222408
# SelPars_dev50:
 0.00000000000 0.00000000000 0.00000000000 0.00000000000 0.00000000000 0.00000000000 0.00000000000 0.00000000000 0.00000000000 0.00000000000 0.00000000000 0.00000000000 0.00000000000 0.00000000000 0.00000000000 0.00000000000 0.00000000000 0.00000000000 0.00000000000 0.00000000000 0.00000000000 0.00000000000 0.00000000000 0.00000000000 0.00000000000 0.00000000000 0.00000000000 0.00000000000
# SelPars_dev95:
 0.00000000000 0.00000000000 0.00000000000 0.00000000000 0.00000000000 0.00000000000 0.00000000000 0.00000000000 0.00000000000 0.00000000000 0.00000000000 0.00000000000 0.00000000000 0.00000000000 0.00000000000 0.00000000000 0.00000000000 0.00000000000 0.00000000000 0.00000000000 0.00000000000 0.00000000000 0.00000000000 0.00000000000 0.00000000000 0.00000000000 0.00000000000 0.00000000000
