# Number of parameters = 106 Objective function value = 26728.6148570936  Maximum gradient component = 0.000959855194747779
# srv_sel50:
3.68040388645
# srv_sel95:
10.7471322196
# stNatLen:
 13.0236611546 12.2645523773 11.4610732210 10.6855782477 10.0207606396 9.48198564439 9.05099744529 8.70594244201 8.42940378173 8.20877537616 8.03515758511 7.90231780465 7.80595519826 7.74321527101 7.71234916337
# log_avg_fmort_dir:
-0.377709959295
# fmort_dir_dev:
 -0.0629208677659 -0.445800538080 -0.438180618764 -0.703413727884 -0.724085343789 -0.697844431615 -0.767631606237 -0.463938008876 -0.133143387853 -0.102487319890 0.224708187945 0.253688191898 0.154651867923 -0.00438854044739 0.0685656837153 0.166056964824 0.386605635766 0.192959779663 0.137025783473 -0.0150008299157 0.378968924680 0.322723931875 0.431563723199 0.378886638052 0.0348722443650 0.220577950662 0.684231105115 0.522748607961
# mean_log_rec:
15.3207546752
# rec_dev:
 -3.09864246458 -4.19715421425 -2.37604965941 -0.891808199049 -0.541135832986 0.0320501214365 0.120661472280 0.0631077587807 0.305294372563 0.327963214004 0.281099675100 0.402035772354 0.546178174405 0.682271907059 0.654148489282 0.581403930507 0.596556532966 0.679096325551 0.575637434331 0.543070671813 0.449193358669 0.598931321325 0.675478921012 0.699663568906 0.715129324292 0.554967412933 0.510425302032 0.510425308668
# log_avg_NatM:
-0.0541149345693
# m_dev:
 -0.475442363082 -0.559661884069 -0.844515743240 -0.595995791354 -0.326318700398 -0.0712953189225 0.201744303429 0.287306283332 -0.0231286124116 0.190086554809 0.203717987276 0.0780214212981 0.0577930669836 -0.0206217179218 0.245276549805 0.328839549995 0.0913239977525 0.0740604888344 0.195356108699 0.148784347064 0.216477936764 -0.0325627598814 0.0542415048882 0.0926967419602 0.0976032264487 0.238616812432 0.0342555144157 0.113340495094
# log_avg_GrowthK:
-1.02151300000
# log_avg_Linf:
3.36611700000
# GrowthK_dev:
 0.00000000000 0.00000000000 0.00000000000 0.00000000000 0.00000000000 0.00000000000 0.00000000000 0.00000000000 0.00000000000 0.00000000000 0.00000000000 0.00000000000 0.00000000000 0.00000000000 0.00000000000 0.00000000000 0.00000000000 0.00000000000 0.00000000000 0.00000000000 0.00000000000 0.00000000000 0.00000000000 0.00000000000 0.00000000000 0.00000000000 0.00000000000 0.00000000000
# Linf_dev:
 0.00000000000 0.00000000000 0.00000000000 0.00000000000 0.00000000000 0.00000000000 0.00000000000 0.00000000000 0.00000000000 0.00000000000 0.00000000000 0.00000000000 0.00000000000 0.00000000000 0.00000000000 0.00000000000 0.00000000000 0.00000000000 0.00000000000 0.00000000000 0.00000000000 0.00000000000 0.00000000000 0.00000000000 0.00000000000 0.00000000000 0.00000000000 0.00000000000
# SelPars50:
3.17442278592
# SelPars95:
8.08109750111
# SelPars_dev50:
 0.00000000000 0.00000000000 0.00000000000 0.00000000000 0.00000000000 0.00000000000 0.00000000000 0.00000000000 0.00000000000 0.00000000000 0.00000000000 0.00000000000 0.00000000000 0.00000000000 0.00000000000 0.00000000000 0.00000000000 0.00000000000 0.00000000000 0.00000000000 0.00000000000 0.00000000000 0.00000000000 0.00000000000 0.00000000000 0.00000000000 0.00000000000 0.00000000000
# SelPars_dev95:
 0.00000000000 0.00000000000 0.00000000000 0.00000000000 0.00000000000 0.00000000000 0.00000000000 0.00000000000 0.00000000000 0.00000000000 0.00000000000 0.00000000000 0.00000000000 0.00000000000 0.00000000000 0.00000000000 0.00000000000 0.00000000000 0.00000000000 0.00000000000 0.00000000000 0.00000000000 0.00000000000 0.00000000000 0.00000000000 0.00000000000 0.00000000000 0.00000000000
