#Simulated generalized assessment 
# 
#start/end year 
73 100 
#number of ages 
15 
#ages 
1 2 3 4 5 6 7 8 9 10 11 12 13 14 15 
#Number of length bins 
25 
#CPUE years 
28 
#years for CPUE 
73 74 75 76 77 78 79 80 81 82 83 84 85 86 87 88 89 90 91 92 93 94 95 96 97 98 99 100 
#survey years 
28 
#years for survey 
73 74 75 76 77 78 79 80 81 82 83 84 85 86 87 88 89 90 91 92 93 94 95 96 97 98 99 100 
#length freq from catch years 
28 
#years for length freq catch 
73 74 75 76 77 78 79 80 81 82 83 84 85 86 87 88 89 90 91 92 93 94 95 96 97 98 99 100 
#catch length sample sizes 
200 200 200 200 200 200 200 200 200 200 200 200 200 200 200 200 200 200 200 200 200 200 200 200 200 200 200 200 
#length freq from survey years 
28 
#years for length freq survey 
73 74 75 76 77 78 79 80 81 82 83 84 85 86 87 88 89 90 91 92 93 94 95 96 97 98 99 100 
#survey sample sizes 
200 200 200 200 200 200 200 200 200 200 200 200 200 200 200 200 200 200 200 200 200 200 200 200 200 200 200 200 
#total survey biomass 
75603.46 64917.14 31120.56 51673.02 90848.02 152991 195287.2 205567.2 208096.5 312766.7 253966.8 289993.9 355792.3 371306 498204.3 460844.8 328226.7 403871.1 410991.3 481856.9 511580.4 322713.8 493662.6 383062.5 440549.4 624414 493950 322031.8 
#survey CV 
0.2 0.2 0.2 0.2 0.2 0.2 0.2 0.2 0.2 0.2 0.2 0.2 0.2 0.2 0.2 0.2 0.2 0.2 0.2 0.2 0.2 0.2 0.2 0.2 0.2 0.2 0.2 0.2 
#total CPUE 
53009.95 58095.84 39084.81 46994.1 75562.36 110569.5 245518.6 307001.8 234075.5 339906.3 387471.4 282438.4 299318.8 368451.3 479070 414713.9 384190.2 384718.2 504364.9 367036.7 359641.6 355163.7 364024.9 483272.1 463369.6 426045.9 310682.1 478066.4 
#CPUE CV 
0.2 0.2 0.2 0.2 0.2 0.2 0.2 0.2 0.2 0.2 0.2 0.2 0.2 0.2 0.2 0.2 0.2 0.2 0.2 0.2 0.2 0.2 0.2 0.2 0.2 0.2 0.2 0.2 
#total catch biomass 
13857.15 16959.44 15566.24 11735.11 17041.57 28068.08 36420.12 55285.29 85844.61 101717 141366.4 143825.3 145531 149442.4 177046.5 171416.9 203472.5 181140.6 183784.2 152441 216295.7 192294.1 237651.3 236023.9 174751.9 210583 304123.1 232988.6 
#catch CV 
0.1 0.1 0.1 0.1 0.1 0.1 0.1 0.1 0.1 0.1 0.1 0.1 0.1 0.1 0.1 0.1 0.1 0.1 0.1 0.1 0.1 0.1 0.1 0.1 0.1 0.1 0.1 0.1 
#Length Bins 
0.6062379 1.818714 3.03119 4.243665 5.456141 6.668617 7.881093 9.093569 10.30604 11.51852 12.731 13.94347 15.15595 16.36842 17.5809 18.79338 20.00585 21.21833 22.4308 23.64328 24.85575 26.06823 27.28071 28.49318 29.70566 
#catch length counts 
1.681817e-06 7.910459e-05 0.002576385 0.05810401 0.9073783 9.81205 73.47316 381.0038 1368.664 3410.095 5921.784 7303.14 6835.529 5780.108 5401.459 5373.024 5033.661 4487.113 3976.887 3465.618 2889.692 2254.754 1593.974 976.9048 494.8401 
1.835113e-06 8.631488e-05 0.002811219 0.06340013 0.9900854 10.70644 80.17099 415.7492 1493.663 3723.363 6478.247 8047.966 7718.846 6902.359 6848.703 6957.613 6433.104 5563.626 4791.567 4110.501 3414.532 2670.187 1891.337 1157.09 582.9498 
2.723958e-07 1.281219e-05 0.0004172851 0.009410873 0.1469666 1.589338 11.90389 61.78749 222.7903 563.3262 1034.485 1540.703 2289.243 3673.288 5401.473 6458.336 6424.048 5835.625 5142.06 4378.629 3562.65 2741.031 1927.825 1176.927 591.9258 
5.870898e-10 2.761439e-08 8.9945e-07 2.029091e-05 0.0003172457 0.003446633 0.02628619 0.1461506 0.6654895 3.048923 14.86281 64.22304 213.9952 538.9614 1083.768 1886.6 2937.245 3951.932 4457.016 4280.896 3647.122 2824.588 1968.36 1189.534 594.4593 
8.08901e-06 0.000380468 0.01239159 0.2794617 4.36419 47.1923 353.366 1832.165 6577.952 16353.21 28151.52 33557.54 27700.85 15844.37 6322.728 1906.866 817.1306 1059.473 1704.215 2296.063 2507.119 2241.222 1662.155 1021.787 510.2063 
5.643305e-06 0.0002654339 0.008645008 0.1949669 3.044693 32.92428 246.5418 1278.535 4593.725 11454.36 19951.26 24885.36 24156.91 22016.66 21620.25 19981.7 14421.89 7565.033 3057.957 1425.484 1249.54 1314.635 1150.113 783.6518 411.5786 
1.23615e-05 0.0005814255 0.01893665 0.4270693 6.669298 72.11894 540.0198 2800.117 10055.6 25023.04 43241.93 52332.47 45801.6 32243.46 22912.29 19086.03 16743.93 13800.74 9992.265 5930.142 2872.95 1359.395 813.4739 540.8452 303.9609 
1.709144e-05 0.0008038988 0.02618246 0.5904807 9.221205 99.71435 746.6571 3871.688 13905.36 34618.91 59932.51 73039.63 65545.96 49501.13 38940.49 33002.13 25810.54 17879.06 11984.87 8096.367 5078.832 2718.744 1245.115 535.237 230.1921 
2.220894e-05 0.001044602 0.03402199 0.767282 11.98221 129.5708 970.223 5030.994 18069.58 44991.25 77923.92 95130.69 85912.04 66085.11 53700.23 47164.75 38435.59 27790.5 18706.74 11967.48 7151.302 3919.688 1911.764 800.7202 285.7459 
3.008765e-05 0.001415178 0.04609143 1.039478 16.23295 175.5365 1314.412 6815.731 24479.44 60948.16 105540.9 128751.9 115976.3 88603.89 71355.96 62574.11 51552.87 38263.3 26779.68 17778.43 10805.6 5877.512 2824.299 1173.069 409.2308 
3.493108e-05 0.00164299 0.0535111 1.206811 18.84608 203.7939 1526.002 7912.889 28419.79 70756.64 122511.6 149387.7 134345.7 102163.6 81645.72 71086.95 58179.07 42911.42 30044.04 20236.39 12640.17 7082.776 3471.213 1448.467 501.1225 
4.13752e-05 0.00194609 0.06338288 1.429444 22.32283 241.39 1807.519 9372.639 33662.3 83805.88 145085.1 176815.9 158697.4 120009.4 95051.33 82154.01 66850.29 48944.26 33962.89 22727.52 14207.3 8050.765 4024.911 1716.218 603.1762 
4.066781e-05 0.001912818 0.06229922 1.405005 21.94118 237.263 1776.618 9212.456 33087.66 82381.83 142664.7 174077.8 156919.7 120091 96818.81 84553.12 68792.35 50012.11 34339.31 22736.89 14088.86 7944.597 3979.069 1712.669 610.691 
5.088421e-05 0.002393348 0.07794977 1.757965 27.45314 296.867 2222.925 11526.6 41397.31 103052.8 178336 217011 193719.3 144276.8 111600.2 95008.91 77106.47 56608.72 39302.75 26113.22 16098.64 8996.072 4469.981 1917.161 685.0115 
5.274655e-05 0.002480944 0.08080271 1.822306 28.45793 307.7326 2304.295 11948.72 42916.06 106860.3 185107.7 226112.6 204612.8 158213.1 129382 113666.7 91956.6 65901.65 44522.27 29171.53 17970.98 10064.95 4993.85 2131.35 757.741 
4.773539e-05 0.002245243 0.07312608 1.649178 25.7543 278.4967 2085.381 10813.62 38840.06 96720.14 167604.1 205023.4 186479.6 146260.7 122400 110000.6 91316.57 67728.56 47171.93 31172.13 18991.52 10474.62 5147.379 2187.859 775.8647 
6.332275e-05 0.002978397 0.09700444 2.187696 34.164 369.4352 2766.304 14344.05 51513.9 128215.2 221733.8 269130.4 238025.1 172599.9 127864 105966.7 86192.59 64712.87 46344.97 31644.19 19841.23 11128.41 5480.709 2313.928 813.9037 
5.451118e-05 0.002563943 0.08350595 1.883271 29.40998 318.0275 2381.378 12348.31 44349.65 110414 191154.5 232983.7 209165.3 158186.6 124873.9 106478.7 83962.47 58303.7 38239.27 24844.9 15530.02 8898.734 4492.38 1929.092 683.123 
5.146456e-05 0.002420645 0.07883882 1.778015 27.76627 300.2533 2248.291 11658.32 41873.16 104264.7 180619.3 220667.8 199812.9 154799.6 127071 112228.4 91449.14 65945.32 44260.72 28181.73 16667.73 9051.865 4454.325 1915.223 687.1674 
5.127209e-05 0.002411592 0.07854398 1.771366 27.66242 299.1301 2239.873 11614.54 41713.91 103848.5 179764.7 218994.5 196283.1 147892.3 116604.1 100830.8 82714.63 61368.45 42938.33 28451.4 17225.94 9318.204 4454.193 1847.975 646.9655 
4.337229e-05 0.002040023 0.06644223 1.498441 23.40032 253.0419 1894.781 9825.404 35292.37 87903.11 152444.5 187040.2 171914.9 138523.2 120073.5 109641.3 90466.32 65958.13 45417.86 30240.45 18785.24 10490.99 5122.863 2129.227 734.3639 
5.053639e-05 0.002376988 0.07741694 1.745948 27.26549 294.8377 2207.73 11447.81 41114.46 102349.7 177125.6 215571 192556.1 143769.4 112061.2 97061.6 81428.54 62907.06 46017.18 31617.35 19787.82 11112.37 5506.805 2333.945 816.8168 
5.369123e-05 0.002525377 0.08224986 1.854943 28.9676 313.2439 2345.562 12162.67 43683.98 108767.3 188375.8 229938.8 207543.1 159369.1 129023 112707.4 91299.11 66136.6 45863.03 31337.22 20254.7 11815.17 6011.963 2591.238 919.5675 
5.704239e-05 0.002682999 0.08738353 1.97072 30.77562 332.795 2491.957 12921.71 46409.11 115542 200037.1 243835.7 219011.8 165980.1 131970.9 114541.3 93626.22 68842.72 47769.22 31784.41 19802.5 11332.72 5811.651 2563.518 932.1178 
5.165458e-05 0.002429582 0.0791299 1.78458 27.86878 301.3615 2256.582 11701.17 42024.96 104622 181097.2 220586.5 197601.9 148612.2 116651.4 100056.3 80918.93 58806.84 40463.09 26862.64 16668.27 9404.836 4729.809 2061.041 750.5896 
5.583427e-05 0.002626175 0.08553279 1.928981 30.12382 325.7469 2439.188 12648.23 45428.93 113121.9 195985.5 239547.7 217249.6 169014.5 139556.3 123667.4 100895.4 73072.22 49807.01 32692.66 20074.53 11223.75 5589.751 2407.26 866.6574 
5.844648e-05 0.002749041 0.08953446 2.019229 31.53317 340.987 2553.303 13239.93 47553.68 118407.9 205110.6 250547.8 226746.9 175484 144139.7 128247.4 106569.1 79703.7 56198.04 37595.33 23127.77 12828.77 6318.657 2690.744 958.3291 
6.135796e-05 0.002885983 0.09399457 2.119816 33.10397 357.9729 2680.489 13899.35 49920.82 124289.3 215212.1 262478.3 236226.5 180036.3 144458.6 126389.6 104157.9 77672.53 55119.76 37587.5 23734.97 13456.65 6694.236 2846.804 1006.163 
#survey length counts 
8.805348e-06 0.0004141612 0.01348896 0.3042102 4.750685 51.37219 384.6795 1994.838 7166.483 17860.74 31050.64 38456.48 36510.14 31904.28 30872.48 30983.73 28556.7 24694.58 21279.25 18262.48 15174.21 11868.04 8406.988 5143.483 2591.382 
1.162987e-06 5.47013e-05 0.001781587 0.04017945 0.627469 6.785588 50.82195 263.7718 950.7953 2401.138 4389.548 6449.058 9348.084 14697.97 21435.73 25575.99 25439.02 23122.63 20386.92 17367.19 14134.24 10876.22 7650.126 4670.568 2349.081 
2.163051e-09 1.017413e-07 3.313878e-06 7.475702e-05 0.001168721 0.01269317 0.09668505 0.5351172 2.40402 10.7593 51.4971 220.9044 734.5972 1849.613 3720.616 6480.827 10095.84 13588.68 15329.11 14726.15 12548.01 9719.245 6773.538 4093.617 2045.8 
2.84961e-05 0.001340319 0.04365332 0.9844924 15.37424 166.2498 1244.844 6454.383 23172.92 57609.36 99172.65 118217 97584.5 55813.79 22260.7 6674.104 2766.363 3500.466 5616.442 7566.431 8262.405 7386.488 5478.252 3367.78 1681.66 
1.920406e-05 0.0009032665 0.0294188 0.6634687 10.36103 112.0406 838.9737 4350.758 15631.32 38968.7 67823.44 84351.52 81114.09 72444.49 69677.97 63755.53 45872.34 24043.61 9720.367 4537.227 3982.342 4191.052 3666.732 2498.441 1312.21 
3.923951e-05 0.001845637 0.0601112 1.35566 21.17056 228.9293 1714.2 8888.453 31919.14 79424.9 137219.5 165908.1 144687.3 100725.3 70042.45 57281.3 49915.44 41099.34 29765.12 17669.87 8562.351 4052.661 2425.891 1613.088 906.6046 
5.247717e-05 0.002468273 0.08039004 1.812999 28.31258 306.1606 2292.515 11887.46 42693.44 106280.5 183929.2 223850.3 199906.6 148914.8 114646.2 95721.84 74475.45 51548.44 34574.42 23371.97 14666.48 7852.474 3596.631 1546.235 665.0475 
6.371912e-05 0.00299704 0.09761164 2.20139 34.37786 371.7482 2783.637 14434.19 51841.39 129067.5 223461.8 272426.1 244806.6 185749 147858.2 128114.5 103941.9 75113.91 50589.24 32382.72 19357.99 10612.74 5176.909 2168.463 773.8788 
7.638961e-05 0.003592999 0.1170216 2.639134 41.21387 445.6699 3337.158 17304.36 62149.23 154725 267845.6 326355.2 292696.8 220930.1 174664.9 151294.7 124153 92115.06 64508.87 42850.73 26053.62 14174.43 6812.105 2829.635 987.1824 
8.607845e-05 0.004048716 0.131864 2.973867 46.44121 502.1962 3760.423 19499.11 70031.31 174343.5 301777.1 367555.4 329180 247446.2 194244.9 167098.2 136221.9 100439.2 70366.51 47424.54 29633.43 16608.25 8140.604 3397.17 1175.366 
9.697584e-05 0.004561276 0.1485578 3.350354 52.32059 565.7733 4236.484 21967.6 78896.35 196407.2 339927.7 413831.4 370007.8 276811.4 215581.2 184199 149324.3 109294.2 75890.55 50816.77 31778.41 18011.63 9005.927 3840.41 1349.799 
9.968925e-05 0.004688902 0.1527145 3.444098 53.78454 581.6041 4355.029 22582.4 81105.87 201922.2 349572 426040.5 382429.5 289272.6 229106.9 197737.7 160267.3 116475.6 80026.02 53020.23 32866.46 18537.26 9285.657 3997.041 1425.3 
0.0001202744 0.005657128 0.1842489 4.15528 64.89066 701.7007 5254.293 27245.13 97848.18 243563.5 421384.9 512255.6 455618.5 335812.9 255381.6 214802.7 173621.3 127417.2 88520.31 58849.83 36294.2 20286.03 10081.11 4324.106 1545.098 
0.000118142 0.005556831 0.1809823 4.08161 63.74021 689.2609 5161.165 26762.64 96121.27 239323.1 414446.4 505695.4 455816.6 348696.6 280675.1 244080.1 196828.3 141034.4 95348.83 62515.76 38528.26 21583.34 10710.29 4571.462 1625.33 
0.0001044776 0.004914121 0.1600497 3.609526 56.36795 609.5405 4564.227 23667.43 85006.39 211668.6 366688 448048.6 405898.8 314968.2 259583.8 231084.6 191290.6 141873.2 98882.96 65384.52 39850.48 21984.21 10804.87 4592.922 1628.834 
0.0001297793 0.006104193 0.1988096 4.483659 70.01875 757.1533 5669.506 29397.86 105575.5 262759.5 454329.8 551052 486092.4 349755.2 255614.8 209658.2 169934.1 127561.2 91419.2 62459.4 39177.11 21978.09 10825.56 4570.861 1607.837 
0.0001229522 0.005783077 0.188351 4.247792 66.33538 717.3235 5371.285 27851.95 100030.2 249021 431005 524785.7 469419.2 351395.5 273002 230259.8 180910 125582.7 82423.12 53590.91 33513.27 19207.67 9697.928 4164.737 1474.867 
0.0001152496 0.005420785 0.1765514 3.981682 62.17969 672.386 5034.807 26107.45 93768.31 233467.2 404322.3 493423.4 445027.7 341084 275588.2 240940.6 195710.2 141106.6 94771.81 60381.99 35726.66 19407.12 9551.477 4107.203 1473.704 
0.0001223335 0.005753977 0.1874032 4.226418 66.00158 713.7139 5344.253 27711.72 99525.61 247756 428754.4 521763.5 465857.1 347205.8 269074.7 229930.1 187887 139353.2 97564.44 64685.35 39177.97 21197.52 10134.01 4204.805 1472.155 
0.0001024944 0.004820843 0.1570117 3.541012 55.298 597.9709 4477.608 23218.54 83397.91 207701 360071.3 441170.9 403527.9 321095.2 273682.1 247447.1 203575.4 148412 102267 68135.93 42342.05 23651.88 11550.95 4801.318 1656.039 
0.0001193097 0.005611755 0.1827712 4.121953 64.3702 696.0727 5212.152 27026.63 97063.67 241612.8 418024.9 508245.2 452328.9 334202.7 256097.3 219173.9 183156 141455.1 103539.8 71178.68 44562.41 25030.37 12405.58 5258.256 1840.33 
0.0001207467 0.005679342 0.1849724 4.171597 65.14548 704.4568 5274.947 27352.57 98238.94 244584.5 423481.7 516361 464277 352753.7 281070.9 242976.3 196171.4 142079.3 98598.06 67415.35 43590.8 25433.17 12942.82 5578.928 1979.912 
0.0001244255 0.005852374 0.190608 4.298693 67.13026 725.9191 5435.649 28185.72 101229.1 252007.9 436190.3 531177.9 475435.2 356796.9 279396.1 240008.5 195538.5 143754.6 99819.5 66459.7 41422.35 23710.95 12161.12 5364.684 1950.731 
0.0001301544 0.006121837 0.1993842 4.496619 70.22116 759.3426 5685.918 29483.34 105888 263590.9 456134.5 554972.4 495131.9 368118.1 283713.6 240278.9 193496.6 140556.7 96772.03 64284.4 39903.56 22519.96 11327.07 4936.225 1797.757 
0.0001313828 0.006179615 0.201266 4.539059 70.88393 766.5103 5739.609 29762.16 106895.3 266157.3 460977.6 562761 508195.4 390806 317281.2 278151.6 226171 163766.7 111701.4 73366.33 45067.42 25203.11 12553.58 5406.713 1946.607 
0.000128462 0.006042234 0.1967916 4.438149 69.30808 749.4696 5612.006 29100.43 104517.8 260229.1 450653.3 549892.7 495753.6 379686.4 307091.9 270545.9 224137.4 167621.6 118270.8 79169.15 48721.08 27031.14 13315.68 5670.831 2019.808 
0.0001259032 0.005921882 0.1928718 4.349747 67.92756 734.5409 5500.212 28520.57 102432.8 255014.9 441466 537938.4 482575 364497.1 288471.3 250095.9 205525.7 153264 108844.9 74271.88 46917.48 26605.82 13237.21 5629.719 1989.839 
0.0001090767 0.005130444 0.1670952 3.76842 58.8493 636.3725 4765.138 24709.07 88745.43 220956.8 382627.3 466809.5 420583.5 321441.5 258711.9 225941.8 184394.7 135066 93955.81 63334.06 40058.6 23016.67 11671.47 5049.668 1802.867 
