# Number of parameters = 78 Objective function value = 18601.3733732736  Maximum gradient component = 0.000701578222947131
# srv_sel50:
1.27878433897
# srv_sel95:
2.42412641010
# stNatLen:
 11.6511258270 9.86782532946 8.30421712022 7.25890936774 6.52955805696 5.98321389411 5.55726150298 5.21817918392 4.94598787148 4.72793410256 4.55552269732 4.42297407098 4.32636562533 4.26313615177 4.23180194870
# log_avg_fmort_dir:
0.602539693154
# fmort_dir_dev:
 -0.925723001309 -0.243820996216 -0.255778284542 -0.291495151303 -0.700136781195 -0.179181598212 -0.194231839200 -0.0938042126961 -0.158649670276 -0.0172552923435 -0.0797768298695 -0.223613717513 -0.0872006036278 0.0192804873936 0.102869857415 0.0965830310673 0.164639120202 0.172590415316 0.248707244194 0.190512204238 0.293866129444 0.205643659704 0.261061259425 0.259401760390 0.283536120043 0.314168236240 0.423467718932 0.414340734297
# mean_log_rec:
14.3975004806
# rec_dev:
 -2.16431131706 -1.89978703150 -1.69144902252 -0.956151808833 -0.894170107294 -0.990732671688 -0.631893592613 -0.441420890877 -0.170251993763 0.0744305133711 0.410378801653 0.673177724512 0.715030966985 0.555654746612 0.450491410642 0.494526378399 0.456116741165 0.408037980576 0.344048526109 0.400295672635 0.470366595909 0.577774341572 0.649859162646 0.678611708799 0.702037595024 0.645678549799 0.566825509309 0.566825510429
# log_avg_NatM:
0.316498464583
# m_dev:
 0.00000000000 0.00000000000 0.00000000000 0.00000000000 0.00000000000 0.00000000000 0.00000000000 0.00000000000 0.00000000000 0.00000000000 0.00000000000 0.00000000000 0.00000000000 0.00000000000 0.00000000000 0.00000000000 0.00000000000 0.00000000000 0.00000000000 0.00000000000 0.00000000000 0.00000000000 0.00000000000 0.00000000000 0.00000000000 0.00000000000 0.00000000000 0.00000000000
# log_avg_GrowthK:
-1.19613400000
# log_avg_Linf:
3.45239700000
# GrowthK_dev:
 0.00000000000 0.00000000000 0.00000000000 0.00000000000 0.00000000000 0.00000000000 0.00000000000 0.00000000000 0.00000000000 0.00000000000 0.00000000000 0.00000000000 0.00000000000 0.00000000000 0.00000000000 0.00000000000 0.00000000000 0.00000000000 0.00000000000 0.00000000000 0.00000000000 0.00000000000 0.00000000000 0.00000000000 0.00000000000 0.00000000000 0.00000000000 0.00000000000
# Linf_dev:
 0.00000000000 0.00000000000 0.00000000000 0.00000000000 0.00000000000 0.00000000000 0.00000000000 0.00000000000 0.00000000000 0.00000000000 0.00000000000 0.00000000000 0.00000000000 0.00000000000 0.00000000000 0.00000000000 0.00000000000 0.00000000000 0.00000000000 0.00000000000 0.00000000000 0.00000000000 0.00000000000 0.00000000000 0.00000000000 0.00000000000 0.00000000000 0.00000000000
# SelPars50:
1.04051070760
# SelPars95:
1.15886153800
# SelPars_dev50:
 0.00000000000 0.00000000000 0.00000000000 0.00000000000 0.00000000000 0.00000000000 0.00000000000 0.00000000000 0.00000000000 0.00000000000 0.00000000000 0.00000000000 0.00000000000 0.00000000000 0.00000000000 0.00000000000 0.00000000000 0.00000000000 0.00000000000 0.00000000000 0.00000000000 0.00000000000 0.00000000000 0.00000000000 0.00000000000 0.00000000000 0.00000000000 0.00000000000
# SelPars_dev95:
 0.00000000000 0.00000000000 0.00000000000 0.00000000000 0.00000000000 0.00000000000 0.00000000000 0.00000000000 0.00000000000 0.00000000000 0.00000000000 0.00000000000 0.00000000000 0.00000000000 0.00000000000 0.00000000000 0.00000000000 0.00000000000 0.00000000000 0.00000000000 0.00000000000 0.00000000000 0.00000000000 0.00000000000 0.00000000000 0.00000000000 0.00000000000 0.00000000000
