#Simulated generalized assessment 
# 
#start/end year 
73 100 
#number of ages 
15 
#ages 
1 2 3 4 5 6 7 8 9 10 11 12 13 14 15 
#Number of length bins 
25 
#CPUE years 
28 
#years for CPUE 
73 74 75 76 77 78 79 80 81 82 83 84 85 86 87 88 89 90 91 92 93 94 95 96 97 98 99 100 
#survey years 
28 
#years for survey 
73 74 75 76 77 78 79 80 81 82 83 84 85 86 87 88 89 90 91 92 93 94 95 96 97 98 99 100 
#length freq from catch years 
28 
#years for length freq catch 
73 74 75 76 77 78 79 80 81 82 83 84 85 86 87 88 89 90 91 92 93 94 95 96 97 98 99 100 
#catch length sample sizes 
200 200 200 200 200 200 200 200 200 200 200 200 200 200 200 200 200 200 200 200 200 200 200 200 200 200 200 200 
#length freq from survey years 
28 
#years for length freq survey 
73 74 75 76 77 78 79 80 81 82 83 84 85 86 87 88 89 90 91 92 93 94 95 96 97 98 99 100 
#survey sample sizes 
200 200 200 200 200 200 200 200 200 200 200 200 200 200 200 200 200 200 200 200 200 200 200 200 200 200 200 200 
#total survey biomass 
63439.95 56132.61 31882.78 42774.17 53987.92 55289.6 48463.72 94699.36 95801.47 69871.17 94173.27 74433.07 99315.3 127632.2 117503 128799.8 91006.12 141596.9 109694.3 88543.72 158852.6 127748.4 193723.5 132790.6 177869.7 161164 172883.5 183679.5 
#survey CV 
0.2 0.2 0.2 0.2 0.2 0.2 0.2 0.2 0.2 0.2 0.2 0.2 0.2 0.2 0.2 0.2 0.2 0.2 0.2 0.2 0.2 0.2 0.2 0.2 0.2 0.2 0.2 0.2 
#total CPUE 
38080.97 28304.2 39160.91 45305.83 36963.51 43460.5 45641.25 45144.22 42722.41 48023.97 104134 66986.12 63961.74 63254.49 66467.91 79019.51 60382.03 103676 63713.02 60596.46 102499.2 126535.3 132559.3 78416.98 154726 97045.89 106149.3 162434.9 
#CPUE CV 
0.2 0.2 0.2 0.2 0.2 0.2 0.2 0.2 0.2 0.2 0.2 0.2 0.2 0.2 0.2 0.2 0.2 0.2 0.2 0.2 0.2 0.2 0.2 0.2 0.2 0.2 0.2 0.2 
#total catch biomass 
23067.12 23593.9 23875.17 28072.43 27391.58 37966.32 48084.4 40128.01 48161.5 45294.31 47763.08 49788.63 61408.38 63459.59 83435.86 60114.96 84290.53 69063.3 67629.99 68189.7 78981.77 83637.84 77058.64 100500.5 105235.5 78892.44 87458.58 126366.4 
#catch CV 
0.1 0.1 0.1 0.1 0.1 0.1 0.1 0.1 0.1 0.1 0.1 0.1 0.1 0.1 0.1 0.1 0.1 0.1 0.1 0.1 0.1 0.1 0.1 0.1 0.1 0.1 0.1 0.1 
#Length Bins 
0.6062379 1.818714 3.03119 4.243665 5.456141 6.668617 7.881093 9.093569 10.30604 11.51852 12.731 13.94347 15.15595 16.36842 17.5809 18.79338 20.00585 21.21833 22.4308 23.64328 24.85575 26.06823 27.28071 28.49318 29.70566 
#catch length counts 
5.832103e-06 0.000274314 0.008934229 0.2014895 3.146551 34.02565 254.7864 1321.235 4746.358 11827.2 20547.89 25383.54 23877.56 20336.13 18757.35 17356.09 13625.21 8778.01 4947.642 2569.671 1209.452 499.1792 178.9901 55.41327 14.50841 
6.990848e-06 0.0003288158 0.01070932 0.2415222 3.771718 40.78589 305.4051 1583.678 5688.458 14167.94 24567.96 30130.81 27648.87 22154.69 18935.68 16782.73 12984.56 8335.837 4711.724 2474.175 1186.248 499.0221 180.4832 55.37452 14.15519 
6.635762e-06 0.0003121143 0.01016536 0.2292546 3.580142 38.71429 289.8939 1503.264 5399.89 13451.92 23344.75 28717.06 26625.84 21887.95 19293.94 17281.85 13171.49 8108.385 4291.07 2112.453 975.2707 405.8722 147.5812 45.79083 11.80484 
6.527812e-06 0.0003070368 0.009999988 0.2255251 3.521901 38.0845 285.1784 1478.819 5312.187 13234.49 22974.62 28295.66 26344.05 21883.37 19564.92 17729.05 13685.67 8597.843 4666.244 2323.335 1052.506 419.3328 145.2866 43.54766 11.05667 
8.399754e-06 0.0003950839 0.01286763 0.2901976 4.531854 49.00571 366.9555 1902.852 6834.974 17024.16 29525.23 36231.38 33313.02 26826.31 23068.31 20484.21 15787.51 10025.73 5557.433 2841.722 1320.028 535.156 185.8291 54.74501 13.47384 
1.234758e-05 0.0005807706 0.01891532 0.4265883 6.661788 72.03784 539.416 2797.057 10045.62 25008.22 43284.48 52703.35 47139.68 35245.9 27186.81 22393.38 16587.7 10149.55 5368.921 2634.673 1202.916 490.3621 173.1765 51.88568 12.87907 
1.139551e-05 0.0005359897 0.01745683 0.3936959 6.148132 66.48359 497.8327 2581.569 9273.642 23105.57 40122.21 49469.38 46226.6 38714.35 34845.51 31371.73 23547.3 13896.26 6804.031 3027.253 1268.706 486.2522 164.9994 48.49784 12.0155 
1.254799e-05 0.0005901969 0.01922233 0.4335122 6.769918 73.20722 548.1755 2842.546 10209.96 25426.84 44074 53971.02 49260.1 38916.99 32590.96 28418.14 21631.67 13489.76 7230.606 3504.962 1512.568 559.4243 176.1584 47.75291 11.09694 
1.469167e-05 0.0006910253 0.02250624 0.5075727 7.926479 85.7138 641.824 3328.142 11953.93 29767.88 51584.03 63098.61 57368.15 44847.09 36945.54 31714.66 23687.64 14314.62 7360.942 3478.309 1524.201 592.0089 196.3743 54.45803 12.4136 
1.449657e-05 0.0006818488 0.02220737 0.5008324 7.821222 84.57564 633.3034 3283.996 11795.9 29379.62 50947.22 62488.94 57354.92 45952.65 39135.64 34229.02 25615.2 15321.8 7697.657 3512.881 1481.385 557.1252 181.9592 50.85669 11.8833 
1.694645e-05 0.0007970792 0.02596035 0.5854716 9.142981 98.8685 740.3244 3838.871 13787.8 34329.14 59450.79 72545.66 65395.03 49959.1 39808.91 33458.33 24823.2 14980.21 7670.671 3564.253 1508.305 558.8415 177.4267 48.03915 10.95363 
1.347205e-05 0.0006336602 0.0206379 0.4654369 7.268473 78.59858 588.5513 3052.021 10963.9 27319.63 47458.53 58602.77 55041.27 46665.23 42638.59 38758.37 29292.51 17456.14 8670.524 3901.372 1625.017 603.093 192.892 52.27092 11.78971 
1.826579e-05 0.0008591348 0.02798146 0.6310527 9.854797 106.5659 797.9642 4137.8 14862.07 37010.09 64136.1 78463.54 71378.04 55913.53 46321.07 40256.53 30871.65 19630.68 10850.03 5433.5 2405.157 904.5889 286.5061 76.72638 17.20792 
1.796591e-05 0.0008450299 0.02752207 0.6206925 9.693009 104.8164 784.8672 4069.941 14619.11 36412.75 63153.31 77507.07 71289.24 57427.87 49275.81 43333.07 32584.84 19672.56 10091.36 4783.767 2126.713 846.2523 288.5059 81.88509 18.91747 
1.775565e-05 0.0008351402 0.02719997 0.6134283 9.579571 103.5899 775.6853 4022.386 14449.12 35997.51 62488.89 76954.11 71620.44 59428.44 53010.19 47830.07 36586.04 22554.71 11863.37 5687.018 2481.617 951.2039 315.3085 89.74305 21.43092 
1.925182e-05 0.0009055129 0.02949196 0.6651184 10.38678 112.3186 841.0425 4361.215 15665.01 39014.5 67642.87 82909.98 75920.87 60489.26 51236.02 44963.46 34269.12 21369.11 11505.74 5679.214 2544.467 992.7944 330.4593 93.05539 21.84868 
2.067253e-05 0.0009723362 0.03166835 0.7142016 11.15329 120.6073 903.1089 4683.071 16821.26 41895.89 72650.12 89101.33 81759.95 65474.06 55770.87 48916.11 36906.81 22491.61 11695.49 5595.147 2480.321 977.8315 332.4876 95.63995 22.76294 
1.837874e-05 0.0008644472 0.02815448 0.6349549 9.915739 107.225 802.9051 4163.524 14955.93 37258.37 64665.45 79577.14 73877.91 60921.86 53893.55 48313.26 36707.47 22378.38 11580.22 5470.035 2373.029 910.9925 302.7583 86.1786 20.58304 
1.985217e-05 0.0009337505 0.03041164 0.6858596 10.71069 115.8212 867.2703 4497.229 16153.71 40233.05 69765.37 85557.56 78492.15 62838.8 53564.56 47167.66 35952.2 22361.42 11971.95 5856.554 2593.824 999.2354 328.8634 91.95243 21.53477 
2.201039e-05 0.001035263 0.03371783 0.7604225 11.87509 128.4126 961.5539 4986.115 17909.46 44603.07 77323.14 94731.95 86605.96 68699.24 57783.71 50328.12 37940.85 23192.1 12126.64 5830.396 2586.809 1015.499 342.4281 97.45892 22.94828 
2.068836e-05 0.0009730807 0.0316926 0.7147485 11.16183 120.6998 903.8038 4686.728 16835.16 41938 72774.33 89494.49 82889.47 67955.8 59675.04 53267.5 40403.02 24609.21 12728.8 6017.863 2618.52 1009.677 336.7917 95.91953 22.82948 
2.434009e-05 0.001144841 0.03728671 0.8409099 13.13202 142.0046 1063.333 5513.933 19805.94 49332.48 85564.73 105030.7 96668.66 78033.47 67261.79 59655.65 45648.39 28507.35 15346.05 7548.683 3356.728 1297.034 428.2452 120.1912 28.24797 
2.390399e-05 0.001124329 0.03661865 0.8258433 12.89673 139.4602 1044.279 5415.092 19450.39 48441.83 83985.44 102929.5 94213.22 74968.26 63334.06 55332.46 41803.11 25629.25 13465.85 6513.458 2906.862 1147.272 388.7661 111.124 26.2633 
2.402307e-05 0.001129929 0.03680106 0.8299572 12.96099 140.1554 1049.494 5442.339 19551.17 48721.56 84666.61 104687.5 98773.38 84676.72 78522.18 72365.03 55775.19 34525.41 18271.76 8857.904 3930.178 1535.933 517.6564 148.7058 35.64279 
2.878049e-05 0.001353696 0.04408898 0.9943182 15.52771 167.9104 1257.31 6519.683 23416.81 58309.01 101015.4 123438.2 111832.7 86649.63 70661.21 60776.47 46411.54 29484.21 16370.6 8335.724 3817.688 1512.574 510.8942 146.2138 34.88827 
2.398518e-05 0.001128147 0.03674302 0.8286484 12.94055 139.9344 1047.84 5433.783 19520.73 48648.53 84559.06 104644.9 99015.68 85425.08 79695.32 73409.88 56069.03 34017.18 17496.19 8320.821 3722.189 1500.987 524.6514 154.7571 37.59368 
2.757645e-05 0.001297063 0.04224449 0.9527204 14.8781 160.886 1204.717 6247.068 22439.16 55889.38 96924.54 118915.2 109263.1 87855.38 75476.26 67199.55 52233.33 33694.07 19005.28 9757.171 4449.387 1743.776 585.7635 169.0946 41.20952 
2.757078e-05 0.001296797 0.04223581 0.9525247 14.87505 160.8532 1204.475 6245.898 22436.17 55893.9 97013.99 119408 110931.5 91646.34 81328 73235.02 56139.47 34914.02 18783 9408.709 4380.321 1807.956 638.4866 188.6762 45.79515 
#survey length counts 
1.497142e-05 0.0007041833 0.02293479 0.5172375 8.077405 87.3457 654.0392 3391.391 12179.78 30317.3 52447.27 63736.79 56614.19 41512.35 31076.43 25199.8 18849.72 11949.59 6700.334 3496.624 1670.12 701.2122 253.3513 77.68539 19.85136 
1.49945e-05 0.0007052691 0.02297015 0.5180351 8.089862 87.48044 655.0493 3396.652 12199.01 30368.5 52558.56 63978.83 57170.82 42630.02 32731.83 26847.58 19807.22 12047.03 6323.381 3090.606 1419.99 589.4658 214.0706 66.37613 17.10516 
1.541764e-05 0.0007251713 0.02361835 0.5326537 8.318152 89.94908 673.5347 3492.512 12543.4 31226.81 54050.92 65828.05 58929.52 44173.91 34235.82 28362.84 21183.04 13141.87 7071.392 3495.682 1576.242 626.4409 216.7522 64.91686 16.47447 
1.795942e-05 0.0008447246 0.02751213 0.6204681 9.689499 104.7782 784.5732 4068.256 14610.76 36369.33 62923.55 76499.09 68049.46 50103.79 37748.64 30705.9 22895.85 14362.15 7898.648 4013.72 1857.181 751.401 260.6378 76.73479 18.8786 
2.629168e-05 0.001236634 0.04027635 0.9083336 14.18493 153.3897 1148.567 5955.545 21386.93 53218.33 91949.16 111195.8 97006.85 67367.95 45665.24 33947.57 24104.04 14530.22 7621.713 3715.106 1688.76 686.8401 242.2854 72.5456 18.00065 
2.358928e-05 0.001109526 0.03613653 0.8149703 12.72693 137.6239 1030.524 5343.663 19192.39 47785.04 82749.61 100957.4 90942.06 69322.02 54973.39 45827.43 33462.21 19554.8 9511.491 4204.404 1753.306 670.121 227.0774 66.6958 16.51742 
2.595498e-05 0.001220797 0.03976056 0.8967012 14.00327 151.4256 1133.864 5879.408 21114.93 52555.43 90899.08 110375.9 97750.24 71044.53 52345.3 41787.49 30751.27 18944.09 10078.8 4856.673 2087.877 770.6102 242.378 65.65484 15.2497 
2.937069e-05 0.001381456 0.0449931 1.014708 15.84612 171.3533 1283.081 6653.128 23893.41 59469.11 102843.1 124813.8 110322.4 79705.35 58044.78 45690.38 33005.44 19712.53 10065.06 4727.222 2062.829 799.4463 264.8911 73.41455 16.72862 
2.888459e-05 0.001358592 0.04424845 0.9979145 15.58387 168.5175 1261.849 6543.085 23498.96 58494.71 101208.2 123066.5 109540.7 80759.27 60823.98 49030.16 35589.24 21060.65 10510.36 4767.722 2001.875 751.0865 245.0079 68.43187 15.98361 
3.522747e-05 0.00165693 0.05396514 1.21705 19.00598 205.5226 1538.935 7979.736 28656.76 71315.81 123269 149314.7 131047.8 92698.09 65019.83 49679.87 35485.09 21131.92 10738.15 4957.875 2088.88 772.109 244.8286 66.23939 15.09662 
3.043949e-05 0.001431727 0.04663041 1.051634 16.42277 177.5892 1329.783 6895.448 24765.93 61663.24 106791.1 130329 117529.9 89867.48 71626.34 59991.03 44032.41 25961.37 12799.21 5717.68 2368.819 876.535 279.926 75.79253 17.08649 
3.780797e-05 0.001778305 0.05791822 1.306202 20.39822 220.5778 1651.67 8564.357 30757.14 76551.76 132380.2 160638.7 141923.2 102440.9 74654.6 59283.71 43901.18 27563.24 15118.83 7527.658 3320.258 1246.399 394.3445 105.533 23.65798 
3.902683e-05 0.001835634 0.05978539 1.348312 21.05582 227.6889 1704.921 8840.545 31749.99 79032.46 136735.4 166231.3 147848.9 108768.4 81649.94 65717.44 47803.74 28518.3 14515.89 6833.303 3023.131 1199.887 408.5609 115.8835 26.76167 
3.725996e-05 0.001752529 0.05707872 1.28727 20.10257 217.381 1627.74 8440.429 30314.31 75471.56 130662.3 159261.7 142985.3 108037.1 84703.83 70542.39 52406.63 31961.24 16689.91 7950.917 3454.921 1321.263 437.4437 124.4161 29.69829 
4.033976e-05 0.001897388 0.06179667 1.393671 21.76418 235.3487 1762.276 9137.925 32817.65 81686.69 141304.3 171677 152346.9 111376.8 82866.91 66610.11 49102.48 30249.12 16163.3 7928.884 3538.201 1377.623 458.0406 128.8964 30.25148 
4.225086e-05 0.001987277 0.06472429 1.459697 22.79526 246.4984 1845.766 9570.866 34372.85 85561.09 148029.3 179955 160035.9 117703.8 88362.1 71239.63 52074.45 31376.75 16198.74 7701.392 3399.566 1337.225 454.1742 130.561 31.06289 
3.895869e-05 0.001832429 0.05968102 1.345958 21.01907 227.2916 1701.95 8825.211 31695.97 78908.44 136592.2 166393.5 149078.1 111978.9 86951.91 71809.71 52945.63 31925.7 16400.38 7696.843 3324.159 1273.044 422.5478 120.1891 28.69383 
4.18893e-05 0.001970271 0.06417043 1.447206 22.60019 244.3891 1829.97 9488.951 34078.5 84826.85 146748.5 178348.6 158451.8 116229.6 86954.98 70157.53 51736.74 31793.43 16892.43 8212.091 3622.288 1392.423 457.7367 127.8977 29.94009 
4.651964e-05 0.00218806 0.07126366 1.607176 25.09836 271.4031 2032.249 10537.79 37844.87 94197.72 162930.8 197878.2 175357.2 127667.2 94241.22 75070.94 54701 33031.1 17139.5 8186.919 3616.395 1416.385 477.0413 135.6811 31.93565 
4.629289e-05 0.002177394 0.07091631 1.599342 24.97603 270.0805 2022.349 10486.56 37662.2 93756.27 162257.7 197487.1 176384.2 131329 100566.2 82231.03 60382.98 36345.26 18651.13 8756.083 3791.532 1458.157 485.7273 138.2301 32.88461 
5.030386e-05 0.002366051 0.07706074 1.737915 27.14003 293.4811 2197.57 11395.1 40924.77 101873.6 176274.8 214402.4 191030 141290.6 107168.4 87392.24 64803.01 40005.91 21378.13 10452.82 4630.077 1785.366 588.8255 165.1497 38.79835 
5.594111e-05 0.0026312 0.08569646 1.932672 30.18144 326.3695 2443.832 12671.95 45509.06 113271.2 195900.8 237822.3 210440 152541.7 111778 88569.56 64458.35 38984.76 20305.13 9748.599 4328.911 1704.012 576.6437 164.7014 38.9082 
5.069965e-05 0.002384667 0.07766705 1.751589 27.35358 295.7907 2214.876 11485.07 41251.19 102718.9 177961.3 217508.2 197190 153004.9 124804.7 106722.5 80097.32 49083.34 25790.91 12424.54 5489.378 2140.441 720.5394 206.8461 49.55804 
6.322272e-05 0.002973692 0.09685119 2.184239 34.11002 368.8513 2761.929 14321.28 51430.97 127997.4 221278.6 268202.6 235949.5 168158.2 119806.4 93407.87 68617.9 42979.6 23662.54 11971.29 5460.946 2159.127 728.4487 208.3324 49.68924 
5.418959e-05 0.002548817 0.0830133 1.87216 29.23648 316.1516 2367.338 12275.65 44090.74 109789.6 190211.5 232480.4 210757.1 163483.8 133154.2 113358.5 84200.29 50550.14 25800.14 12181 5421.129 2180.193 761.0522 224.3312 54.47267 
6.250004e-05 0.002939701 0.09574413 2.159272 33.72013 364.6355 2730.368 14157.77 50845.88 126561.9 218938.2 266032.8 236200 172987.2 129296.1 104864.8 78671.06 50075.89 28007.55 14286.54 6489.189 2537.867 851.4897 245.6163 59.8302 
6.600973e-05 0.00310478 0.1011206 2.280526 35.61369 385.1118 2883.699 14952.95 53703.25 133689.9 231375.6 281647.3 251669.5 187658 144141.2 118426.6 87754.98 53881.89 28732.31 14283.39 6616.823 2724.119 960.8136 283.7272 68.83694 
6.908985e-05 0.003249653 0.1058391 2.386939 37.27548 403.0819 3018.261 15650.78 56210.56 139942.4 242269.5 295252.5 264941.7 199947.7 156677.6 131005.9 98597.01 61858.95 33867.15 17087.71 7856.769 3177.376 1113.019 333.6246 83.37819 
