# Number of parameters = 77 Objective function value = 22943.7046143593  Maximum gradient component = 164.532071912823
# srv_sel50:
0.999810050868
# srv_sel95:
1.00095336523
# stNatLen:
 10.1142045031 8.97372575752 7.66508074066 6.65020746334 5.91498943338 5.37024384440 4.95304404836 4.62574619227 4.36578963803 4.15912161933 3.99664384488 3.87225668360 3.78190330800 3.72293496963 3.69375446598
# log_avg_fmort_dir:
0.555854337780
# fmort_dir_dev:
 -0.692811510302 -0.415226633861 -0.573205436017 -0.689738677693 -0.555466625425 -0.0754400621061 -0.263799937020 -0.0588761954683 -0.227810249792 -0.0889382117343 -0.0835321266542 -0.0377226870419 -0.0182077636418 0.145026557494 0.0669243753216 0.137908636755 0.208180451794 0.186475786022 0.161766207928 0.232127932183 0.303907660612 0.139251119550 0.292214862918 0.400085847907 0.428441789662 0.406282994644 0.341427442861 0.330754451105
# mean_log_rec:
13.5758462581
# rec_dev:
 -2.90747801980 -2.34188882634 -1.73520540227 -0.997931600665 -1.16378167091 -1.43480959258 -0.815313017724 -0.366118489729 -0.0914262620590 0.0141686794515 0.260829377157 0.606715097800 0.707144429463 0.530560143991 0.531127209704 0.506793429333 0.481741266054 0.497405258372 0.585375049392 0.627489314118 0.738203546815 0.864705735053 0.896545247704 0.918312679957 0.792760605082 0.721542924171 0.786269303992 0.786263584474
# log_avg_NatM:
-1.07516900000
# m_dev:
 0.00000000000 0.00000000000 0.00000000000 0.00000000000 0.00000000000 0.00000000000 0.00000000000 0.00000000000 0.00000000000 0.00000000000 0.00000000000 0.00000000000 0.00000000000 0.00000000000 0.00000000000 0.00000000000 0.00000000000 0.00000000000 0.00000000000 0.00000000000 0.00000000000 0.00000000000 0.00000000000 0.00000000000 0.00000000000 0.00000000000 0.00000000000 0.00000000000
# log_avg_GrowthK:
-1.20372700000
# log_avg_Linf:
3.45755400000
# GrowthK_dev:
 0.00000000000 0.00000000000 0.00000000000 0.00000000000 0.00000000000 0.00000000000 0.00000000000 0.00000000000 0.00000000000 0.00000000000 0.00000000000 0.00000000000 0.00000000000 0.00000000000 0.00000000000 0.00000000000 0.00000000000 0.00000000000 0.00000000000 0.00000000000 0.00000000000 0.00000000000 0.00000000000 0.00000000000 0.00000000000 0.00000000000 0.00000000000 0.00000000000
# Linf_dev:
 0.00000000000 0.00000000000 0.00000000000 0.00000000000 0.00000000000 0.00000000000 0.00000000000 0.00000000000 0.00000000000 0.00000000000 0.00000000000 0.00000000000 0.00000000000 0.00000000000 0.00000000000 0.00000000000 0.00000000000 0.00000000000 0.00000000000 0.00000000000 0.00000000000 0.00000000000 0.00000000000 0.00000000000 0.00000000000 0.00000000000 0.00000000000 0.00000000000
# SelPars50:
1.04411685878
# SelPars95:
1.24154934258
# SelPars_dev50:
 0.00000000000 0.00000000000 0.00000000000 0.00000000000 0.00000000000 0.00000000000 0.00000000000 0.00000000000 0.00000000000 0.00000000000 0.00000000000 0.00000000000 0.00000000000 0.00000000000 0.00000000000 0.00000000000 0.00000000000 0.00000000000 0.00000000000 0.00000000000 0.00000000000 0.00000000000 0.00000000000 0.00000000000 0.00000000000 0.00000000000 0.00000000000 0.00000000000
# SelPars_dev95:
 0.00000000000 0.00000000000 0.00000000000 0.00000000000 0.00000000000 0.00000000000 0.00000000000 0.00000000000 0.00000000000 0.00000000000 0.00000000000 0.00000000000 0.00000000000 0.00000000000 0.00000000000 0.00000000000 0.00000000000 0.00000000000 0.00000000000 0.00000000000 0.00000000000 0.00000000000 0.00000000000 0.00000000000 0.00000000000 0.00000000000 0.00000000000 0.00000000000
