# Number of parameters = 78 Objective function value = 20964.1894533552  Maximum gradient component = 0.0365975218929918
# srv_sel50:
1.08577770545
# srv_sel95:
2.08522015191
# stNatLen:
 11.4320178756 10.7998620613 8.91482129442 7.63201465843 6.79970900848 6.21722700416 5.78124090448 5.44278470625 5.17552838542 4.96383943224 4.79782435702 4.67098394993 4.57899820695 4.51905861240 4.48948264677
# log_avg_fmort_dir:
0.621673651548
# fmort_dir_dev:
 -0.982511668522 -0.767797434369 -0.698070447580 -0.529035753923 -0.539136439091 -0.454080559142 -0.284098582493 -0.296457163367 -0.263114370003 -0.150892734145 -0.0110862022195 -0.0487502951242 -0.114333041333 0.00677179674819 0.210149293330 0.215050749637 0.251385615027 0.224355214820 0.353772160569 0.432643873389 0.328907952033 0.359175762077 0.398680023655 0.408160535054 0.474347355555 0.536054627338 0.479155133323 0.460754598755
# mean_log_rec:
13.6216373945
# rec_dev:
 -1.97055389128 -1.76717163164 -1.60317591459 -1.32100640051 -1.19086234586 -1.05029323067 -0.740255809626 -0.377581338493 -0.121552530384 -0.0247414847179 0.267093808431 0.636141748438 0.732590236176 0.550992672179 0.410576737683 0.435124074161 0.393314141000 0.429909804804 0.419176239043 0.442424013823 0.521807666870 0.595488255525 0.635354411749 0.746699052613 0.754722266793 0.723575509625 0.736101969437 0.736101969415
# log_avg_NatM:
-0.549085727484
# m_dev:
 0.00000000000 0.00000000000 0.00000000000 0.00000000000 0.00000000000 0.00000000000 0.00000000000 0.00000000000 0.00000000000 0.00000000000 0.00000000000 0.00000000000 0.00000000000 0.00000000000 0.00000000000 0.00000000000 0.00000000000 0.00000000000 0.00000000000 0.00000000000 0.00000000000 0.00000000000 0.00000000000 0.00000000000 0.00000000000 0.00000000000 0.00000000000 0.00000000000
# log_avg_GrowthK:
-1.18630400000
# log_avg_Linf:
3.44583300000
# GrowthK_dev:
 0.00000000000 0.00000000000 0.00000000000 0.00000000000 0.00000000000 0.00000000000 0.00000000000 0.00000000000 0.00000000000 0.00000000000 0.00000000000 0.00000000000 0.00000000000 0.00000000000 0.00000000000 0.00000000000 0.00000000000 0.00000000000 0.00000000000 0.00000000000 0.00000000000 0.00000000000 0.00000000000 0.00000000000 0.00000000000 0.00000000000 0.00000000000 0.00000000000
# Linf_dev:
 0.00000000000 0.00000000000 0.00000000000 0.00000000000 0.00000000000 0.00000000000 0.00000000000 0.00000000000 0.00000000000 0.00000000000 0.00000000000 0.00000000000 0.00000000000 0.00000000000 0.00000000000 0.00000000000 0.00000000000 0.00000000000 0.00000000000 0.00000000000 0.00000000000 0.00000000000 0.00000000000 0.00000000000 0.00000000000 0.00000000000 0.00000000000 0.00000000000
# SelPars50:
1.04897168268
# SelPars95:
1.17831859992
# SelPars_dev50:
 0.00000000000 0.00000000000 0.00000000000 0.00000000000 0.00000000000 0.00000000000 0.00000000000 0.00000000000 0.00000000000 0.00000000000 0.00000000000 0.00000000000 0.00000000000 0.00000000000 0.00000000000 0.00000000000 0.00000000000 0.00000000000 0.00000000000 0.00000000000 0.00000000000 0.00000000000 0.00000000000 0.00000000000 0.00000000000 0.00000000000 0.00000000000 0.00000000000
# SelPars_dev95:
 0.00000000000 0.00000000000 0.00000000000 0.00000000000 0.00000000000 0.00000000000 0.00000000000 0.00000000000 0.00000000000 0.00000000000 0.00000000000 0.00000000000 0.00000000000 0.00000000000 0.00000000000 0.00000000000 0.00000000000 0.00000000000 0.00000000000 0.00000000000 0.00000000000 0.00000000000 0.00000000000 0.00000000000 0.00000000000 0.00000000000 0.00000000000 0.00000000000
