#Simulated generalized assessment 
# 
#start/end year 
73 100 
#number of ages 
15 
#ages 
1 2 3 4 5 6 7 8 9 10 11 12 13 14 15 
#Number of length bins 
25 
#CPUE years 
28 
#years for CPUE 
73 74 75 76 77 78 79 80 81 82 83 84 85 86 87 88 89 90 91 92 93 94 95 96 97 98 99 100 
#survey years 
28 
#years for survey 
73 74 75 76 77 78 79 80 81 82 83 84 85 86 87 88 89 90 91 92 93 94 95 96 97 98 99 100 
#length freq from catch years 
28 
#years for length freq catch 
73 74 75 76 77 78 79 80 81 82 83 84 85 86 87 88 89 90 91 92 93 94 95 96 97 98 99 100 
#catch length sample sizes 
200 200 200 200 200 200 200 200 200 200 200 200 200 200 200 200 200 200 200 200 200 200 200 200 200 200 200 200 
#length freq from survey years 
28 
#years for length freq survey 
73 74 75 76 77 78 79 80 81 82 83 84 85 86 87 88 89 90 91 92 93 94 95 96 97 98 99 100 
#survey sample sizes 
200 200 200 200 200 200 200 200 200 200 200 200 200 200 200 200 200 200 200 200 200 200 200 200 200 200 200 200 
#total survey biomass 
30648.23 18239.29 23003.43 26997.22 34316.28 45418.22 80837.15 92609.1 122940.2 150790.7 172416.6 201840.6 218793.9 227895.1 148570.5 141696.9 178702.8 169400.5 254733.8 174101.9 158980.2 248272.4 240005.5 328810.5 173644.7 289330.7 212493.3 154130 
#survey CV 
0.2 0.2 0.2 0.2 0.2 0.2 0.2 0.2 0.2 0.2 0.2 0.2 0.2 0.2 0.2 0.2 0.2 0.2 0.2 0.2 0.2 0.2 0.2 0.2 0.2 0.2 0.2 0.2 
#total CPUE 
23728.98 15955.09 23637.99 20334.85 40571.21 37186.41 80281.55 66355.19 121187.6 140197.4 133117.6 151383.6 148663.2 197398.2 171114.1 214622.5 154002.4 161407.6 128967 155689.6 224057.4 171887.3 265603.6 192268.6 161605.8 229615.4 207972.5 142615.9 
#CPUE CV 
0.2 0.2 0.2 0.2 0.2 0.2 0.2 0.2 0.2 0.2 0.2 0.2 0.2 0.2 0.2 0.2 0.2 0.2 0.2 0.2 0.2 0.2 0.2 0.2 0.2 0.2 0.2 0.2 
#total catch biomass 
13336.25 15141 19468.43 11259.39 21185.62 36455.61 45882.13 68575.54 75798.16 120241.2 118940.8 138128.4 196798 198925.5 201940.4 196506.5 193825.2 170133.6 201742 172101.1 148848.7 185903.1 199447 208525.5 214098.6 230864.7 210479.3 216271.6 
#catch CV 
0.1 0.1 0.1 0.1 0.1 0.1 0.1 0.1 0.1 0.1 0.1 0.1 0.1 0.1 0.1 0.1 0.1 0.1 0.1 0.1 0.1 0.1 0.1 0.1 0.1 0.1 0.1 0.1 
#Length Bins 
0.7268035 2.18041 3.634017 5.087624 6.541231 7.994838 9.448445 10.90205 12.35566 13.80927 15.26287 16.71648 18.17009 19.62369 21.0773 22.53091 23.98451 25.43812 26.89173 28.34534 29.79894 31.25255 32.70616 34.15976 35.61337 
#catch length counts 
2.204056e-06 0.0002042642 0.01116218 0.3596612 6.833288 76.55574 505.8799 1974.35 4583.722 6567.23 6802.144 7285.617 8844.132 9603.296 8949.663 7117.668 4454.969 2143.097 829.2691 263.2133 65.90645 12.33535 1.65381 0.1537357 0.009640486 
4.085214e-06 0.0003651593 0.01924584 0.5981073 10.96006 118.4288 754.7766 2840.904 6358.391 8765.028 8669.481 8788.091 10201.78 10755.82 9803.13 7616.918 4644.713 2164.105 798.4089 237.6288 55.6273 9.79223 1.236989 0.1076357 0.006251419 
1.738864e-06 0.0001496525 0.007594336 0.2272407 4.00948 41.72312 256.3215 934.5503 2077.925 3183.871 4648.086 7600.737 10672.49 11483.83 10194.07 7502.385 4206.947 1755.339 575.0377 154.2075 33.06835 5.367207 0.6267063 0.05053553 0.002723243 
7.121982e-14 3.130703e-11 8.114675e-09 1.2402e-06 0.0001117671 0.005939763 0.1861908 3.445096 37.71469 246.0655 978.0431 2512.708 4694.308 7120.458 8501.543 7158.2 4043.864 1582.306 463.4615 108.1246 20.15178 2.886676 0.3025701 0.02215695 0.001091374 
2.169256e-05 0.001722486 0.08064695 2.226431 36.24345 347.937 1971.047 6611.01 13357.37 17644.56 19869.23 24793.16 27498.41 21040.96 11016.51 4692.917 1993.705 815.8007 272.3343 67.30385 11.96775 1.529603 0.1398807 0.008970879 0.0003917475 
7.210172e-05 0.005487128 0.2462246 6.514871 101.6417 935.0867 5074.117 16263.14 31014.85 36530.75 31212.73 28088.58 30228.91 31129.75 27216.72 17885.4 7815.78 2150.68 380.0762 48.3953 5.394869 0.5573483 0.04596061 0.002663564 0.0001032299 
0.0001772594 0.01291142 0.5545306 14.04317 209.6992 1846.474 9590.11 29421.46 53720.11 60636.71 49677.9 42166.04 40641.79 35381.77 26100.19 15545.74 6717.851 1986.754 404.235 57.78097 5.824642 0.4152102 0.02166147 0.0008680706 2.657786e-05 
0.000283871 0.019765 0.8114467 19.64318 280.3885 2360.188 11721.62 34436.37 60658.63 68378.29 62338.15 63590.02 65504.77 55524.7 38663.61 21414.94 8473.886 2251.85 407.9701 53.32992 5.227246 0.3774419 0.01914941 0.0006582713 1.513732e-05 
0.0005923402 0.03937662 1.543451 35.6727 486.155 3907.031 18524.6 51940.46 87178.7 92960.52 78741.58 75508.37 78618.42 72530.91 55549.64 31872.11 12311.75 3079.029 509.5588 59.01361 5.031109 0.3188949 0.01465976 0.0004726197 1.035112e-05 
0.00127427 0.08078539 3.019893 66.56397 865.1356 6630.873 29986.71 80232.87 128814.2 132779.1 111757.1 106866.4 106002.7 90244.16 63635.77 34213.29 12641.18 3087.084 508.9206 59.09148 4.940347 0.2941401 0.0122026 0.0003474738 6.716612e-06 
0.002159874 0.1304513 4.64575 97.55576 1207.957 8820.874 38014.38 97046.86 149570.1 151962.8 134562.4 137525.8 138188 116654.9 80100.2 40593.96 13609.61 2868.689 381.2184 33.39911 2.081108 0.09848759 0.003546718 9.231571e-05 1.645462e-06 
0.003780675 0.2173264 7.366191 147.219 1734.957 12058.41 49469.82 120324.4 177409.1 175404.8 156980.2 163721.8 166191.2 142614 98231.51 48598.68 15658.24 3163.569 404.0683 33.86821 1.95425 0.08002326 0.002324181 4.723981e-05 6.666548e-07 
0.00794766 0.4344193 14.00124 266.081 2981.711 19705.76 76871.46 177773.4 249097.5 233525.7 197386.7 195815.3 192446.4 161337.8 107540.5 50707.87 15418.43 2921.803 347.9802 27.02825 1.439883 0.05449333 0.001462709 2.7146e-05 3.398681e-07 
0.01212504 0.62967 19.28105 348.1293 3706.513 23276.68 86337.16 190455.7 258489.9 248863.2 237141.4 253434.6 242281.3 189947.4 117686.1 51703.92 14644.29 2569.45 279.5219 19.40646 0.9027604 0.02952308 0.0006911403 1.139113e-05 1.285352e-07 
0.01589146 0.7834655 22.77532 390.3948 3946.13 23530.65 82935.94 174495.3 229817.6 227866.6 240173.7 276336.6 279056.7 231281.9 146263.5 62929.99 17101.21 2868.925 300.3658 20.29858 0.9254961 0.02936034 0.0006474557 9.711505e-06 9.717951e-08 
0.02528865 1.182794 32.61978 530.454 5086.76 28775.58 96209.37 191931.1 239155 222988.9 222131.2 250821.1 258394.5 218631.2 136410.2 56131.44 14332.11 2230.877 213.539 12.94294 0.5202586 0.0145341 0.0002878923 3.983883e-06 3.742242e-08 
0.04276558 1.896462 49.58867 764.5692 6951.586 37288.01 118250.8 224095.9 267008.7 242623.3 237596.9 255025.3 242751.9 188717.8 109063 41932.31 10063.16 1480.025 134.7484 7.829397 0.3029727 0.008086102 0.0001497773 1.889614e-06 1.589112e-08 
0.06678631 2.806614 69.54518 1016.132 8755.486 44514.03 133905.7 241606.6 278556.1 256473.6 261444.7 279454.5 257340.9 191308.5 104599.5 37747.51 8453.053 1151.827 96.04757 5.024297 0.1718402 0.004023092 6.613996e-05 7.574347e-07 5.887206e-09 
0.1033025 4.112166 96.52065 1335.893 10903.96 52523.57 149813.8 257261.9 286767.1 265928 278479.9 298339.5 273001.1 199417.5 105017.8 36048.14 7663.074 997.4757 80.58386 4.169368 0.1437399 0.00339441 5.4851e-05 5.936094e-07 4.214605e-09 
0.1769504 6.670143 148.2548 1943.06 15018.75 68514.28 185162.8 301894.7 322191.4 291786.7 300939.6 315363.1 282078.5 199592.9 100425 32725.38 6621.833 829.5576 65.789 3.428438 0.121551 0.00296285 4.884666e-05 5.315348e-07 3.753514e-09 
0.2754286 9.829132 206.8297 2566.374 18781.29 81145.9 208010.4 323931.5 339343.9 318822.1 340011.5 348764.5 297958.2 199408.9 94299.16 28781.67 5443.887 636.363 47.01643 2.283664 0.07591144 0.001757347 2.797758e-05 2.985907e-07 2.09051e-09 
0.4838207 16.34368 325.542 3823.629 26488.19 108344.4 263044.1 388714 389192 354878.4 371215.9 376955.6 320408.2 209779.3 94823.78 27269.29 4823.752 524.4371 35.79794 1.593233 0.04818996 0.001013392 1.471411e-05 1.441997e-07 9.343869e-10 
0.810072 25.90116 488.3239 5428.938 35600.86 137889.2 317506.9 448146.8 439560.1 408311.3 427287.1 416240.1 333698.4 204838.6 86583.7 23248.5 3832.024 386.748 24.34608 0.9898566 0.02708679 0.0005124948 6.692806e-06 5.909058e-08 3.454184e-10 
1.224735 37.06541 661.4411 6960.557 43210.96 158542.2 346853.3 471320.2 465311.5 460628.2 499106.3 482185.3 377650.6 223104.9 89632.22 22783.78 3568.455 345.8542 21.26006 0.8592644 0.02354167 0.0004402523 5.530079e-06 4.567465e-08 2.447038e-10 
2.048373 58.67991 991.2115 9873.634 58022.89 201551.5 417728.7 539124.6 509886 490982.3 524968.2 508317.1 398152.1 229288.4 87598.82 20867.47 3033.663 270.2186 15.08027 0.5471566 0.01343831 0.0002285275 2.673281e-06 2.100906e-08 1.083968e-10 
3.29199 89.27561 1427.602 13462.63 74909.17 246564.6 485889.7 604877.4 575197.4 573711.1 605357.5 554224.5 405744.7 218849.8 78879.77 17933.13 2535.664 226.2297 13.12639 0.5101537 0.01341683 0.0002356718 2.705941e-06 2.000715e-08 9.477758e-11 
4.431398 113.7789 1722.617 15381.29 81060.61 253062 476012.3 580453.8 578179.3 626364.8 681574.3 623837.3 448808.7 232391.2 78904.36 16692.85 2173.623 176.5871 9.243454 0.3246993 0.007879334 0.0001321379 1.497791e-06 1.11772e-08 5.378847e-11 
6.077431 147.7553 2118.243 17910.3 89396.87 264544.2 473390.8 556982.1 553853.7 611702.7 676371.7 629879.2 452824.3 227162.9 73108.83 14495.02 1756.3 131.7543 6.300329 0.1995307 0.00431727 6.428341e-05 6.490227e-07 4.353204e-09 1.909334e-11 
#survey length counts 
4.675881e-06 0.0004333444 0.02368045 0.7630168 14.49668 162.4078 1073.064 4185.342 9684.687 13644.05 13184.59 12200.46 13364.71 14030.62 12904.08 10205.34 6375.231 3043.321 1150.016 351.9959 85.34121 15.68139 2.083003 0.1917779 0.01184502 
1.87732e-06 0.0001678054 0.008844245 0.2748559 5.036745 54.43204 347.1646 1311.82 2996.672 4550.971 6158.987 9497.534 13345.64 14575.68 13123.7 9866.147 5687.921 2437.801 818.2819 225.5222 50.09153 8.491867 1.043355 0.0890831 0.005108994 
2.392718e-05 0.002059253 0.1044997 3.126849 55.16788 573.9252 3520.671 12736.75 27194.94 34412.43 26406.83 13946.11 8334.162 8891.74 10415.77 9055.596 5304.551 2144.001 645.9761 155.1304 29.9375 4.475696 0.4934424 0.03826419 0.002006597 
2.738342e-05 0.002265436 0.1105103 3.178645 53.91066 539.1744 3180.953 11090.77 23075.8 30071.58 29695.42 31041.04 32611.21 25351.89 13600.57 5853.488 2496.511 1040.342 358.6159 92.14628 17.09539 2.287669 0.2201294 0.01494137 0.0006943382 
5.801886e-05 0.004606956 0.2156979 5.954776 96.93397 930.456 5267.703 17610.13 34979.22 42616.35 36695.71 32093.27 34106.26 35478.21 31707.04 21590.17 9858.061 2839.08 522.8121 68.58259 7.810933 0.8340791 0.07225637 0.00443715 0.0001830921 
0.0001396775 0.01062982 0.4769935 12.62079 196.9028 1811.455 9829.101 31494.85 59976.56 70125.93 58042.19 48186.2 46233.67 40845.73 30703.24 18822.45 8449.697 2602.777 551.3761 82.12711 8.647295 0.6447088 0.03518615 0.001480051 4.794291e-05 
0.0002165908 0.01577628 0.6775735 17.15918 256.2311 2256.303 11721.36 36003.48 66151.62 76967.17 70295.03 70783.22 73838.88 63939.97 45491.14 25992.35 10713.32 2972.668 560.8931 76.16049 7.769921 0.5874704 0.03139275 0.001141223 2.783201e-05 
0.0004303166 0.02996153 1.230062 29.77683 425.0347 3577.649 17765.22 52148.81 91474.09 101119.6 86664.65 82674.7 87054.21 81833.08 64316.62 38351.16 15512.73 4066.208 703.322 84.85548 7.535766 0.4994983 0.02414144 0.0008224435 1.911877e-05 
0.0008268777 0.05496783 2.154582 49.79735 678.6502 5454.098 25861.3 72533.5 121930.1 130934.6 113261.1 110491 112427.3 97959.81 70901.18 39584.13 15305.17 3915.068 674.5064 81.73643 7.146339 0.4467677 0.01953686 0.0005883704 1.206873e-05 
0.001399896 0.08874976 3.317616 73.12643 950.4357 7284.96 32951.72 88263.79 142506.1 150697 136875.7 142981.8 147616.6 127689.6 90294.43 47727.99 16828.2 3738.677 522.7749 47.98579 3.118489 0.1539166 0.005814104 0.0001598651 3.026137e-06 
0.002367644 0.1430001 5.09265 106.9403 1324.164 9669.7 41677.87 106470.7 164648.2 169804.5 156752.8 168158.7 175595.7 154523 109988.2 56940.2 19329.26 4120.237 554.29 48.79038 2.950924 0.1267916 0.0038764 8.321062e-05 1.243927e-06 
0.004792043 0.2754633 9.336719 186.6014 2199.069 15283.92 62698.54 152450.6 224412.9 220340.8 193781.7 199160.6 201756.5 173706.6 119957.6 59322.83 19037.83 3812.138 478.9197 39.11617 2.186035 0.0868534 0.002456388 4.823184e-05 6.41031e-07 
0.00729846 0.398934 12.85757 244.3479 2738.244 18099.26 70655.41 163998.1 233953.2 235956.1 234458.8 260774.6 257785 207884.3 133525 61570.76 18428.88 3423.025 393.7672 28.82698 1.409607 0.04840917 0.001192983 2.078526e-05 2.488949e-07 
0.009143645 0.4748421 14.5401 262.5308 2795.247 17557.09 65181.04 144443.4 200362.9 209309.5 232229.7 279066 291024.8 248665 163947.3 74338.01 21389.56 3801.436 420.8917 29.99394 1.43896 0.04806025 0.001119296 1.779356e-05 1.89217e-07 
0.01427843 0.7039414 20.46355 350.7683 3545.571 21141.76 74509.52 156698.6 205985.8 203146 214034.1 252471.7 268383 234892.5 153514 66786.82 18095.26 2989.975 303.3622 19.43519 0.8231652 0.02419981 0.0005054742 7.405488e-06 7.392663e-08 
0.02357591 1.102686 30.41055 494.5299 4742.357 26829.84 89746.72 179462.7 226062.4 218538.2 228272 257366 253457.9 203938.4 123444 50187.25 12784.86 1996.612 192.7113 11.83805 0.4831192 0.01359619 0.0002662423 3.56349e-06 3.188233e-08 
0.03668645 1.62688 42.53972 655.8927 5963.743 31996.29 101581.4 193556.4 236384.6 232549.9 253640.1 284905.4 271635.2 209360.3 120106 45897.31 10924.56 1583.122 140.2248 7.772272 0.2808202 0.006933568 0.0001203695 1.460771e-06 1.207571e-08 
0.05642638 2.371251 58.75743 858.5197 7397.779 37620.44 113306.2 205656.6 243413.1 242387.1 272287 306302.7 290246.3 220369 122076.1 44432.18 10043.57 1389.949 119.1699 6.526105 0.2376597 0.005930984 0.0001015697 1.168776e-06 8.844878e-09 
0.09422329 3.75075 88.03765 1218.494 9946.102 47918.96 136811.8 236033 268440.3 263242.9 293214.9 323162.9 299679.5 220922.1 117145.8 40509.3 8715.282 1159.83 97.47343 5.368941 0.2010441 0.005186726 9.082053e-05 1.052816e-06 7.936626e-09 
0.1433505 5.403597 120.1043 1574.147 12168.56 55541.15 150491 248406.8 278939.2 286730.9 331684.4 358109.5 317591.2 221795.7 110669.1 35873.95 7219.497 897.0968 70.27925 3.609007 0.1266733 0.003101719 5.241681e-05 5.958597e-07 4.455278e-09 
0.244127 8.712088 183.3247 2274.751 16648.21 71952.67 184731.4 289801.5 312731.3 315311.1 359942.3 384987.3 340263.5 233252 111532.7 34113.93 6426.934 743.4759 53.87171 2.537844 0.08112005 0.001804874 2.781657e-05 2.90329e-07 2.008908e-09 
0.4076717 13.77135 274.3065 3221.942 22323.2 91372.34 222591.2 334142.5 355320.9 367439.9 419732.1 430680.5 359407.1 231236.4 103470.8 29566.44 5193.539 558.1767 37.33988 1.60894 0.04657604 0.0009328971 1.293458e-05 1.216444e-07 7.594468e-10 
0.5933285 18.97107 357.6725 3976.641 26084.23 101160.5 234387.4 340291.7 369271 412513.8 488121.8 496301.1 405252.2 251508.2 107106 28982.04 4835.539 498.614 32.53383 1.39278 0.04040997 0.000802053 1.072639e-05 9.456917e-08 5.418193e-10 
0.9996854 30.25453 539.903 5681.753 35277.61 129530.6 284385.7 392607 409497.9 446157.3 520249.8 529600.2 433441.6 263075.1 106761.4 27106.41 4202.207 398.7006 23.64827 0.9095868 0.02364983 0.0004262826 5.302094e-06 4.44527e-08 2.453284e-10 
1.553056 44.49067 751.5417 7486.839 44013.63 153168.3 320193.8 428968 456716 520604.2 599270.7 577283.7 442038.3 251353.6 96190.5 23281.79 3503.572 332.0695 20.42748 0.8412864 0.02348853 0.0004393368 5.38573e-06 4.258969e-08 2.160449e-10 
2.013924 54.61605 873.3892 8237.476 45867.02 151469.4 303076 402056.9 457848.3 569598 672452 646942.6 488035.2 267127.7 96462.6 21751.11 3017.724 260.7361 14.47832 0.5385371 0.01384559 0.0002467143 2.981991e-06 2.379974e-08 1.227742e-10 
2.648608 68.0051 1029.631 9194.902 48490.44 151860.8 289810.2 374542 433280.4 553063.9 662396.4 648848 490825.7 261055 89493.95 18927.48 2445.268 195.2753 9.918195 0.3330437 0.007641485 0.0001209266 1.301541e-06 9.331275e-09 4.384182e-11 
3.090597 75.13988 1077.277 9111.034 45532.15 135508.4 248750.4 322383 397706.7 529436.2 627003.3 595650.2 431411.5 216948 69769.99 13782.28 1656.902 122.4975 5.715376 0.1745724 0.003611547 5.128028e-05 4.942288e-07 3.166841e-09 1.326503e-11 
