#Simulated generalized assessment 
# 
#start/end year 
71 99 
#number of ages 
15 
#ages 
1 2 3 4 5 6 7 8 9 10 11 12 13 14 15 
#Number of length bins 
25 
#CPUE years 
29 
#years for CPUE 
71 72 73 74 75 76 77 78 79 80 81 82 83 84 85 86 87 88 89 90 91 92 93 94 95 96 97 98 99 
#survey years 
29 
#years for survey 
71 72 73 74 75 76 77 78 79 80 81 82 83 84 85 86 87 88 89 90 91 92 93 94 95 96 97 98 99 
#length freq from catch years 
29 
#years for length freq catch 
71 72 73 74 75 76 77 78 79 80 81 82 83 84 85 86 87 88 89 90 91 92 93 94 95 96 97 98 99 
#catch length sample sizes 
200 200 200 200 200 200 200 200 200 200 200 200 200 200 200 200 200 200 200 200 200 200 200 200 200 200 200 200 200 
#length freq from survey years 
29 
#years for length freq survey 
71 72 73 74 75 76 77 78 79 80 81 82 83 84 85 86 87 88 89 90 91 92 93 94 95 96 97 98 99 
#survey sample sizes 
200 200 200 200 200 200 200 200 200 200 200 200 200 200 200 200 200 200 200 200 200 200 200 200 200 200 200 200 200 
#total survey biomass 
8317.52 8665.718 7516.776 7586.908 13175.26 13073.62 12926.14 20512.53 61705.82 56638.99 84291.49 100942.1 118671.4 136687.5 134889 144227.8 116622.5 121666 94489.51 134785.5 146625 148619.9 118043.6 117523.4 176665 199992.4 173267.7 164679.7 200255.6 
#survey CV 
0.2 0.2 0.2 0.2 0.2 0.2 0.2 0.2 0.2 0.2 0.2 0.2 0.2 0.2 0.2 0.2 0.2 0.2 0.2 0.2 0.2 0.2 0.2 0.2 0.2 0.2 0.2 0.2 0.2 
#total CPUE 
4931.321 7570.152 10505.93 7318.667 17309.42 10310.36 11843.8 18178.5 36792.81 80382.9 61332.13 107063 93935.11 134604.4 133126.3 83311.27 84786.57 92282.98 90834.06 93978.7 133275.9 105391 90293.4 158295.8 185273.4 192604.5 126392.5 163919.6 130497.9 
#CPUE CV 
0.2 0.2 0.2 0.2 0.2 0.2 0.2 0.2 0.2 0.2 0.2 0.2 0.2 0.2 0.2 0.2 0.2 0.2 0.2 0.2 0.2 0.2 0.2 0.2 0.2 0.2 0.2 0.2 0.2 
#total catch biomass 
5417.591 5008.558 6355.746 5455.028 5979.679 9729.126 11240.96 10459.17 18344.92 30294.56 45710.46 59931.18 67313.01 98038.71 106742.7 92073.49 89079.35 81978.85 88595.65 89659.27 81395.33 90364.67 92720.59 105688.9 112613.8 111555.1 115357.2 98759.21 10650.55 
#catch CV 
0.05 0.05 0.05 0.05 0.05 0.05 0.05 0.05 0.05 0.05 0.05 0.05 0.05 0.05 0.05 0.05 0.05 0.05 0.05 0.05 0.05 0.05 0.05 0.05 0.05 0.05 0.05 0.05 0.05 
#Length Bins 
0.6062379 1.818714 3.03119 4.243665 5.456141 6.668617 7.881093 9.093569 10.30604 11.51852 12.731 13.94347 15.15595 16.36842 17.5809 18.79338 20.00585 21.21833 22.4308 23.64328 24.85575 26.06823 27.28071 28.49318 29.70566 
#catch length counts 
5.462631e-35 2.673579e-28 3.008354e-22 7.782328e-17 4.628442e-12 6.328558e-08 0.0001989388 0.1437735 23.88817 912.4972 8013.55 16179.59 7529.331 1312.168 3138.573 4390.194 1590.243 724.454 531.3182 190.1782 76.76 22.55945 4.835183 0.6404026 0.04362059 
5.532492e-35 2.707771e-28 3.046828e-22 7.881856e-17 4.687635e-12 6.409494e-08 0.000201483 0.1456122 24.19367 924.167 8116.035 16386.51 7625.643 1329.503 3182.088 4450.594 1604.601 707.431 514.2278 180.5133 71.21719 20.56615 4.317297 0.5566662 0.03664512 
7.242126e-35 3.544519e-28 3.988349e-22 1.031748e-16 6.136193e-12 8.390136e-08 0.0002637446 0.1906088 31.66992 1209.75 10624.03 21450.16 9975.616 1568.199 3114.153 4346.26 1565.537 685.6069 496.3961 170.7406 65.62446 18.50899 3.788322 0.4772777 0.03060768 
5.251314e-35 2.570154e-28 2.891979e-22 7.481276e-17 4.449395e-12 6.083744e-08 0.000191243 0.1382117 22.96407 877.1981 7703.554 15553.75 7243.957 1417.913 3972.844 5561.265 1949.601 685.7285 471.9907 161.3968 61.3657 16.90297 3.356236 0.4111495 0.02570519 
7.846351e-35 3.840245e-28 4.321105e-22 1.117829e-16 6.648148e-12 9.090141e-08 0.0002857494 0.2065117 34.31221 1310.682 11510.41 23239.77 10804.93 1620.208 2892.624 4034.524 1499.901 802.3366 592.7043 179.8862 59.26314 15.89924 3.093762 0.3679098 0.02232673 
1.313801e-34 6.430146e-28 7.235303e-22 1.871705e-16 1.113173e-11 1.522063e-07 0.0004784617 0.3457853 57.45272 2194.62 19273.15 38912.88 18088.83 2631.574 4346.681 6045.687 2095.075 659.3045 447.5795 172.465 70.65412 17.28719 2.998029 0.3430271 0.02025345 
1.276732e-34 6.248718e-28 7.031158e-22 1.818894e-16 1.081764e-11 1.479117e-07 0.0004649618 0.3360289 55.83168 2132.698 18729.36 37815.1 17596.08 3025.592 7083.591 9894.254 3403.051 984.7542 626.4361 179.5858 56.77776 16.6059 3.231057 0.3405059 0.01867008 
1.341582e-34 6.566112e-28 7.388294e-22 1.911282e-16 1.136711e-11 1.554247e-07 0.0004885788 0.3530969 58.66756 2241.025 19680.68 39735.82 18485.78 3071.305 6784.21 9479.053 3395.805 1426.635 998.1324 274.0562 74.34448 16.48289 2.85983 0.3356575 0.01859468 
2.604168e-34 1.27456e-27 1.434155e-21 3.710024e-16 2.20649e-11 3.016977e-07 0.0009483892 0.6854029 113.8807 4350.095 38202.53 77131.6 35845.52 4964.061 7076.122 9824.005 3487.115 1365.559 961.8273 319.4881 110.8962 23.61087 3.282383 0.3156276 0.01730748 
4.633738e-34 2.267894e-27 2.55187e-21 6.601447e-16 3.926128e-11 5.36827e-07 0.00168752 1.219575 202.634 7740.359 67975.83 137244.5 63787.45 8980.791 13494.25 18732.65 6367.889 1598.268 977.0459 312.1632 109.3417 27.92982 4.534749 0.3928919 0.0176416 
5.985521e-34 2.929498e-27 3.296318e-21 8.527263e-16 5.071482e-11 6.934336e-07 0.002179814 1.575357 261.7477 9998.426 87806.17 177282.7 82440.71 12790.2 24694.63 34409.84 11745.67 3104.817 1892.532 487.237 121.2347 28.9651 5.074117 0.5115989 0.02351303 
7.184168e-34 3.516152e-27 3.956431e-21 1.023491e-15 6.087086e-11 8.32299e-07 0.002616339 1.890834 314.1647 12000.69 105390 212785.1 98969.26 15860.51 32748.44 45694.02 15959.45 5413.634 3583.929 942.6158 231.5182 44.12938 5.894726 0.5778159 0.0292864 
9.911626e-34 4.851054e-27 5.458484e-21 1.412058e-15 8.398038e-11 1.14828e-06 0.003609628 2.608686 433.4369 16556.73 145401.2 293568.2 136493.5 20572.37 37184.33 51803.42 18220.87 6597.435 4497.938 1330.242 396.6373 78.4124 9.503079 0.7312262 0.03197242 
1.253103e-33 6.133073e-27 6.901032e-21 1.785232e-15 1.061744e-10 1.451743e-06 0.004563568 3.2981 547.984 20932.28 183827.3 371151.7 172605.5 27073.1 53508.14 74607.78 25871.17 8180.417 5394.617 1652.19 531.414 119.5651 16.83953 1.289479 0.04805448 
1.316688e-33 6.444275e-27 7.251201e-21 1.875817e-15 1.115619e-10 1.525407e-06 0.00479513 3.465451 575.7896 21994.42 193155 389985 181416.7 29851.8 64803.2 90476.63 31654.68 10917.18 7321.584 2096.019 618.5575 143.899 22.49085 1.971801 0.07911448 
9.452069e-34 4.626133e-27 5.205398e-21 1.346587e-15 8.008659e-11 1.09504e-06 0.003442266 2.487733 413.3404 15789.07 138659.6 279958.6 130371.4 25103.79 68957.66 96534.33 34190.34 13135.64 9093.761 2717.273 838.0283 184.2313 27.50827 2.557702 0.1146744 
9.898215e-34 4.84449e-27 5.451098e-21 1.410148e-15 8.386675e-11 1.146726e-06 0.003604744 2.605156 432.8504 16534.33 145204.5 293171.7 136388.7 22666.85 50095.72 70047.75 25887.27 13384.01 9887.325 3134.737 1051.977 242.5333 36.61913 3.27237 0.1478714 
8.94183e-34 4.376406e-27 4.924402e-21 1.273896e-15 7.576338e-11 1.035927e-06 0.003256447 2.353441 391.0275 14936.75 131174.5 264845.3 123260.2 21795.75 53309.44 74551.6 26492.08 10476.13 7523.92 2843.553 1157.986 290.5755 47.51476 4.401859 0.1972216 
9.74832e-34 4.771127e-27 5.368548e-21 1.388793e-15 8.25967e-11 1.129361e-06 0.003550155 2.565705 426.2955 16283.94 143005.5 288732 134320.7 22255.3 48919.5 68361.43 24697.82 11041.62 7963.519 2578.771 948.9144 279.576 54.45262 5.561395 0.2638945 
9.422632e-34 4.611725e-27 5.189187e-21 1.342394e-15 7.983718e-11 1.091629e-06 0.003431546 2.479985 412.0531 15739.9 138227.8 279085.8 129868.4 22449.21 53009.49 74104.06 26313.54 10335.74 7319.69 2530.859 956.264 250.6398 48.81933 5.818247 0.3144998 
9.582611e-34 4.690024e-27 5.27729e-21 1.365185e-15 8.119267e-11 1.110163e-06 0.003489807 2.522091 419.049 16007.13 140574.6 283824 132048.8 22179.2 49933.29 69785.61 25045.08 10674.08 7621.565 2452.021 872.2216 236.9035 44.9922 5.160394 0.3017489 
1.038308e-33 5.081797e-27 5.718119e-21 1.479223e-15 8.797495e-11 1.202899e-06 0.003781322 2.732769 454.0535 17344.26 152317.3 307532.6 143067.9 23729.39 52256.88 73003.71 26027.61 10554.59 7500.675 2522.523 924.1597 236.9015 43.5439 4.973085 0.2848039 
1.093161e-33 5.350266e-27 6.020205e-21 1.55737e-15 9.262263e-11 1.266447e-06 0.003981088 2.877141 478.041 18260.55 160364.1 323779.7 150651.3 25651.64 59100.69 82600.83 29377.95 11684.83 8239.037 2696.847 971.0836 256.9253 47.10736 5.164866 0.2898824 
1.151216e-33 5.634405e-27 6.339922e-21 1.640078e-15 9.754158e-11 1.333705e-06 0.004192513 3.029938 503.4285 19230.32 168880.7 340974.7 158641.3 26730.78 60510.46 84568.11 30275.21 12667.7 9018.642 2918.779 1029.619 266.1895 48.73899 5.391052 0.2962594 
1.22126e-33 5.97722e-27 6.725663e-21 1.739866e-15 1.034763e-10 1.414852e-06 0.004447599 3.214289 534.0587 20400.35 179155.9 361720.7 168304.8 28655.31 66012.74 92271.75 32977.34 13625.48 9709.736 3233.573 1173.87 300.2438 53.70415 5.863901 0.3224754 
1.362198e-33 6.667017e-27 7.501834e-21 1.940654e-15 1.154179e-10 1.578132e-06 0.004960871 3.585232 595.6914 22754.64 199831.3 403464.9 187726.9 31936.75 73475.24 102710.2 36843.13 15648.71 11206.54 3709.457 1348.171 353.9328 64.28013 6.917667 0.3741745 
1.203831e-33 5.89192e-27 6.629682e-21 1.715036e-15 1.019996e-10 1.394661e-06 0.004384127 3.168418 526.4372 20109.22 176599.2 356559.4 165991.5 30600.48 79446.86 111191.8 39857.26 16841.4 12071.76 4058.149 1497.345 392.9489 72.19661 7.915056 0.4279119 
1.122363e-33 5.493187e-27 6.181022e-21 1.598972e-15 9.509685e-11 1.300278e-06 0.004087434 2.953997 490.8108 18748.34 164647.9 332429.4 154744.7 28171.8 71886.1 100648.1 36907.69 18208.08 13435.99 4508.94 1666.623 443.7356 82.49517 9.118799 0.4998112 
1.153398e-34 5.645084e-28 6.351939e-22 1.643187e-16 9.772646e-12 1.336233e-07 0.0004200459 0.3035681 50.43827 1926.677 16920.08 34162.19 15904.65 2955.609 7757.021 10862.97 3974.569 1934.999 1442.686 531.5392 215.0731 57.87094 10.84555 1.214986 0.06731447 
#survey length counts 
7.844844e-35 3.839507e-28 4.320275e-22 1.117614e-16 6.646871e-12 9.088395e-08 0.0002856945 0.206472 34.30562 1310.43 11508.2 23235.38 10811.91 1860.468 4361.158 6098.673 2203.472 986.1463 719.2202 253.2469 100.2384 28.99093 6.09311 0.7861919 0.05177791 
1.018956e-34 4.987084e-28 5.611547e-22 1.451654e-16 8.633531e-12 1.180479e-07 0.0003710847 0.2681837 44.55911 1702.1 14947.85 30180.05 14034.69 2183.773 4243.199 5920.687 2137.178 950.1696 690.2605 238.1368 91.83146 25.93997 5.315661 0.6701781 0.04299765 
7.384502e-35 3.614202e-28 4.066758e-22 1.052032e-16 6.256827e-12 8.555081e-08 0.0002689297 0.1943561 32.29254 1233.533 10832.89 21871.98 10185.51 1965.017 5410.333 7572.6 2659.016 949.1399 656.0394 225.0095 85.83544 23.67874 4.707348 0.5770793 0.03609558 
1.102447e-34 5.395716e-28 6.071346e-22 1.5706e-16 9.340945e-12 1.277205e-07 0.0004014906 0.2901581 48.21019 1841.567 16172.64 32652.9 15180.63 2255.69 3937.406 5490.373 2046.632 1111.496 823.2641 250.5067 82.83227 22.2584 4.336428 0.516058 0.03133159 
1.828847e-34 8.950936e-28 1.007174e-21 2.605463e-16 1.549566e-11 2.118752e-07 0.0006660316 0.4813424 79.97573 3054.97 26828.74 54167.77 25179.06 3634.492 5875.259 8169.337 2835.006 905.2433 617.5115 238.7424 98.08716 24.031 4.173122 0.4778468 0.02822676 
1.765949e-34 8.643098e-28 9.725352e-22 2.515857e-16 1.496274e-11 2.045885e-07 0.0006431256 0.4647883 77.22522 2949.904 25906.06 52305.05 24336.87 4140.654 9527.464 13305.75 4582.238 1345.122 859.9778 247.1481 78.4471 22.9828 4.476493 0.4720788 0.02589742 
1.846122e-34 9.035486e-28 1.016687e-21 2.630074e-16 1.564204e-11 2.138766e-07 0.0006723228 0.4858892 80.73117 3083.827 27082.17 54679.6 25436.37 4186.092 9089.72 12698.53 4558.509 1944.552 1365.101 375.6495 102.2968 22.71781 3.947306 0.4636369 0.02569507 
3.574163e-34 1.749305e-27 1.968346e-21 5.091926e-16 3.028359e-11 4.140734e-07 0.001301643 0.9407004 156.2987 5970.409 52432.13 105861.4 49195.66 6772.441 9463.753 13134.81 4671.105 1857.232 1313.111 437.4457 152.3327 32.47453 4.520747 0.435092 0.02387107 
6.434942e-34 3.149458e-27 3.54382e-21 9.167529e-16 5.452273e-11 7.454998e-07 0.002343485 1.693642 281.4009 10749.15 94399.07 190593.5 88579.31 12384.64 18207.7 25267.23 8598.174 2187.843 1345.336 431.0706 151.5177 38.76008 6.300157 0.5462232 0.02454021 
8.353998e-34 4.088703e-27 4.600674e-21 1.190151e-15 7.078273e-11 9.67826e-07 0.003042369 2.198727 365.3216 13954.81 122551.2 247433.6 115056.3 17683.76 33443.29 46589.05 15920.8 4267.301 2615.196 674.6611 168.5568 40.34516 7.076491 0.7139679 0.03282791 
9.86558e-34 4.828518e-27 5.433125e-21 1.405498e-15 8.359024e-11 1.142946e-06 0.003592859 2.596567 431.4233 16479.81 144725.7 292204.7 135901.3 21590.15 43810.43 61118.24 21380.31 7361.24 4893.878 1289.821 318.0275 60.71297 8.121962 0.7968417 0.04040638 
1.376545e-33 6.737232e-27 7.580841e-21 1.961092e-15 1.166335e-10 1.594752e-06 0.005013117 3.622991 601.965 22994.29 201935.8 407712.8 189555.6 28330.39 50171.28 69879.2 24620.43 9048.653 6193.764 1836.403 549.5051 108.7771 13.20035 1.016596 0.04447704 
1.719016e-33 8.413391e-27 9.466882e-21 2.448993e-15 1.456508e-10 1.991511e-06 0.006260333 4.524356 751.7282 28715.05 252175.6 509148.3 236769.9 36831.96 71527.48 99713.77 34626.79 11111.21 7361.504 2260.645 729.6932 164.4095 23.18305 1.776477 0.06623887 
1.81741e-33 8.894961e-27 1.000875e-20 2.58917e-15 1.539876e-10 2.105503e-06 0.006618665 4.783324 794.756 30358.65 266609.7 538291.8 250392.5 40807.56 87025.59 121482.7 42570.84 14902.09 10035.98 2880.06 853.1416 198.7836 31.10712 2.729074 0.1095479 
1.311108e-33 6.416965e-27 7.220472e-21 1.867868e-15 1.110891e-10 1.518943e-06 0.004774809 3.450765 573.3495 21901.21 192336.4 388333.8 180823.1 34378.11 92942.75 130098.1 46162.23 18004.1 12511.14 3747.982 1160.055 255.396 38.18457 3.553083 0.159375 
1.382376e-33 6.765774e-27 7.612957e-21 1.9694e-15 1.171276e-10 1.601508e-06 0.005034355 3.638339 604.5152 23091.7 202791.3 409440.9 190466.4 31313.99 67872.75 94890.17 35159.31 18456.4 13672.6 4346.682 1463.704 337.9329 51.08653 4.568635 0.2065514 
1.25395e-33 6.137215e-27 6.905692e-21 1.786437e-15 1.062461e-10 1.452724e-06 0.004566649 3.300327 548.3541 20946.42 183951.4 371403.3 172838.6 30187.04 72449.47 101303.3 36065.96 14477.59 10437.52 3957.605 1616.427 406.1515 66.49279 6.164331 0.2763203 
1.362673e-33 6.669339e-27 7.504447e-21 1.94133e-15 1.154581e-10 1.578681e-06 0.004962599 3.586481 595.8988 22762.57 199900.9 403605 187748 30772.7 66324.6 92667.93 33552.57 15229.44 11019.67 3578.53 1321.482 389.9554 76.03112 7.770176 0.3688674 
1.309895e-33 6.41103e-27 7.213794e-21 1.86614e-15 1.109864e-10 1.517538e-06 0.004770393 3.447574 572.8192 21880.96 192158.6 387973.5 180524.6 30860.34 71568.83 100034.3 35587.71 14190.86 10087.96 3498.619 1326.209 348.1185 67.89349 8.096959 0.4378439 
1.349782e-33 6.606249e-27 7.433457e-21 1.922965e-15 1.143659e-10 1.563747e-06 0.004915654 3.552553 590.2618 22547.24 198009.9 399787.1 185986.8 30873.77 68091.86 95146.54 34216.91 14804 10606.39 3421.87 1221.471 332.2745 63.17955 7.251678 0.4242277 
1.482615e-33 7.256374e-27 8.164988e-21 2.112205e-15 1.256208e-10 1.717637e-06 0.005399406 3.902162 648.3498 24766.13 217496.1 439130.3 204272.7 33455.72 72005.7 100571.5 35924.84 14785.86 10545.33 3556.865 1307.403 335.6346 61.76964 7.05973 0.404489 
1.552555e-33 7.598683e-27 8.550159e-21 2.211845e-15 1.315467e-10 1.798664e-06 0.005654115 4.086241 678.9348 25934.43 227756.2 459845.9 213944 35966.96 81100.11 113326.4 40381.51 16301.96 11536.51 3786.995 1368.285 362.5591 66.55476 7.302368 0.4100465 
1.662441e-33 8.136497e-27 9.155316e-21 2.368394e-15 1.408572e-10 1.925968e-06 0.006054298 4.375454 726.9879 27770 243876.2 492392.4 229069.5 38063.86 84100.08 117510.4 42151.55 17899.25 12786.74 4149.887 1468.907 380.3305 69.72382 7.717691 0.424312 
1.790371e-33 8.762625e-27 9.859845e-21 2.550649e-15 1.516966e-10 2.074177e-06 0.006520195 4.712159 782.9318 29906.99 262643.2 530283.6 246711 41361.08 92819.6 129711 46447.07 19473.06 13924.72 4650.639 1693.895 433.8839 77.70386 8.490578 0.4671417 
1.980242e-33 9.691913e-27 1.09055e-20 2.821149e-15 1.677843e-10 2.294147e-06 0.00721167 5.211889 865.9628 33078.66 290496.8 586520.9 272874.9 45744.08 102642.7 143450.9 51560.14 22224.17 15969.05 5301.06 1933.099 508.245 92.41623 9.952689 0.5385912 
1.765466e-33 8.640731e-27 9.722689e-21 2.515168e-15 1.495864e-10 2.045324e-06 0.006429495 4.64661 772.0408 29490.96 258989.6 522908.1 243403.7 44094.55 111735 156352.1 56155.98 24077.76 17317.07 5838.41 2161.327 568.0324 104.4912 11.46366 0.6200423 
1.647403e-33 8.062893e-27 9.072497e-21 2.346969e-15 1.39583e-10 1.908546e-06 0.005999531 4.335874 720.4115 27518.79 241670 487939.2 227107.3 40639.03 101169.4 141621.7 52056.05 26061.82 19286.87 6491.129 2407.261 641.8792 119.475 13.21578 0.7247008 
1.734556e-33 8.489449e-27 9.552463e-21 2.471132e-15 1.469675e-10 2.009515e-06 0.006316927 4.565257 758.5238 28974.63 254455.2 513752.2 239048.6 40839.01 94613.18 132334.7 48470.26 23757.27 17740.13 6553 2658.235 716.1706 134.3653 15.06237 0.8348662 
1.734556e-33 8.489449e-27 9.552463e-21 2.471132e-15 1.469675e-10 2.009515e-06 0.006316927 4.565257 758.5238 28974.63 254455.2 513752.2 239048.6 40839.01 94613.18 132334.7 48470.26 23757.27 17740.13 6553 2658.235 716.1706 134.3653 15.06237 0.8348662 
