# Number of parameters = 80 Objective function value = 20039.6419751617  Maximum gradient component = 0.000565522648284199
# srv_sel50:
2.55816164783
# srv_sel95:
5.90844983750
# stNatLen:
 12.2854870296 10.3766553544 8.90347326785 7.87091654269 7.13272887318 6.58367114659 6.16125803359 5.82920722020 5.56547432760 5.35602068399 5.19158099526 5.06590755974 4.97477440183 4.91539611153 4.88608831635
# log_avg_fmort_dir:
0.572011609574
# fmort_dir_dev:
 -0.453825648704 -0.0431877295740 0.0801174436689 -0.0189283041657 -0.257646947458 -0.0902486385443 -0.0806733948173 -0.303910293840 -0.391358897215 -0.225273817649 -0.176976482118 -0.170252201032 0.0375739826814 0.0917317487880 0.257799170480 0.271258466460 0.174861984226 0.118326817570 0.114835883674 0.108280375205 -0.0262987047696 -0.0555613826593 -0.0284381850462 -0.0495309801574 -0.0443317968305 0.0194100732293 0.0504924442827 0.145314272563 0.946440741753
# mean_log_rec:
14.7647871241
# rec_dev:
 -2.09443097680 -2.19027440088 -2.19013507942 -1.70356656073 -1.41147073257 -1.42060895133 -1.08057260593 -0.452712997610 -0.0116065506401 0.106787201803 0.343890933457 0.618406396251 0.699952492636 0.648406003139 0.542207906559 0.514869907592 0.495028841297 0.501052049957 0.561532611604 0.668553506900 0.732649759947 0.769915125920 0.803355766541 0.893955899355 0.905057618747 0.791322495981 0.668761584898 0.644836378717 0.644836374600
# log_avg_NatM:
0.523588830885
# m_dev:
 0.00000000000 0.00000000000 0.00000000000 0.00000000000 0.00000000000 0.00000000000 0.00000000000 0.00000000000 0.00000000000 0.00000000000 0.00000000000 0.00000000000 0.00000000000 0.00000000000 0.00000000000 0.00000000000 0.00000000000 0.00000000000 0.00000000000 0.00000000000 0.00000000000 0.00000000000 0.00000000000 0.00000000000 0.00000000000 0.00000000000 0.00000000000 0.00000000000 0.00000000000
# log_avg_GrowthK:
-1.02151300000
# log_avg_Linf:
3.36611700000
# GrowthK_dev:
 0.00000000000 0.00000000000 0.00000000000 0.00000000000 0.00000000000 0.00000000000 0.00000000000 0.00000000000 0.00000000000 0.00000000000 0.00000000000 0.00000000000 0.00000000000 0.00000000000 0.00000000000 0.00000000000 0.00000000000 0.00000000000 0.00000000000 0.00000000000 0.00000000000 0.00000000000 0.00000000000 0.00000000000 0.00000000000 0.00000000000 0.00000000000 0.00000000000 0.00000000000
# Linf_dev:
 0.00000000000 0.00000000000 0.00000000000 0.00000000000 0.00000000000 0.00000000000 0.00000000000 0.00000000000 0.00000000000 0.00000000000 0.00000000000 0.00000000000 0.00000000000 0.00000000000 0.00000000000 0.00000000000 0.00000000000 0.00000000000 0.00000000000 0.00000000000 0.00000000000 0.00000000000 0.00000000000 0.00000000000 0.00000000000 0.00000000000 0.00000000000 0.00000000000 0.00000000000
# SelPars50:
2.52562375423
# SelPars95:
5.28537098538
# SelPars_dev50:
 0.00000000000 0.00000000000 0.00000000000 0.00000000000 0.00000000000 0.00000000000 0.00000000000 0.00000000000 0.00000000000 0.00000000000 0.00000000000 0.00000000000 0.00000000000 0.00000000000 0.00000000000 0.00000000000 0.00000000000 0.00000000000 0.00000000000 0.00000000000 0.00000000000 0.00000000000 0.00000000000 0.00000000000 0.00000000000 0.00000000000 0.00000000000 0.00000000000 0.00000000000
# SelPars_dev95:
 0.00000000000 0.00000000000 0.00000000000 0.00000000000 0.00000000000 0.00000000000 0.00000000000 0.00000000000 0.00000000000 0.00000000000 0.00000000000 0.00000000000 0.00000000000 0.00000000000 0.00000000000 0.00000000000 0.00000000000 0.00000000000 0.00000000000 0.00000000000 0.00000000000 0.00000000000 0.00000000000 0.00000000000 0.00000000000 0.00000000000 0.00000000000 0.00000000000 0.00000000000
