# Number of parameters = 78 Objective function value = 21959.5440343524  Maximum gradient component = 0.000420691725745899
# srv_sel50:
1.61645319204
# srv_sel95:
3.88421029026
# stNatLen:
 11.3498182138 10.0047646034 8.58355945482 7.51287960581 6.72878547339 6.14735933352 5.70450007450 5.35937789484 5.08694751450 4.87150115532 4.70285134220 4.57422433927 4.48108436779 4.42046118573 4.39056295989
# log_avg_fmort_dir:
0.930429127021
# fmort_dir_dev:
 -0.577467954119 -0.144469456292 -0.328567184241 -0.299810649223 -0.245789789714 -0.222910638558 -0.126933142884 -0.116558514460 -0.404212998719 -0.0799838367353 0.148873231837 -0.0557798093039 -0.0985855579541 0.234498014525 0.128895487256 0.304266858779 -0.0566479690341 0.290214267654 0.127600887397 0.157310189660 0.163401728232 0.00709326663699 0.177649044321 0.0676436919963 0.142715504872 0.258374272997 0.274644954516 0.274536100560
# mean_log_rec:
13.2568787995
# rec_dev:
 -1.70203713754 -1.43756074585 -1.18623847222 -0.941008837324 -0.974805120810 -1.18564497089 -0.831909658694 -0.114051226775 -0.217794994737 -0.214424623053 0.392876567028 0.636020783768 0.529241063027 0.331944071985 0.272813100541 0.390101708184 0.277711317955 0.351034120435 0.331676310542 0.409154461738 0.573808142655 0.556619543457 0.698425971675 0.678798457107 0.525276682231 0.499681903707 0.675145789963 0.675145791903
# log_avg_NatM:
0.0409946410101
# m_dev:
 0.00000000000 0.00000000000 0.00000000000 0.00000000000 0.00000000000 0.00000000000 0.00000000000 0.00000000000 0.00000000000 0.00000000000 0.00000000000 0.00000000000 0.00000000000 0.00000000000 0.00000000000 0.00000000000 0.00000000000 0.00000000000 0.00000000000 0.00000000000 0.00000000000 0.00000000000 0.00000000000 0.00000000000 0.00000000000 0.00000000000 0.00000000000 0.00000000000
# log_avg_GrowthK:
-1.02151300000
# log_avg_Linf:
3.36611700000
# GrowthK_dev:
 0.00000000000 0.00000000000 0.00000000000 0.00000000000 0.00000000000 0.00000000000 0.00000000000 0.00000000000 0.00000000000 0.00000000000 0.00000000000 0.00000000000 0.00000000000 0.00000000000 0.00000000000 0.00000000000 0.00000000000 0.00000000000 0.00000000000 0.00000000000 0.00000000000 0.00000000000 0.00000000000 0.00000000000 0.00000000000 0.00000000000 0.00000000000 0.00000000000
# Linf_dev:
 0.00000000000 0.00000000000 0.00000000000 0.00000000000 0.00000000000 0.00000000000 0.00000000000 0.00000000000 0.00000000000 0.00000000000 0.00000000000 0.00000000000 0.00000000000 0.00000000000 0.00000000000 0.00000000000 0.00000000000 0.00000000000 0.00000000000 0.00000000000 0.00000000000 0.00000000000 0.00000000000 0.00000000000 0.00000000000 0.00000000000 0.00000000000 0.00000000000
# SelPars50:
2.14120182925
# SelPars95:
3.29125477876
# SelPars_dev50:
 0.00000000000 0.00000000000 0.00000000000 0.00000000000 0.00000000000 0.00000000000 0.00000000000 0.00000000000 0.00000000000 0.00000000000 0.00000000000 0.00000000000 0.00000000000 0.00000000000 0.00000000000 0.00000000000 0.00000000000 0.00000000000 0.00000000000 0.00000000000 0.00000000000 0.00000000000 0.00000000000 0.00000000000 0.00000000000 0.00000000000 0.00000000000 0.00000000000
# SelPars_dev95:
 0.00000000000 0.00000000000 0.00000000000 0.00000000000 0.00000000000 0.00000000000 0.00000000000 0.00000000000 0.00000000000 0.00000000000 0.00000000000 0.00000000000 0.00000000000 0.00000000000 0.00000000000 0.00000000000 0.00000000000 0.00000000000 0.00000000000 0.00000000000 0.00000000000 0.00000000000 0.00000000000 0.00000000000 0.00000000000 0.00000000000 0.00000000000 0.00000000000
