#Simulated generalized assessment 
# 
#start/end year 
73 100 
#number of ages 
15 
#ages 
1 2 3 4 5 6 7 8 9 10 11 12 13 14 15 
#Number of length bins 
25 
#CPUE years 
28 
#years for CPUE 
73 74 75 76 77 78 79 80 81 82 83 84 85 86 87 88 89 90 91 92 93 94 95 96 97 98 99 100 
#survey years 
28 
#years for survey 
73 74 75 76 77 78 79 80 81 82 83 84 85 86 87 88 89 90 91 92 93 94 95 96 97 98 99 100 
#length freq from catch years 
28 
#years for length freq catch 
73 74 75 76 77 78 79 80 81 82 83 84 85 86 87 88 89 90 91 92 93 94 95 96 97 98 99 100 
#catch length sample sizes 
200 200 200 200 200 200 200 200 200 200 200 200 200 200 200 200 200 200 200 200 200 200 200 200 200 200 200 200 
#length freq from survey years 
28 
#years for length freq survey 
73 74 75 76 77 78 79 80 81 82 83 84 85 86 87 88 89 90 91 92 93 94 95 96 97 98 99 100 
#survey sample sizes 
200 200 200 200 200 200 200 200 200 200 200 200 200 200 200 200 200 200 200 200 200 200 200 200 200 200 200 200 
#total survey biomass 
21570.23 29007.99 20328.33 27733.04 41458.12 45497.64 47124.62 43692.71 68117.83 66860.01 78033.02 112540.6 89130.74 80172.98 173280.4 126954.9 106363.1 123547.7 163632.4 152445.3 115731.2 130521.4 85437.7 106734.6 151040.2 129282.2 148923.8 168002.9 
#survey CV 
0.2 0.2 0.2 0.2 0.2 0.2 0.2 0.2 0.2 0.2 0.2 0.2 0.2 0.2 0.2 0.2 0.2 0.2 0.2 0.2 0.2 0.2 0.2 0.2 0.2 0.2 0.2 0.2 
#total CPUE 
11898.82 20673.09 22718 20977.84 19565.14 31677.76 30557.62 48204.43 34825.54 55374.12 88250.51 78212.01 75588.22 83730.08 73256.8 147679.4 121800.2 114589 139545.4 127722.5 161669 137733.9 157268.1 186015.1 75235.46 158476 223252 108884.7 
#CPUE CV 
0.2 0.2 0.2 0.2 0.2 0.2 0.2 0.2 0.2 0.2 0.2 0.2 0.2 0.2 0.2 0.2 0.2 0.2 0.2 0.2 0.2 0.2 0.2 0.2 0.2 0.2 0.2 0.2 
#total catch biomass 
9466.212 10327.94 14064.52 16477.95 18299.11 18742.66 26630.29 25329.77 34877.67 40546.51 45434.46 53008.24 62005.62 60835.12 84893.88 89094.36 93793.66 82621.03 106300.3 82101.43 93039.06 95020.7 98404.09 92886.52 104472.2 92596.21 82675.6 94057.66 
#catch CV 
0.1 0.1 0.1 0.1 0.1 0.1 0.1 0.1 0.1 0.1 0.1 0.1 0.1 0.1 0.1 0.1 0.1 0.1 0.1 0.1 0.1 0.1 0.1 0.1 0.1 0.1 0.1 0.1 
#Length Bins 
0.7268801 2.18064 3.634401 5.088161 6.541921 7.995682 9.449442 10.9032 12.35696 13.81072 15.26448 16.71824 18.172 19.62576 21.07952 22.53328 23.98704 25.44081 26.89457 28.34833 29.80209 31.25585 32.70961 34.16337 35.61713 
#catch length counts 
6.249422e-07 6.786137e-05 0.004344542 0.1639851 3.64928 47.88138 370.4737 1691.818 4579.661 7506.028 8181.382 7801.808 8211.57 7928.813 6151.748 4096.359 2384.589 1140.124 432.6826 128.7066 29.41366 5.025275 0.6195769 0.05297686 0.003034174 
8.298144e-07 9.010808e-05 0.005768794 0.2177437 4.845601 63.57763 491.903 2245.895 6072.935 9897.003 10509.23 9292.92 8955.919 8226.506 6147.309 3904.408 2149.824 972.5781 352.0157 100.6746 22.01386 3.539336 0.4050189 0.03206482 0.001709441 
1.077716e-06 0.0001170273 0.007492188 0.2827934 6.293212 82.57209 638.8917 2917.571 7895.867 12913.84 13890.78 12628.81 12353.26 11123.09 7910.956 4687.028 2412.428 1028.802 350.6608 94.11127 19.32602 2.922917 0.3138502 0.02315718 0.001142484 
1.301089e-06 0.000141283 0.009045054 0.3414066 7.597583 99.68687 771.3255 3522.489 9533.781 15590.94 16727.44 15018.77 14388.53 12790.55 9061.914 5306.362 2619.279 1035.541 320.2222 77.68229 14.5203 2.013547 0.199207 0.01358344 0.0006198835 
1.590261e-06 0.0001726836 0.01105535 0.4172858 9.286202 121.8443 942.8114 4306.45 11664.66 19132.84 20728.53 18958.51 18336.32 16224.3 11416.73 6637.882 3241.784 1259.419 376.2536 85.68501 14.62927 1.826771 0.1625265 0.01001742 0.0004157435 
2.004587e-06 0.0002176746 0.01393572 0.5260057 11.70565 153.5904 1188.468 5428.595 14703.05 24093.92 25945.55 23222.64 21773.83 18902.89 13201.54 7611.929 3646.268 1375.686 396.5824 86.50469 13.97091 1.621375 0.1316609 0.007313169 0.000272137 
2.178266e-06 0.0002365341 0.01514312 0.5715798 12.7199 166.9014 1291.562 5901.298 16003.05 26349.4 28821.39 26598.98 25384.65 21791.29 14787.69 8202.338 3775.183 1372.06 380.4072 79.31089 12.15266 1.327974 0.100656 0.005166095 0.0001757924 
2.520911e-06 0.0002737413 0.01752516 0.6614907 14.72079 193.1565 1494.754 6829.811 18519.19 30458.28 33091.8 29872.8 27729.08 23602.14 16206.9 9107.231 4158.57 1466.276 389.1602 77.15878 11.20061 1.154857 0.0821746 0.003937147 0.0001243564 
3.079829e-06 0.0003344333 0.02141072 0.8081529 17.98469 235.9878 1826.343 8347.292 22658.11 37405.52 41084.61 37762.02 35283.31 29759.36 20171.04 11212.04 5094.346 1797.332 475.5268 92.51574 12.92462 1.263663 0.08451338 0.003786146 0.0001114073 
3.799503e-06 0.0004125814 0.02641383 0.9969967 22.18723 291.1306 2253.041 10295.87 27923.12 45896.41 49481.37 43213.43 37866.41 30635.79 20166.82 10827.5 4703.248 1578.406 398.0229 74.25053 9.982664 0.9365897 0.05961664 0.002517668 6.927964e-05 
4.735161e-06 0.0005141829 0.03291847 1.242518 27.65126 362.836 2808.226 12837.39 34859.49 57542.25 62795.25 55970.93 49410.84 39355.32 25171.34 13060.36 5493.285 1790.17 436.8013 78.16673 10.0066 0.8910039 0.05377504 0.002150336 5.585684e-05 
5.289157e-06 0.0005743405 0.03676985 1.387894 30.88686 405.3123 3137.547 14352.7 39074.62 65094.01 73043.21 68684.48 63389.21 51352.66 33077.78 17115.15 7049.704 2215.923 517.5858 88.38693 10.76847 0.9088786 0.05175486 0.001945217 4.738052e-05 
6.944695e-06 0.0007541126 0.04827903 1.822312 40.55451 532.1686 4119.252 18836.82 51196.68 84660.51 92422.3 81416.22 70123.24 55259.16 35677.91 18542.83 7552.712 2308.389 517.2084 83.79472 9.61261 0.7608701 0.04055581 0.001425007 3.240366e-05 
7.340179e-06 0.0007970578 0.05102849 1.926101 42.86507 562.5268 4355.332 19934.62 54358.66 90901.23 102478.2 95529.61 85019.82 65448.69 39795.94 19338.7 7489.463 2215.916 482.6974 75.43425 8.245177 0.6150464 0.03065445 0.001002332 2.115546e-05 
8.45668e-06 0.000918297 0.05879038 2.219082 49.38556 648.1051 5018.065 22968.68 62619.68 104525.9 116813.3 106473.3 92763.64 71646.96 44517.99 21844.33 8247.575 2310.579 471.7226 69.33404 7.172419 0.5072429 0.02388531 0.0007334046 1.444763e-05 
1.048562e-05 0.001138616 0.07289556 2.751503 61.23538 803.6509 6223.307 28498.24 77799.47 130327.4 146668 134346.2 115998.2 87828.14 53447.98 25833.82 9685.965 2698.623 541.5236 76.61498 7.48645 0.4950899 0.02174519 0.0006232288 1.146655e-05 
9.242926e-06 0.001003675 0.06425666 2.425445 53.98079 708.5275 5488.958 25170.63 69034.58 117327.8 137034.3 133034 118931.9 89210.5 52228.19 23870.37 8404.788 2202.438 418.1797 56.31364 5.243943 0.3288835 0.01358558 0.0003632547 6.200879e-06 
1.108495e-05 0.001203698 0.07706239 2.908811 64.73828 849.702 6581.755 30163.69 82518.98 138881.2 157364.2 144333.9 123780.4 93781.92 57325.16 27177.88 9623.532 2461.874 447.3906 57.0162 5.000051 0.2949954 0.01146174 0.0002879369 4.605632e-06 
1.189683e-05 0.001291861 0.08270702 3.121915 69.48407 912.1173 7068.359 32439.45 89132.42 151903.7 177212 168992 146363.2 107372.5 62499.29 28569.9 9999.46 2566.022 465.7843 58.25415 4.912742 0.2743755 0.009994885 0.0002342713 3.489398e-06 
1.21615e-05 0.001320601 0.08454717 3.19139 71.03131 932.4574 7226.43 33166.74 91101.24 154858.5 178721.8 166182.7 139853.7 100635.6 57394.11 25236.01 8326.286 2001.348 342.9681 41.01008 3.332239 0.1791872 0.006241063 0.0001385664 1.938077e-06 
1.336163e-05 0.001450925 0.09289128 3.50642 78.04748 1024.742 7945.853 36526.57 100792.4 173467.2 205739.6 198719.2 171521.2 124382.5 71071.04 31233.73 10241.85 2419.926 401.4109 45.78907 3.519807 0.178757 0.005889799 0.0001238928 1.641112e-06 
1.309205e-05 0.001421654 0.09101778 3.435752 76.47779 1004.252 7789.478 35837.46 99086.34 171204.9 204061.6 196999.9 168212.7 119911 66946.73 28487.16 8975.393 2030.261 321.8796 35.00097 2.552682 0.122273 0.003779554 7.432794e-05 9.191997e-07 
1.335969e-05 0.00145072 0.09287929 3.506083 78.04717 1024.996 7953.133 36621.84 101452.6 175932.4 210535.2 202933.8 171565.3 120716.7 66375.66 27646.2 8457.458 1842.85 279.3422 28.85751 1.990067 0.08982966 0.002609127 4.807517e-05 5.554326e-07 
1.724079e-05 0.001872166 0.1198614 4.524609 100.7182 1322.625 10259.1 47181.52 130130.6 222444.6 256097.2 230055.1 180636.7 120790.3 64076.69 25805.69 7614.382 1594.334 231.0901 22.69742 1.479935 0.06286212 0.00171173 2.948575e-05 3.178075e-07 
1.865053e-05 0.002025262 0.1296653 4.894936 108.9769 1431.639 11116.79 51279.34 142563.1 248485.8 297198.4 279011.3 220970.8 141556.4 69801.01 26012.08 7167.638 1414.424 193.9443 18.01269 1.107947 0.04426166 0.00113003 1.819812e-05 1.829123e-07 
1.675641e-05 0.00181959 0.1164993 4.398113 97.92774 1286.888 10000.87 46225.96 129149.1 227568.2 277541.3 266743.3 214747.5 138158.7 67158.68 23965.67 6136.392 1104.225 137.4287 11.64243 0.6583798 0.02433666 0.0005769992 8.640844e-06 8.076372e-08 
1.844079e-05 0.002002508 0.1282122 4.840436 107.7834 1416.606 11012.1 50924.37 142343 250649.6 304400.5 290588.2 234321 153439.5 76570.09 27888.94 7169.47 1267.1 151.1706 12.00446 0.6261833 0.02117769 0.0004585898 6.283917e-06 5.390524e-08 
1.960884e-05 0.002129367 0.1363373 5.14746 114.6349 1507.123 11724.21 54304.47 152285.3 269593.6 328906.8 312163 245955.8 155738.5 75207.88 26712.74 6751.066 1176.321 137.7264 10.61806 0.530201 0.01691849 0.0003412812 4.313948e-06 3.391868e-08 
#survey length counts 
1.489122e-06 0.0001617012 0.01035224 0.390746 8.695518 114.0896 882.6556 4028.646 10876.62 17598.43 18135.4 14752.09 12955.57 11500.12 8544.912 5442.542 3031.281 1396.214 517.24 152.4335 34.59365 5.811196 0.6992081 0.05854427 0.003317597 
1.762493e-06 0.000191386 0.01225269 0.4624789 10.29185 135.0354 1044.744 4769.323 12887.06 20929.1 21891.15 18523.8 16874.47 14862.1 10558.61 6285.968 3276.501 1424.654 497.744 137.8196 29.40734 4.653405 0.5261139 0.04110156 0.002157147 
2.153241e-06 0.0002338166 0.01496914 0.5650114 12.57359 164.9737 1276.386 5827.021 15746.93 25578.65 26733 22456.49 20130.72 17530.34 12419.72 7323.928 3671.03 1482.884 470.5878 117.8579 22.90791 3.326547 0.3468501 0.02506559 0.001217937 
2.46233e-06 0.0002673801 0.0171179 0.646117 14.37851 188.6573 1459.685 6665.047 18025.82 29376.48 31072.37 26852.87 24669.29 21541.88 15197.17 8913.895 4428.31 1761.41 541.4349 127.6004 22.68746 2.968847 0.2785159 0.01820368 0.0008049413 
2.953888e-06 0.0003207575 0.02053517 0.7751023 17.24894 226.3203 1751.116 7996.09 21627.81 35245.88 37204.54 31791.86 28591.09 24587.98 17245.16 10050.19 4906.086 1897.999 563.8214 127.4953 21.48393 2.616915 0.2242738 0.01321486 0.0005240274 
3.205158e-06 0.0003480425 0.02228198 0.8410364 18.71628 245.5766 1900.226 8679.231 23501.23 38467.57 41235.08 36455.76 33629.23 28726.67 19614.78 11008.47 5168.034 1928.24 551.6884 119.4186 19.1193 2.195853 0.1758665 0.009582939 0.0003476239 
3.796833e-06 0.0004122914 0.02639525 0.996293 22.17136 290.9119 2251.046 10281.81 27839.62 45535.19 48563.36 42141.44 37877.76 32083.62 22179.98 12634.78 5897.166 2138.048 586.3492 120.8513 18.3541 1.991538 0.1499086 0.007632651 0.0002571834 
4.213185e-06 0.0004575023 0.0292897 1.105546 24.60276 322.8202 2498.131 11413.75 30940.49 50829.96 54990.25 49119.82 45052.82 38063.06 26035.8 14689.98 6830.171 2481.689 679.9194 137.8106 20.17671 2.07869 0.1472221 0.00701543 0.0002203939 
5.484178e-06 0.0005955173 0.03812554 1.439056 32.02467 420.2039 3251.656 14854.48 40237.02 65845.47 70023.93 59516.33 51120.48 41385.43 27507.86 15009.23 6679.024 2310.274 603.7081 117.4478 16.57229 1.640903 0.1107531 0.004979791 0.000146403 
6.804394e-06 0.0007388773 0.04730359 1.785486 39.73431 521.375 4034.875 18438.21 50003.02 82169.51 88504.39 77058.07 67079.32 53646.22 34699.59 18314 7898.407 2656.496 672.7807 125.7405 16.91426 1.591233 0.1019528 0.004345586 0.0001207197 
7.130313e-06 0.0007742684 0.04956939 1.871014 41.6381 546.3782 4229.065 19337.96 52572.63 87184.79 96688.26 89396.24 82109.96 67098.76 43808.33 23110.59 9780.144 3177.338 771.2537 137.7262 17.65515 1.576345 0.09539492 0.003825325 9.973188e-05 
9.178044e-06 0.000996628 0.06380507 2.408344 53.59591 703.2825 5443.233 24882.92 67554.52 111329.5 120493.5 104841 90068.47 71655.49 46954.05 24930.61 10453.02 3307.56 771.327 130.8513 15.81138 1.325237 0.07514006 0.00281932 6.867516e-05 
9.727402e-06 0.001056282 0.06762425 2.55251 56.8051 745.4368 5770.767 26401.97 71897.18 119762.7 133845.9 123615.4 110329.4 86028.54 53153.84 26386.57 10520.86 3226.197 732.7029 120.102 13.84678 1.094882 0.05809545 0.002029859 4.59225e-05 
1.138345e-05 0.001236109 0.079137 2.987069 66.47631 872.3598 6753.534 30899.56 84135.29 139947.4 155222.9 140410.9 122781.5 96102.42 60782.29 30556.94 11905.66 3460.804 737.0657 113.7167 12.42266 0.9324644 0.04679615 0.00153664 3.246463e-05 
1.307217e-05 0.001419486 0.09087703 3.430215 76.33933 1001.833 7756.977 35507.14 96822.85 161732.5 181111.6 165624.3 144403.8 111140.9 68935.27 34165.73 13235.21 3833.71 804.3434 119.6602 12.36029 0.8681908 0.04067126 0.001247654 2.463919e-05 
1.224739e-05 0.001329925 0.08514347 3.213824 71.52566 938.7581 7271.227 33325.44 91262.66 154547.4 179478.7 174071.1 157361.7 120111.7 71750.66 33658.45 12253.39 3340.268 663.6205 94.07675 9.273424 0.618486 0.02727224 0.0007809082 1.431402e-05 
1.459709e-05 0.001585076 0.1014785 3.830406 85.24776 1118.834 8665.063 39693.27 108457.5 182031.6 205405.1 188429.2 163425.5 126059.2 78782.03 38448.78 14109.76 3761.066 716.0638 96.16283 8.934863 0.5611023 0.0232945 0.0006272361 1.078053e-05 
1.489931e-05 0.001617894 0.10358 3.909771 87.0173 1142.199 8849.646 40593.16 111391.6 189353.4 220374.8 211159.9 185803.5 139059.2 82770.82 38936.46 14133.33 3786.385 721.7465 95.3004 8.52561 0.5072141 0.01975393 0.0004965611 7.952146e-06 
1.665219e-05 0.001808238 0.1157662 4.369774 97.25636 1276.632 9891.724 45374.87 124470 211030.5 242903 226735.4 193717.5 142303.1 83142.95 37689.28 12907.53 3239.64 583.2278 73.70848 6.363048 0.3650163 0.01360641 0.0003241735 4.876409e-06 
1.682891e-05 0.00182743 0.1169955 4.416248 98.29572 1290.481 10004.02 45960.43 126656.6 217507 257803.5 250988.5 220664 163611.7 95887.37 43506.97 14834.39 3666.929 640.0196 77.24377 6.313325 0.3423379 0.0120846 0.0002730829 3.894142e-06 
1.676327e-05 0.001820305 0.1165399 4.399105 97.9178 1285.657 9969.594 45838.67 126569.5 218255.6 260153.9 253443.6 220666.3 161019.5 92334.93 40616.57 13320.07 3155.362 526.9802 60.70299 4.712366 0.2412064 0.007993025 0.0001689599 2.250803e-06 
1.695919e-05 0.001841583 0.1179028 4.450619 99.06874 1300.927 10091.29 46437.14 128477.4 222423.3 266435.9 259536 224014.7 161533.3 91350.26 39387.82 12558.78 2869.475 458.7355 50.25251 3.692137 0.1782439 0.005554322 0.0001100749 1.370579e-06 
2.183158e-05 0.002370673 0.1517764 5.729272 127.529 1674.536 12985.59 59688.55 164459.4 280799.8 323751.8 293941.6 235852.3 161910.5 88481.26 36936.83 11373.28 2500.206 382.664 39.8981 2.774092 0.1261181 0.00368672 6.834256e-05 7.942658e-07 
2.281801e-05 0.0024778 0.1586372 5.98851 133.3158 1751.14 13593.4 62661.4 174008.6 303030.5 363594.5 346119.3 280795.2 184854.8 93928.27 36291.59 10443.23 2166.073 313.9974 30.99112 2.034644 0.08706658 0.002387879 4.140479e-05 4.489266e-07 
2.224445e-05 0.00241553 0.1546527 5.838317 129.9857 1707.876 13267.39 61276.01 170973.9 300972.7 368299.3 359005 296109.2 195968.4 98358.51 36456.92 9756.348 1845.519 242.8462 21.87315 1.321339 0.05236746 0.001334902 2.153987e-05 2.172998e-07 
2.37317e-05 0.002577041 0.1649949 6.228901 138.6899 1822.483 14161.65 65438.87 182696.5 321493 391929.5 379615.1 313775.6 211608.5 109238.5 41415.06 11150 2075.003 262.0115 22.1279 1.232887 0.04470289 0.001041002 1.537772e-05 1.424763e-07 
2.483228e-05 0.002696572 0.172651 6.518234 145.1488 1907.9 14835.5 68660.04 192323 340369.5 417234.6 402278.4 325211.4 212221 106078.8 39253.87 10404.76 1912.494 237.4105 19.4912 1.040287 0.0355918 0.0007718537 1.051297e-05 8.924013e-08 
2.432975e-05 0.002642031 0.1691637 6.387032 142.2527 1870.665 14561.75 67566.53 190355.6 340778.3 424985.9 415228.6 334297.4 213137.9 102561.7 36170.83 9103.349 1591.928 188.8758 14.87756 0.76253 0.02498956 0.0005163222 6.653158e-06 5.302404e-08 
