#Simulated generalized assessment 
# 
#start/end year 
72 100 
#number of ages 
15 
#ages 
1 2 3 4 5 6 7 8 9 10 11 12 13 14 15 
#Number of length bins 
25 
#CPUE years 
29 
#years for CPUE 
72 73 74 75 76 77 78 79 80 81 82 83 84 85 86 87 88 89 90 91 92 93 94 95 96 97 98 99 100 
#survey years 
29 
#years for survey 
72 73 74 75 76 77 78 79 80 81 82 83 84 85 86 87 88 89 90 91 92 93 94 95 96 97 98 99 100 
#length freq from catch years 
29 
#years for length freq catch 
72 73 74 75 76 77 78 79 80 81 82 83 84 85 86 87 88 89 90 91 92 93 94 95 96 97 98 99 100 
#catch length sample sizes 
200 200 200 200 200 200 200 200 200 200 200 200 200 200 200 200 200 200 200 200 200 200 200 200 200 200 200 200 200 
#length freq from survey years 
29 
#years for length freq survey 
72 73 74 75 76 77 78 79 80 81 82 83 84 85 86 87 88 89 90 91 92 93 94 95 96 97 98 99 100 
#survey sample sizes 
200 200 200 200 200 200 200 200 200 200 200 200 200 200 200 200 200 200 200 200 200 200 200 200 200 200 200 200 200 
#total survey biomass 
7888.542 7782.082 8224.662 9479.167 12054.24 20667.69 20282.47 39190.87 51883.68 64963.41 86553.84 103859.6 150640.3 133196.9 142090.1 127757.9 139374.1 211012.4 181000.9 220762.7 177851.8 144454.2 230385.1 202286.9 371210.9 215634 289624.4 270745.1 282338.3 
#survey CV 
0.2 0.2 0.2 0.2 0.2 0.2 0.2 0.2 0.2 0.2 0.2 0.2 0.2 0.2 0.2 0.2 0.2 0.2 0.2 0.2 0.2 0.2 0.2 0.2 0.2 0.2 0.2 0.2 0.2 
#total CPUE 
9320.214 8795.02 7237.126 6489.259 14602.23 21474.24 23153.18 44038.14 43629.63 99819.96 98338.37 123999.3 147078.1 182179.8 160257 145160.9 128490.8 134538.9 186778.1 280714.9 224764.4 247729.8 278670.4 223996 202154.3 229456.3 194459.7 380524.9 241284.5 
#CPUE CV 
0.2 0.2 0.2 0.2 0.2 0.2 0.2 0.2 0.2 0.2 0.2 0.2 0.2 0.2 0.2 0.2 0.2 0.2 0.2 0.2 0.2 0.2 0.2 0.2 0.2 0.2 0.2 0.2 0.2 
#total catch biomass 
3656.471 4384.738 3804.804 3328.55 4492.804 7920.416 11198.37 18312.27 32294.05 39613.27 58132.55 69063.41 97566.21 96344.14 119315.8 101168.6 107274.8 110014 143865.9 128138.6 152715.4 148914.9 185901.9 174028.8 190772.2 198141.5 183248.5 207319.9 235968.5 
#catch CV 
0.1 0.1 0.1 0.1 0.1 0.1 0.1 0.1 0.1 0.1 0.1 0.1 0.1 0.1 0.1 0.1 0.1 0.1 0.1 0.1 0.1 0.1 0.1 0.1 0.1 0.1 0.1 0.1 0.1 
#Length Bins 
0.7268801 2.18064 3.634401 5.088161 6.541921 7.995682 9.449442 10.9032 12.35696 13.81072 15.26448 16.71824 18.172 19.62576 21.07952 22.53328 23.98704 25.44081 26.89457 28.34833 29.80209 31.25585 32.70961 34.16337 35.61713 
#catch length counts 
9.75461e-08 1.059236e-05 0.0006781318 0.02559616 0.5696107 7.473804 57.83023 264.1647 716.1847 1183.367 1337.949 1411.62 1690.611 1895.893 1875.793 1737.815 1465.658 1085.161 703.6475 393.4372 179.5618 61.74949 14.87764 2.384446 0.2456315 
1.062364e-07 1.153602e-05 0.000738546 0.02787652 0.6203592 8.139794 62.98802 287.8229 781.5566 1300.451 1508.543 1675.047 2080.575 2368.794 2345.827 2105.049 1677.587 1185.046 744.562 397.8437 169.1309 53.539 11.86996 1.753334 0.1664789 
7.286878e-09 7.912708e-07 5.065835e-05 0.001912202 0.04256441 0.5591809 4.35353 20.491 63.60203 168.0122 472.4707 1155.201 1980.694 2400.446 2338.066 1994.927 1468.992 938.5165 535.7856 265.1575 105.0083 30.73228 6.250738 0.8447358 0.07342329 
1.000901e-07 1.08686e-05 0.0006958168 0.02626363 0.5844586 7.668224 59.31873 270.5911 728.455 1162.083 1124.313 761.9685 667.4605 1093.523 1704.132 1877.538 1470.602 896.1576 462.0502 203.786 72.65937 19.36053 3.599362 0.4444098 0.03525466 
3.035628e-07 3.296335e-05 0.002110342 0.07965518 1.772636 23.25904 179.9856 822.377 2231.197 3689.367 4132.551 4092.441 4187.016 3527.296 2128.59 1150.848 802.1551 587.7246 338.7747 145.8768 47.18134 11.21567 1.870481 0.2087586 0.01503918 
5.420724e-07 5.886269e-05 0.00376844 0.1422404 3.1654 41.53374 321.3997 1468.445 3982.556 6570.383 7286.983 7091.906 7458.983 7262.279 5792.867 3735.64 1864.545 735.2303 271.5737 100.1463 30.81245 6.831971 1.032132 0.1032799 0.00668041 
1.086681e-06 0.0001180007 0.007554507 0.2851457 6.345557 83.25856 644.182 2941.079 7948.776 12902.79 13389.7 10943.41 9670.756 9262.073 8096.987 5869.685 3230.853 1294.695 389.7308 95.94056 20.74456 3.770068 0.5086331 0.0463088 0.002714154 
1.552944e-06 0.0001686315 0.01079593 0.4074942 9.068325 118.9866 920.7234 4205.831 11392.4 18666.29 20050.94 17779.7 16610.37 14929.71 11377.08 7352.594 3906.023 1615.503 507.0195 119.2702 20.96083 2.786418 0.2810568 0.02072978 0.001050012 
2.256171e-06 0.0002449936 0.01568471 0.5920221 13.17481 172.8696 1337.707 6111.109 16557.09 27139.97 29144.24 25754.33 24125.22 22302.66 17674.95 11389.76 5608.854 2044.862 566.7485 122.5884 20.19764 2.412886 0.2019195 0.01166088 0.0004602479 
3.413809e-06 0.0003706995 0.02373251 0.8957888 19.93487 261.5728 2024.2 9248.633 25070.22 41154.36 44326.76 39213.04 36442.62 33305.97 26124.76 16652.08 8094.077 2880.896 755.8236 148.7366 21.86701 2.341177 0.1762673 0.00901843 0.0003052799 
4.942199e-06 0.0005366648 0.03435777 1.296843 28.86003 378.6884 2930.659 13392.71 36325.62 59739.47 64611.76 57376.28 53084.66 47986.18 36933.53 22708.77 10445.81 3465.076 839.3864 151.8377 20.38437 1.970367 0.1326452 0.006047663 0.0001823888 
5.774817e-06 0.0006270774 0.04014609 1.515328 33.72255 442.5093 3425.085 15661.39 42575.02 70601.59 78411.91 73508.04 71166.66 64915.48 49234.4 29247.53 12740.55 3916.999 859.9633 138.8983 16.61952 1.439025 0.08708177 0.003567086 9.639514e-05 
8.601084e-06 0.0009339769 0.05979409 2.256948 50.22671 659.0721 5101.059 23318.83 63310.68 104373.3 113321.4 100591.6 92565.87 84064.2 64843.7 38691.01 16580.71 4930.922 1028.425 154.132 16.71115 1.290572 0.06926614 0.002519917 6.07191e-05 
9.050911e-06 0.0009828233 0.06292137 2.375002 52.8551 693.6218 5370.256 24580.82 67060.46 112508.5 128932.1 126862.5 125353.6 112082.7 81385.17 45505.5 18454.68 5231.31 1040.005 147.5735 14.97266 1.066615 0.05204614 0.001701249 3.656365e-05 
9.064765e-06 0.0009843279 0.06301776 2.378649 52.93695 694.7276 5379.666 24637.07 67332.83 113594.2 132186.1 134234.2 139068.6 132130.6 101176.3 57361.83 22509.79 5947.498 1074.028 136.9657 12.54964 0.8159598 0.03656228 0.001096666 2.151833e-05 
8.289903e-06 0.0009001873 0.05763109 2.175339 48.41335 635.4112 4921.7 22561.22 61858.68 105434.6 126015.8 133391.6 142043.7 135881.4 103644.8 58243.13 22688.1 5977.549 1073.693 133.6567 11.58304 0.6920379 0.02805832 0.0007593338 1.348866e-05 
1.157017e-05 0.001256386 0.08043528 3.036091 67.56854 886.7463 6866.193 31432.46 85719.19 143162.1 160507.9 150176.8 144353.4 133514.3 100738.9 55552.31 21030.71 5367.198 935.4318 113.3246 9.55184 0.5507248 0.02123385 0.0005368794 8.770038e-06 
1.166962e-05 0.001267186 0.08112699 3.062235 68.15315 894.5446 6929.957 31777.6 87151.29 148175.2 173902 173355.4 166900.1 141887.7 95593.39 47761.87 16756.58 4016.474 660.42 75.57117 6.028814 0.3300419 0.01210885 0.000291158 4.505292e-06 
1.142843e-05 0.001240997 0.07945057 2.998989 66.74795 876.2037 6790.465 31176.2 85833.35 147635.6 178490.7 187501.3 191283.4 171062.2 119032.4 59566.8 20321.26 4634.817 714.1058 75.82817 5.594073 0.2835898 0.009668186 0.0002167894 3.137358e-06 
1.193357e-05 0.001295851 0.08296249 3.131563 69.69921 914.9599 7090.9 32551.7 89537.89 153316.8 182550.4 186418.4 186324.1 165864.2 114887.7 56724.11 18968.19 4226.055 632.6556 64.53873 4.502432 0.2127001 0.006693351 0.0001379727 1.835085e-06 
1.585034e-05 0.001721168 0.1101922 4.159412 92.57698 1215.308 9418.799 43234.6 118823.2 202546.3 236938.3 231598.8 218157.6 184190.6 122611 59172.44 19716.24 4451.162 680.4613 70.45164 4.900287 0.2257786 0.006791314 0.0001316965 1.628812e-06 
1.714205e-05 0.001861437 0.1191731 4.498486 100.1287 1314.638 10193.1 46848.78 129220.7 222316.1 264860.3 263147.2 244281.4 195895.7 120823.7 53099.87 15869.64 3175.555 430.1726 40.17802 2.596387 0.1140503 0.003312786 6.205861e-05 7.362906e-07 
1.683987e-05 0.001828628 0.1170736 4.419358 98.37555 1291.937 10024.42 46172.86 128147.8 224177.8 277152.2 290272.1 280065.5 227731.6 140098.1 60766.57 17794.1 3459.364 448.2527 39.12256 2.30993 0.09170295 0.002415197 4.15174e-05 4.581835e-07 
2.260312e-05 0.002454454 0.1571406 5.931795 132.0395 1733.864 13448.24 61854.34 170802.9 293974.5 348626.6 342291.6 315766 254029.3 156066.9 67272.6 19501.26 3752.524 480.8408 41.22024 2.356555 0.08887699 0.002181678 3.442786e-05 3.4564e-07 
2.193278e-05 0.002381677 0.1524839 5.756317 128.1531 1683.581 13075.08 60360.15 168390.4 297460 371459.4 385281.9 355469.4 269980.6 153785.9 61851.85 16929.8 3106.356 382.1412 31.58597 1.743987 0.0634271 0.001494056 2.24493e-05 2.125626e-07 
2.722814e-05 0.002956705 0.1892999 7.146169 159.0961 2090.05 16229.39 74868.71 208296.8 364788.8 446721.3 453345.5 418176.5 323126.7 185714.3 73732.85 19513.67 3411.327 396.2491 30.80193 1.599629 0.05485244 0.001221549 1.738237e-05 1.558997e-07 
2.909381e-05 0.00315932 0.2022761 7.636433 170.0352 2234.603 17369.2 80333.37 224923.6 399429.7 500085.5 513878.8 463290.9 339938 184068.2 69057.86 17346.67 2881.604 317.0658 23.20405 1.127218 0.03599422 0.0007450451 9.856053e-06 8.229079e-08 
2.928943e-05 0.003180595 0.2036437 7.6886 171.2281 2251.352 17520.79 81286.21 229337.6 414430.5 535961.5 572830 529217.2 388588.9 206165.9 74476.29 17766.1 2772.976 284.4243 19.30974 0.8684578 0.02566462 0.0004915464 6.013247e-06 4.639064e-08 
3.476954e-05 0.003775696 0.2417467 9.127177 203.2613 2672.224 20786.53 96277.88 270178.2 480804.9 601012 612251.3 543730.2 388266.5 199811.2 69262.38 15662.79 2290.134 217.5657 13.55185 0.5559936 0.01496448 0.0002613682 2.922806e-06 2.066025e-08 
#survey length counts 
3.370637e-07 3.660115e-05 0.002343236 0.08844564 1.96824 25.82456 199.8026 912.2039 2466.487 4022.099 4300.955 3948.804 4183.722 4538.517 4468.184 4033.85 3244.582 2316.791 1480.484 812.5766 358.9116 119.4229 28.10717 4.439576 0.4530142 
3.032033e-08 3.292434e-06 0.0002107852 0.007956258 0.1770734 2.324466 18.02904 83.34109 239.271 501.0638 1048.268 2244.244 3748.378 4540.01 4440.9 3824.59 2849.962 1842.826 1069.81 544.2151 224.3458 69.12766 14.93917 2.159945 0.2018423 
6.249805e-07 6.786553e-05 0.004344806 0.1639948 3.649458 47.88132 370.3793 1689.229 4543.417 7214.566 6807.099 3990.681 2005.293 2035.67 2988.651 3342.943 2666.202 1651.588 868.0878 393.7743 146.1726 41.03181 8.111242 1.072009 0.09145812 
9.252149e-07 0.0001004674 0.00643201 0.2427767 5.402675 70.88644 548.435 2503.591 6763.685 10970.74 11389.54 9340.328 7937.002 6262.164 3735.095 1997.318 1391.431 1043.596 620.5751 276.7641 93.39368 23.39174 4.147989 0.4956235 0.03840757 
9.725016e-07 0.0001056022 0.006760745 0.2551852 5.678837 74.51167 576.5479 2633.31 7131.48 11695.55 12701.19 11824.55 12032.46 11666.7 9386.196 6156.542 3137.246 1255.945 469.5989 178.2159 57.41183 13.45335 2.162743 0.231666 0.01611687 
1.753664e-06 0.0001904272 0.01219131 0.4601622 10.24031 134.3595 1039.517 4745.286 12816.83 20752.78 21344.91 17062.81 14740.61 14059.44 12398.6 9157.141 5167.338 2127.17 657.8283 166.5225 37.33124 7.138559 1.025073 0.09997815 0.006302836 
2.399703e-06 0.0002605795 0.01668252 0.629684 14.01286 183.8618 1422.646 6497.015 17581.38 28698.85 30444.16 26291.84 24076.88 21636.86 16627.89 10912.16 5928.991 2520.781 817.3348 199.6592 36.60848 5.108201 0.5456877 0.04301918 0.002343834 
3.326065e-06 0.0003611715 0.02312251 0.8727627 19.42233 254.8412 1971.919 9006.557 24382.87 39856.87 42440.73 36923.53 34297.23 31859.79 25556.2 16801.87 8490.787 3183.568 910.1747 204.4566 35.2664 4.439923 0.3937454 0.02423646 0.001025825 
4.557837e-06 0.0004949275 0.03168569 1.195982 26.61528 349.2244 2702.365 12344.97 33442.33 54786.48 58703.45 51583.44 48017.59 44296.99 35222.13 22927.29 11452.38 4202.714 1140.787 233.5291 35.954 4.058654 0.3241767 0.0176851 0.0006410124 
6.200902e-06 0.0006733452 0.04310816 1.627127 36.21006 475.1258 3676.806 16799.65 45541.16 74775.87 80611.14 71481.41 66639.78 60998.04 47690.63 30001.91 14204.41 4863.925 1220.266 229.9108 32.3693 3.302087 0.2359067 0.0114694 0.0003703633 
7.240865e-06 0.000786273 0.05033793 1.90002 42.28338 554.8351 4294.232 19631.44 53332.13 88282.49 97742.77 91657.32 89616.39 82884.26 63953.03 38939.19 17489.72 5560.074 1265.847 213.1055 26.75508 2.446486 0.1572097 0.006869583 0.0001987786 
1.034126e-05 0.00112294 0.07189163 2.71357 60.38822 792.3981 6132.634 28029.61 76060.82 125232.3 135723.5 120747.9 112388.8 103627.2 81483.34 49938.96 22102.94 6807.844 1475.102 230.8151 26.28612 2.144798 0.1222587 0.004745506 0.0001224642 
1.062404e-05 0.001153647 0.07385764 2.787792 62.04117 814.1506 6302.906 28842.33 78630.28 131714.6 150756.2 149170.6 149629.1 136059.6 100755.3 57869.37 24250.81 7126.725 1473.829 218.6594 23.33443 1.758048 0.09115629 0.003179271 7.316756e-05 
1.058835e-05 0.001149771 0.07360957 2.778437 61.83368 811.4607 6282.988 28765.64 78555.06 132313.4 153798.5 157077.7 165099.6 159605.9 125015.6 73056.45 29692.77 8144.453 1530.852 204.1599 19.68517 1.35488 0.06457492 0.002068037 4.346221e-05 
9.556892e-06 0.001037767 0.06643906 2.507795 55.81167 732.4836 5672.913 25995.79 71212.37 121172.4 144733.6 154291.2 166837.6 162512.7 126925.3 73578.83 29709.75 8136.907 1524.464 198.8864 18.16103 1.14901 0.0495543 0.001432258 2.726472e-05 
1.301654e-05 0.001413444 0.09049025 3.415613 76.01413 997.5541 7723.514 35348.46 96340.2 160724.9 180168.5 169676.1 165702.6 156371.3 121075.1 68983.36 27096.03 7194.016 1309.019 166.4207 14.80371 0.9051963 0.03716004 0.001003707 1.756628e-05 
1.371647e-05 0.00148945 0.09535651 3.599328 80.10549 1051.377 8143.823 37330.05 102288.5 173647.1 203789.5 204851.8 200764.8 174229.1 120336.8 62066.94 22595.87 5638.708 968.839 116.4475 9.813922 0.5704421 0.02231141 0.0005737595 9.519896e-06 
1.315004e-05 0.001427944 0.09141901 3.450735 76.80087 1008.11 7811.431 35847.95 98596.38 169317.3 204765.1 217036.8 225394.5 205976.8 147314.2 76283.89 27046.55 6428.821 1035.844 115.6078 9.016137 0.4857011 0.01766864 0.0004241277 6.588141e-06 
1.438028e-05 0.001561534 0.09997175 3.773581 83.98681 1102.449 8542.465 39197.76 107708 184110.2 219124.8 225414.4 229151.4 208618.8 148734.9 76077.24 26463.85 6151.651 964.4264 103.5454 7.643468 0.3838951 0.01289476 0.0002846637 4.065978e-06 
1.763987e-05 0.001915488 0.1226326 4.628966 103.0257 1352.392 10479.52 48084.39 132041.2 224825 263287.6 259895.5 249645.2 215872.4 147953.6 73976.11 25655.87 6051.946 970.9974 106.0435 7.817395 0.3832938 0.01231145 0.0002557067 3.396121e-06 
2.019611e-05 0.00219307 0.1404045 5.299864 117.9627 1548.666 12005.16 55149.58 151957 261053.2 311265.9 312305.3 295756.3 243159.7 154589.5 70451.69 21924.98 4582.418 650.9749 64.1262 4.397478 0.2059916 0.006402094 0.0001286273 1.639855e-06 
2.017645e-05 0.002190941 0.1402692 5.29488 117.8601 1547.658 12005.35 55261.63 153173.1 267491.4 331004.1 350257.2 344789.2 287585.7 182554.2 82197.66 25092.83 5102.654 694.3368 63.9577 4.006779 0.1695935 0.004781382 8.826559e-05 1.048572e-06 
2.627412e-05 0.002853081 0.1826608 6.895048 153.4756 2015.162 15626.44 71834.85 198156.7 340597.2 404289.4 400791.3 377418.2 312023.6 198161.4 88778.72 26855.03 5411.707 729.3614 66.09444 4.01376 0.1614588 0.004241579 7.183983e-05 7.760498e-07 
2.64105e-05 0.002867904 0.1836125 6.931282 154.3026 2026.825 15735.38 72585.89 202209.4 356627.8 446134 468198.8 441433.6 344468.2 202713.1 84720.36 24206.17 4654.724 602.8998 52.74468 3.097757 0.1203199 0.003036092 4.898717e-05 4.990733e-07 
3.143431e-05 0.003413441 0.2185401 8.249821 183.6566 2412.371 18726.24 86327.73 239878.8 419526.1 514624.3 528223.8 498334.6 396569.9 236080.2 97566.83 26979.9 4946.027 605.2148 49.8267 2.754887 0.1009979 0.002412284 3.69025e-05 3.564679e-07 
3.376088e-05 0.003666104 0.2347203 8.861017 197.2875 2592.296 20141.43 93078.07 260238.5 461535.9 579307.3 602987 556539.2 420696.4 235976.7 92189.01 24212.7 4221.716 489.7827 37.99032 1.965857 0.06714648 0.001491502 2.122663e-05 1.910367e-07 
3.289365e-05 0.003571961 0.2286979 8.634181 192.2681 2527.43 19659.76 91121.5 256683.2 463271.3 601106.8 651619 617084.3 467489 257308.6 96891.28 24182.45 3963.327 428.7695 30.86527 1.479561 0.04680186 0.0009625425 1.267429e-05 1.054416e-07 
3.958133e-05 0.004298189 0.2751958 10.38964 231.3545 3040.918 23643.82 109415.4 306604 544940.8 682964.2 705021.4 642219.8 474009.6 253477.6 91685.74 21706.26 3333.678 334.0637 22.06245 0.9648066 0.0278042 0.0005217467 6.284098e-06 4.79316e-08 
3.547385e-05 0.003852235 0.2466569 9.313566 207.4735 2729.817 21281.65 99161.88 282621 521515 695925.1 759984.7 694550.9 491517.6 248844.2 85654.82 19464.09 2884.147 278.486 17.57426 0.7247378 0.01942335 0.000335205 3.687116e-06 2.559934e-08 
