# Number of parameters = 77 Objective function value = 22981.3934724033  Maximum gradient component = 95.5423562729588
# srv_sel50:
0.999811852971
# srv_sel95:
1.00096854385
# stNatLen:
 10.0837215361 8.82491767596 7.47174954219 6.43956253196 5.69346550083 5.14019297744 4.71587035951 4.38256113401 4.11765039918 3.90699420019 3.74128768723 3.61443311183 3.52221016400 3.46199624555 3.43219030570
# log_avg_fmort_dir:
0.454397640758
# fmort_dir_dev:
 -0.809393158086 -0.343891227271 -0.427048132125 -0.412903916573 -0.381541896220 -0.256468191016 -0.230620479355 -0.163278737832 -0.341949404805 -0.0853946325359 0.0165942393777 -0.104095294204 -0.0424942217068 0.0461362561777 0.102687632832 0.0587930497898 0.390019595760 0.213160139804 0.239248575852 0.429490902298 0.266201229642 0.397250477266 0.155300153569 0.292757181484 0.423518169834 0.455178121631 0.223099906983 -0.110356340573
# mean_log_rec:
13.5878951842
# rec_dev:
 -2.91207824812 -2.31586773696 -1.76106171210 -1.15300413600 -1.25528243088 -1.34610629427 -0.749568352793 -0.365099424674 -0.0983537620536 0.0439584661524 0.268224233071 0.575896997806 0.665870081672 0.566402092290 0.519733613032 0.548157841140 0.419084363999 0.490569068536 0.511431746582 0.473145302470 0.580447888996 0.634640035340 0.869996947876 0.975413894108 0.952878907028 0.868807010487 0.995846260762 0.995917346514
# log_avg_NatM:
-1.07516900000
# m_dev:
 0.00000000000 0.00000000000 0.00000000000 0.00000000000 0.00000000000 0.00000000000 0.00000000000 0.00000000000 0.00000000000 0.00000000000 0.00000000000 0.00000000000 0.00000000000 0.00000000000 0.00000000000 0.00000000000 0.00000000000 0.00000000000 0.00000000000 0.00000000000 0.00000000000 0.00000000000 0.00000000000 0.00000000000 0.00000000000 0.00000000000 0.00000000000 0.00000000000
# log_avg_GrowthK:
-1.20372700000
# log_avg_Linf:
3.45755400000
# GrowthK_dev:
 0.00000000000 0.00000000000 0.00000000000 0.00000000000 0.00000000000 0.00000000000 0.00000000000 0.00000000000 0.00000000000 0.00000000000 0.00000000000 0.00000000000 0.00000000000 0.00000000000 0.00000000000 0.00000000000 0.00000000000 0.00000000000 0.00000000000 0.00000000000 0.00000000000 0.00000000000 0.00000000000 0.00000000000 0.00000000000 0.00000000000 0.00000000000 0.00000000000
# Linf_dev:
 0.00000000000 0.00000000000 0.00000000000 0.00000000000 0.00000000000 0.00000000000 0.00000000000 0.00000000000 0.00000000000 0.00000000000 0.00000000000 0.00000000000 0.00000000000 0.00000000000 0.00000000000 0.00000000000 0.00000000000 0.00000000000 0.00000000000 0.00000000000 0.00000000000 0.00000000000 0.00000000000 0.00000000000 0.00000000000 0.00000000000 0.00000000000 0.00000000000
# SelPars50:
1.03853274195
# SelPars95:
1.25453231820
# SelPars_dev50:
 0.00000000000 0.00000000000 0.00000000000 0.00000000000 0.00000000000 0.00000000000 0.00000000000 0.00000000000 0.00000000000 0.00000000000 0.00000000000 0.00000000000 0.00000000000 0.00000000000 0.00000000000 0.00000000000 0.00000000000 0.00000000000 0.00000000000 0.00000000000 0.00000000000 0.00000000000 0.00000000000 0.00000000000 0.00000000000 0.00000000000 0.00000000000 0.00000000000
# SelPars_dev95:
 0.00000000000 0.00000000000 0.00000000000 0.00000000000 0.00000000000 0.00000000000 0.00000000000 0.00000000000 0.00000000000 0.00000000000 0.00000000000 0.00000000000 0.00000000000 0.00000000000 0.00000000000 0.00000000000 0.00000000000 0.00000000000 0.00000000000 0.00000000000 0.00000000000 0.00000000000 0.00000000000 0.00000000000 0.00000000000 0.00000000000 0.00000000000 0.00000000000
