# Number of parameters = 77 Objective function value = 22944.1881872376  Maximum gradient component = 193972.943556352
# srv_sel50:
0.999999004479
# srv_sel95:
1.00000537400
# stNatLen:
 9.59751688511 8.22240650737 6.92392816350 5.95466667494 5.25367449614 4.73011169817 4.32736758640 4.00966072173 3.75550924142 3.55284130741 3.39285977762 3.27000278999 3.18084195922 3.12226152608 3.09286351647
# log_avg_fmort_dir:
0.402308679493
# fmort_dir_dev:
 -0.649869656323 -0.510429000233 -0.243933431307 -0.416460049599 -0.325261196332 -0.349547550364 -0.171635691452 -0.148386634956 -0.120132034126 0.00912207195388 -0.125524176754 0.0873013108767 0.0231525937478 0.119316246389 0.150418307733 0.156775781151 0.309662605920 0.131193520417 0.219397294264 0.157301810193 0.289268254151 0.358168700839 0.349267120286 0.295667434576 0.352825414461 0.322607609682 0.152919495863 -0.423186151057
# mean_log_rec:
13.6141329281
# rec_dev:
 -3.20419390366 -2.67828209897 -2.27332247641 -1.87462375995 -1.33687112545 -0.792755010333 -0.361554501288 -0.0158069351716 0.298983176234 0.450785626237 0.620868037722 0.670351841059 0.615432125265 0.550535140873 0.518954221767 0.419449545358 0.272368653362 0.357601526402 0.580441527035 0.672544156742 0.532541782362 0.583880191131 0.703679633668 0.762774055076 0.835906579798 0.910346552028 1.08990084368 1.09006459543
# log_avg_NatM:
-1.06837800000
# m_dev:
 0.00000000000 0.00000000000 0.00000000000 0.00000000000 0.00000000000 0.00000000000 0.00000000000 0.00000000000 0.00000000000 0.00000000000 0.00000000000 0.00000000000 0.00000000000 0.00000000000 0.00000000000 0.00000000000 0.00000000000 0.00000000000 0.00000000000 0.00000000000 0.00000000000 0.00000000000 0.00000000000 0.00000000000 0.00000000000 0.00000000000 0.00000000000 0.00000000000
# log_avg_GrowthK:
-1.19807800000
# log_avg_Linf:
3.45748100000
# GrowthK_dev:
 0.00000000000 0.00000000000 0.00000000000 0.00000000000 0.00000000000 0.00000000000 0.00000000000 0.00000000000 0.00000000000 0.00000000000 0.00000000000 0.00000000000 0.00000000000 0.00000000000 0.00000000000 0.00000000000 0.00000000000 0.00000000000 0.00000000000 0.00000000000 0.00000000000 0.00000000000 0.00000000000 0.00000000000 0.00000000000 0.00000000000 0.00000000000 0.00000000000
# Linf_dev:
 0.00000000000 0.00000000000 0.00000000000 0.00000000000 0.00000000000 0.00000000000 0.00000000000 0.00000000000 0.00000000000 0.00000000000 0.00000000000 0.00000000000 0.00000000000 0.00000000000 0.00000000000 0.00000000000 0.00000000000 0.00000000000 0.00000000000 0.00000000000 0.00000000000 0.00000000000 0.00000000000 0.00000000000 0.00000000000 0.00000000000 0.00000000000 0.00000000000
# SelPars50:
1.04418000733
# SelPars95:
1.36055194053
# SelPars_dev50:
 0.00000000000 0.00000000000 0.00000000000 0.00000000000 0.00000000000 0.00000000000 0.00000000000 0.00000000000 0.00000000000 0.00000000000 0.00000000000 0.00000000000 0.00000000000 0.00000000000 0.00000000000 0.00000000000 0.00000000000 0.00000000000 0.00000000000 0.00000000000 0.00000000000 0.00000000000 0.00000000000 0.00000000000 0.00000000000 0.00000000000 0.00000000000 0.00000000000
# SelPars_dev95:
 0.00000000000 0.00000000000 0.00000000000 0.00000000000 0.00000000000 0.00000000000 0.00000000000 0.00000000000 0.00000000000 0.00000000000 0.00000000000 0.00000000000 0.00000000000 0.00000000000 0.00000000000 0.00000000000 0.00000000000 0.00000000000 0.00000000000 0.00000000000 0.00000000000 0.00000000000 0.00000000000 0.00000000000 0.00000000000 0.00000000000 0.00000000000 0.00000000000
