#Simulated generalized assessment 
# 
#start/end year 
69 97 
#number of ages 
15 
#ages 
1 2 3 4 5 6 7 8 9 10 11 12 13 14 15 
#Number of length bins 
25 
#CPUE years 
29 
#years for CPUE 
69 70 71 72 73 74 75 76 77 78 79 80 81 82 83 84 85 86 87 88 89 90 91 92 93 94 95 96 97 
#survey years 
29 
#years for survey 
69 70 71 72 73 74 75 76 77 78 79 80 81 82 83 84 85 86 87 88 89 90 91 92 93 94 95 96 97 
#length freq from catch years 
29 
#years for length freq catch 
69 70 71 72 73 74 75 76 77 78 79 80 81 82 83 84 85 86 87 88 89 90 91 92 93 94 95 96 97 
#catch length sample sizes 
200 200 200 200 200 200 200 200 200 200 200 200 200 200 200 200 200 200 200 200 200 200 200 200 200 200 200 200 200 
#length freq from survey years 
29 
#years for length freq survey 
69 70 71 72 73 74 75 76 77 78 79 80 81 82 83 84 85 86 87 88 89 90 91 92 93 94 95 96 97 
#survey sample sizes 
200 200 200 200 200 200 200 200 200 200 200 200 200 200 200 200 200 200 200 200 200 200 200 200 200 200 200 200 200 
#total survey biomass 
11619.08 8163.159 12276.5 18334.49 20402.26 32046.07 30378.29 21508.62 48325.36 60816.2 47808.65 74806.21 99640.03 125248.3 87209.81 87886.66 72709.8 98184.22 76760.58 80366.66 118728.9 95445.59 63407.46 99668.84 95791.61 93899.64 116746.5 119333.5 70099.64 
#survey CV 
0.2 0.2 0.2 0.2 0.2 0.2 0.2 0.2 0.2 0.2 0.2 0.2 0.2 0.2 0.2 0.2 0.2 0.2 0.2 0.2 0.2 0.2 0.2 0.2 0.2 0.2 0.2 0.2 0.2 
#total CPUE 
5857.489 5068.842 10063.41 16836.83 15893.46 28134.55 34729.5 49923.72 38358.24 76662.45 46124.52 61517.44 106548.2 165105.2 96686.89 103607.6 100444.5 99220.22 76592.01 92913.16 135913.5 97914.65 73754.49 208723.2 145454.3 152223.9 97283.96 102751.7 84669.74 
#CPUE CV 
0.2 0.2 0.2 0.2 0.2 0.2 0.2 0.2 0.2 0.2 0.2 0.2 0.2 0.2 0.2 0.2 0.2 0.2 0.2 0.2 0.2 0.2 0.2 0.2 0.2 0.2 0.2 0.2 0.2 
#total catch biomass 
5831.847 6339.766 6416.901 9448.846 14593.44 16672.02 21977.32 23607.19 29831.66 35426.85 56225.83 58792.63 75847.95 99106.23 103674.4 88750.03 78139.67 81523.1 85309.67 87344.85 79671.88 90627.64 94011.32 92604.41 115789.9 112856.8 108146.5 93440.96 5929.066 
#catch CV 
0.05 0.05 0.05 0.05 0.05 0.05 0.05 0.05 0.05 0.05 0.05 0.05 0.05 0.05 0.05 0.05 0.05 0.05 0.05 0.05 0.05 0.05 0.05 0.05 0.05 0.05 0.05 0.05 0.05 
#Length Bins 
0.7268035 2.18041 3.634017 5.087624 6.541231 7.994838 9.448445 10.90205 12.35566 13.80927 15.26287 16.71648 18.17009 19.62369 21.0773 22.53091 23.98451 25.43812 26.89173 28.34534 29.79894 31.25255 32.70616 34.15976 35.61337 
#catch length counts 
1.330895e-37 1.847194e-29 3.099051e-22 6.284813e-16 1.540648e-10 4.565221e-06 0.01635188 7.0798 370.5285 2344.103 1809.137 1057.479 5794.479 4945.854 3810.104 3806.232 1725.881 701.4125 164.9505 21.38314 1.137312 0.01797764 6.327968e-05 4.032592e-08 4.07189e-12 
1.596364e-37 2.215648e-29 3.717209e-22 7.538426e-16 1.847956e-10 5.475833e-06 0.01961354 8.491986 444.4368 2811.678 2170.28 1217.974 6224.796 5063.943 3986.698 3650.053 1576.239 583.3456 124.4401 14.04458 0.6113893 0.007448809 1.938722e-05 8.918676e-09 6.418902e-13 
4.033333e-37 5.598e-29 9.391807e-22 1.90464e-15 4.669e-10 1.38351e-05 0.04955508 21.45564 1122.903 7103.855 5457.243 1679.527 6740.46 5226.811 4229.885 3553.653 1476.981 492.3489 92.61237 8.903122 0.3150463 0.002958824 5.70269e-06 1.895981e-09 9.729699e-14 
6.929037e-37 9.617046e-29 1.613459e-21 3.272062e-15 8.021076e-10 2.376791e-05 0.0851328 36.85956 1929.083 12204.08 9395.223 3633.16 14798.18 10216.25 4764.267 3364.292 1324.966 395.4265 64.68411 5.144576 0.1448639 0.001042586 1.490436e-06 3.592393e-10 1.317915e-14 
6.544797e-37 9.083746e-29 1.523987e-21 3.090615e-15 7.576278e-10 2.24499e-05 0.08041188 34.81557 1822.108 11527.48 8925.948 5375.581 22692.03 15298.63 9672.865 5918.495 1392.382 317.6025 44.4471 2.879653 0.06299911 0.0003416616 3.603941e-07 6.305856e-11 1.659336e-15 
1.375982e-36 1.909772e-28 3.204038e-21 6.497726e-15 1.592841e-09 4.719879e-05 0.1690584 73.19645 3830.811 24235.1 18639.59 5796.114 18916.17 13385.03 13648.12 8223.278 2173.22 365.4518 31.13125 1.517777 0.02534439 0.0001017624 7.81495e-08 9.865129e-12 1.860542e-16 
1.438863e-36 1.997047e-28 3.350461e-21 6.794667e-15 1.665633e-09 4.935574e-05 0.1767842 76.54148 4005.876 25343.09 19617.96 10212.51 36041.38 21275.2 11935.37 7045.276 2570.557 448.0603 31.29985 0.9215384 0.0102421 2.958901e-05 1.632607e-08 1.470674e-12 1.973129e-17 
2.248024e-36 3.120109e-28 5.23463e-21 1.061572e-14 2.60232e-09 7.711149e-05 0.2762008 119.5854 6258.625 39594.76 30540.72 11376.14 34042.26 21912.59 20573.83 9618.071 2095.116 371.7444 28.80865 0.6909255 0.004776401 8.599352e-06 3.223948e-09 2.036846e-13 1.925508e-18 
2.384248e-36 3.309179e-28 5.551834e-21 1.125901e-14 2.760013e-09 8.178423e-05 0.2929378 126.832 6637.881 41994.88 32565.28 16572.76 49686.35 27939.39 19803.17 9694.047 2748.348 344.7289 20.28805 0.4733519 0.002690192 3.182011e-06 7.332619e-10 2.981007e-14 1.90574e-19 
4.309779e-36 5.981688e-28 1.003552e-20 2.035184e-14 4.989014e-09 0.0001478336 0.5295159 229.2621 11998.67 75909.15 58568.3 19773.64 48623.9 29460.25 26633.28 10633.92 2315.746 301.3895 15.30217 0.2555084 0.001204281 1.158568e-06 1.89572e-10 4.962764e-15 2.00207e-20 
6.501586e-36 9.023773e-28 1.513925e-20 3.07021e-14 7.526257e-09 0.0002230168 0.7988098 345.8571 18100.78 114515.6 88625.37 34897.34 82738.89 41337.43 25912.17 10310.34 2385.912 239.836 10.21914 0.1437406 0.0004919877 3.525231e-07 4.485487e-11 8.819682e-16 2.497476e-21 
5.394327e-36 7.486969e-28 1.256094e-20 2.547334e-14 6.24449e-09 0.0001850357 0.6627677 286.9555 15018.11 95018.11 74460.24 48592.37 118725.7 60420.07 40758.98 12330.03 2002.894 185.5687 6.575132 0.07093761 0.0001902438 1.004312e-07 9.103693e-12 1.304271e-16 2.745579e-22 
1.161086e-35 1.611511e-27 2.703643e-20 5.482934e-14 1.344077e-08 0.0003982745 1.426555 617.6489 32325.29 204508.3 158078.9 50409.94 94597.81 60757.89 53907.82 15547.61 2280.426 146.4148 3.860317 0.03311826 6.633271e-05 2.593443e-08 1.727154e-12 1.770501e-17 2.631237e-23 
1.20343e-35 1.670282e-27 2.802245e-20 5.682896e-14 1.393095e-08 0.0004127995 1.478581 640.1744 33504.2 211984.3 166493.2 100107.8 201321.2 84853.04 44173.98 14559.4 2546.371 146.1909 2.827977 0.01659911 2.427466e-05 6.965773e-09 3.347696e-13 2.471051e-18 2.638847e-24 
1.079093e-35 1.49771e-27 2.51272e-20 5.095746e-14 1.249162e-08 0.0003701496 1.325816 574.0324 30042.6 190094.5 150711.8 107938.4 207894.3 119643.3 82494.8 17112.56 1944.552 117.1135 2.161559 0.009611848 9.514872e-06 1.865745e-09 6.34144e-14 3.340431e-19 2.537395e-25 
7.181425e-36 9.967344e-28 1.672229e-20 3.391246e-14 8.313241e-09 0.0002463365 0.8823374 382.0216 19993.53 126527.4 102420 100043.7 185162.1 117448.9 83331.77 21033.74 2468.724 93.34854 1.332125 0.005326127 4.202287e-06 5.807468e-10 1.328434e-14 4.744427e-20 2.495586e-26 
1.216482e-35 1.688397e-27 2.832637e-20 5.74453e-14 1.408204e-08 0.0004172766 1.494617 647.1175 33867.59 214292.8 168314.2 80126.85 124399.8 97681.33 70589.36 18194.44 2251.581 88.62469 0.9653392 0.002634304 1.620617e-06 1.794321e-10 3.085488e-15 7.770702e-21 2.786564e-27 
7.869926e-36 1.092294e-27 1.832549e-20 3.716373e-14 9.110252e-09 0.0002699534 0.9669293 418.647 21910.41 138693 114945.7 127515.2 195670.5 88413.81 47000.58 13233.08 1642.017 63.93321 0.6717241 0.001515832 6.544015e-07 5.05898e-11 6.455981e-16 1.235127e-21 3.304256e-28 
1.353532e-35 1.878614e-27 3.151764e-20 6.391714e-14 1.566853e-08 0.0004642873 1.663002 720.0223 37683.19 238463.3 189151.4 98752.29 136144.8 112743.1 61499.15 10188.66 983.9611 37.23645 0.3647922 0.00074027 2.681844e-07 1.568162e-11 1.402775e-16 1.857084e-22 3.524263e-29 
9.131384e-36 1.267376e-27 2.126286e-20 4.312065e-14 1.057052e-08 0.0003132239 1.121917 485.7513 25422.5 160983.2 136759.6 159885.1 207525 93541.72 43963.65 9944.482 782.7228 19.22384 0.1531453 0.0002705002 8.328979e-08 4.012251e-12 2.833902e-17 2.8128e-23 3.822167e-30 
1.230945e-35 1.70847e-27 2.866314e-20 5.812827e-14 1.424946e-08 0.0004222376 1.512386 654.8111 34270.4 216936.5 176545.1 120832.7 153198.5 123318.1 52333.31 7129.45 510.7734 11.84686 0.06597537 8.247152e-05 1.991051e-08 7.733238e-13 4.365656e-18 3.409405e-24 3.577758e-31 
1.609365e-35 2.233693e-27 3.747484e-20 7.599822e-14 1.863007e-08 0.000552043 1.977328 856.1149 44806.04 283690.7 234021.2 172447.7 185911.8 97847.15 41780.44 7490.397 419.1343 6.956834 0.03247252 3.084725e-05 5.144662e-09 1.414491e-13 5.947092e-19 3.55009e-25 2.861438e-32 
1.361991e-35 1.890354e-27 3.171461e-20 6.43166e-14 1.576646e-08 0.000467189 1.673395 724.5223 37919.33 240278 209274.3 223247.5 235223.7 122010.4 39235.19 5020.926 279.349 4.262423 0.01444196 1.01226e-05 1.282586e-09 2.555988e-14 7.471475e-20 3.099659e-26 1.776338e-33 
1.921667e-35 2.667147e-27 4.474693e-20 9.074588e-14 2.224528e-08 0.0006591684 2.361034 1022.246 53501.19 338892.7 284521.3 210694.9 219128.9 146245.9 44875.75 4793.785 190.109 2.312533 0.006784087 3.692961e-06 3.350359e-10 4.802504e-15 1.024598e-20 3.071901e-27 1.245074e-34 
2.252138e-35 3.125819e-27 5.24421e-20 1.063515e-13 2.607083e-08 0.0007725262 2.767063 1198.043 62702.58 397447.3 345096.8 300479.6 268592.9 131057.7 38772.01 4367.149 146.6123 1.28934 0.002724126 1.151371e-06 8.188011e-11 8.760284e-16 1.33738e-21 2.836862e-28 8.185661e-36 
2.138567e-35 2.96819e-27 4.979754e-20 1.009884e-13 2.475612e-08 0.0007335692 2.627525 1137.629 59541.85 377824.1 343877.6 357296 319852.4 161665.7 37112.48 3158.123 95.94393 0.7332634 0.001159315 3.427758e-07 1.73712e-11 1.37528e-16 1.575661e-22 2.478829e-29 5.189053e-37 
1.836064e-35 2.548336e-27 4.275362e-20 8.670348e-14 2.125434e-08 0.0006298049 2.255859 976.7103 51121.03 324797.4 308494.2 353358.1 324794.3 178101.6 38924.52 2867.998 64.45588 0.3818825 0.0004935442 1.131478e-07 4.134909e-12 2.28189e-17 1.827661e-23 2.047705e-30 3.105968e-38 
1.617637e-35 2.245174e-27 3.766745e-20 7.638884e-14 1.872582e-08 0.0005548804 1.987491 860.5163 45039.34 286124.3 270379.7 306060 296310.6 169895.5 38416.22 2878.596 59.37008 0.2888983 0.0002962946 5.612674e-08 1.735496e-12 7.971192e-18 5.147629e-24 4.536447e-31 5.355207e-39 
1.250663e-36 1.735837e-28 2.912227e-21 5.905938e-15 1.447771e-09 4.29001e-05 0.1536612 66.53006 3482.11 22097.18 19854.59 17931.54 16859.78 9717.092 2282.395 177.3753 3.745561 0.01777018 1.64268e-05 2.653077e-09 6.932042e-14 2.74474e-19 1.558623e-25 1.215157e-32 1.260696e-40 
#survey length counts 
5.291557e-37 7.344332e-29 1.232164e-21 2.498804e-15 6.125524e-10 1.815105e-05 0.0650141 28.14886 1473.199 9319.918 7151.178 1958.21 8446.938 7146.997 5054.997 4951.643 2146.507 844.7704 192.6251 24.34295 1.250387 0.0189538 6.396871e-05 3.924571e-08 3.835702e-12 
1.096361e-36 1.521676e-28 2.552928e-21 5.177286e-15 1.269151e-09 3.760726e-05 0.1347031 58.32179 3052.33 19309.95 14794.47 2780.232 8655.045 6986.446 5199.714 4703.259 1973.471 704.2955 142.5935 15.47719 0.6527407 0.007691548 1.932552e-05 8.594379e-09 5.998719e-13 
1.58698e-36 2.202624e-28 3.695359e-21 7.494114e-15 1.837094e-09 5.443645e-05 0.1949825 84.42069 4418.243 27951.19 21442 5171.655 18287.4 13328.03 5831.508 4393.6 1756.748 564.6191 100.276 9.081968 0.3073763 0.002795865 5.236581e-06 1.693191e-09 8.461643e-14 
1.26653e-36 1.75786e-28 2.949174e-21 5.980866e-15 1.466139e-09 4.344438e-05 0.1556107 67.37406 3526.09 22307.33 17172.92 6631.606 27009.68 19136.59 11523.89 7740.961 1869.661 452.3843 69.25475 5.158392 0.1367421 0.0009428741 1.308642e-06 3.080112e-10 1.105814e-14 
2.320728e-36 3.221017e-28 5.403925e-21 1.095905e-14 2.686482e-09 7.960538e-05 0.2851335 123.453 6461.037 40874.61 31364.31 7301.534 22007.38 16103.49 16007.98 10623.48 2910.736 540.2502 49.8964 2.790402 0.0568839 0.0002919667 2.960534e-07 5.039034e-11 1.298608e-15 
2.12495e-36 2.94929e-28 4.948047e-21 1.003454e-14 2.459849e-09 7.288983e-05 0.2610795 113.0384 5915.981 37426.86 28852.35 11503.62 40931.04 25501.88 13924.39 8828.157 3376.656 659.7235 51.79116 1.762997 0.02375387 8.794512e-05 6.425781e-08 7.819697e-12 1.435482e-16 
2.998542e-36 4.161779e-28 6.982247e-21 1.415986e-14 3.471122e-09 0.0001028557 0.3684124 159.5098 8348.111 52813.3 40637.77 12619.37 38143.42 25390.72 23871.76 12379.52 2787.236 540.012 48.16687 1.377391 0.01167813 2.681353e-05 1.329873e-08 1.136331e-12 1.471292e-17 
2.859227e-36 3.968418e-28 6.657845e-21 1.350198e-14 3.30985e-09 9.807692e-05 0.3512956 152.0989 7960.249 50360.28 38931.43 17310.61 54453.96 32015.91 22701.8 12044.67 3644.778 513.8239 33.86765 0.9504552 0.006780753 1.03292e-05 3.143415e-09 1.725383e-13 1.511241e-18 
4.786026e-36 6.642688e-28 1.114449e-20 2.26008e-14 5.540319e-09 0.0001641698 0.5880295 254.5965 13324.57 84296.79 64938.69 20311.39 52587.8 32794.12 30443.33 13389.31 3071.268 447.3445 26.37175 0.527077 0.003117338 3.90708e-06 8.496038e-10 3.001172e-14 1.655554e-19 
6.758971e-36 9.381007e-28 1.573858e-20 3.191753e-14 7.824208e-09 0.0002318456 0.8304332 359.5489 18817.36 119047.9 91986.14 34714.7 88379.45 46176.62 29494.27 12733.55 3188.375 362.2776 17.79462 0.3051233 0.001319171 1.230907e-06 2.089963e-10 5.56298e-15 2.152493e-20 
5.330991e-36 7.399064e-28 1.241347e-20 2.517426e-14 6.171173e-09 0.0001828631 0.654986 283.5863 14841.78 93900.83 73403.75 47234.87 125460.1 66215.01 46450.18 15545.72 2695.337 282.161 11.75125 0.1547786 0.0005278246 3.651487e-07 4.42391e-11 8.596428e-16 2.478619e-21 
1.15175e-35 1.598553e-27 2.681905e-20 5.438849e-14 1.33327e-08 0.0003950722 1.415084 612.6827 32065.38 202862.2 156632 49298.66 100152.9 65072.69 61949.88 19733.1 3163.486 231.9856 7.132218 0.07538641 0.0001930632 9.919469e-08 8.857327e-12 1.233473e-16 2.513276e-22 
1.174442e-35 1.630048e-27 2.734744e-20 5.546006e-14 1.359538e-08 0.000402856 1.442965 624.7539 32697.15 206873.3 162073.3 97055.53 213262.4 93835.26 50765.83 18079.44 3553.97 237.0834 5.442636 0.03933549 7.363944e-05 2.787397e-08 1.799935e-12 1.807827e-17 2.649977e-23 
1.042418e-35 1.446807e-27 2.427319e-20 4.922554e-14 1.206706e-08 0.0003575691 1.280754 554.5225 29021.52 183627.6 145135.2 104473 219634.2 128396.7 96519.6 22269.74 2741.292 191.1478 4.289363 0.02385103 3.033659e-05 7.845081e-09 3.587094e-13 2.574699e-18 2.687009e-24 
6.872975e-36 9.539236e-28 1.600405e-20 3.245589e-14 7.956179e-09 0.0002357561 0.8444401 365.6134 19134.78 121086.2 97584.05 96774.46 195382.1 125202.7 97404.01 26945.27 3608.901 158.8567 2.706412 0.01366903 1.402736e-05 2.56819e-09 7.906157e-14 3.848443e-19 2.783849e-25 
1.156497e-35 1.605141e-27 2.692958e-20 5.461264e-14 1.338765e-08 0.0003967004 1.420916 615.2078 32197.55 203720.2 159702.6 77433.69 130858.9 103386.3 82960.15 23338.19 3303.886 154.2198 2.057385 0.007056136 5.644021e-06 8.328571e-10 1.934288e-14 6.641467e-20 3.272619e-26 
7.425989e-36 1.030678e-27 1.729177e-20 3.506735e-14 8.596349e-09 0.0002547255 0.9123855 395.0314 20674.44 130857.5 107900.3 123613.2 208030 96419.93 55209.02 16972.52 2433.869 112.7514 1.469441 0.004239741 2.392004e-06 2.463511e-10 4.255731e-15 1.113214e-20 4.096065e-27 
1.260883e-35 1.750023e-27 2.936026e-20 5.954202e-14 1.459602e-08 0.0004325069 1.549169 670.7369 35103.76 222130.9 175828.7 94915.77 141991.9 119868 74144.96 13496.02 1467.084 66.47411 0.8146121 0.002131934 1.01882e-06 7.978927e-11 9.671083e-16 1.751759e-21 4.582945e-28 
8.430021e-36 1.170031e-27 1.96297e-20 3.980864e-14 9.75862e-09 0.0002891658 1.035745 448.4417 23469.8 148598 125594.3 154131.3 219274.7 101600.6 52018.2 13146.3 1218.404 35.44126 0.3511377 0.0008050462 3.290572e-07 2.134483e-11 2.050173e-16 2.787007e-22 5.216519e-29 
1.14202e-35 1.585049e-27 2.659248e-20 5.392902e-14 1.322006e-08 0.0003917347 1.40313 607.5068 31794.63 201247.5 163317.7 117189.6 160308.8 133812.5 64739.32 9750.876 805.8141 22.81812 0.1597068 0.0002579858 8.283718e-08 4.3512e-12 3.353071e-17 3.596851e-23 5.20809e-30 
1.472505e-35 2.04374e-27 3.428798e-20 6.953533e-14 1.704577e-08 0.0005050973 1.809176 783.3109 40995.65 259536.6 213483.2 166357 195852.5 106565.6 50331.78 10265.55 683.1335 13.67768 0.08077337 0.0001002639 2.226639e-08 8.283595e-13 4.767492e-18 3.921864e-24 4.373486e-31 
1.249698e-35 1.734498e-27 2.90998e-20 5.901382e-14 1.446654e-08 0.0004286701 1.535427 664.7868 34792.81 220420.6 191177.1 217521.3 249077.6 135277.8 49032.29 7015.669 462.007 8.734343 0.03766519 3.449839e-05 5.847186e-09 1.580349e-13 6.32397e-19 3.618892e-25 2.87668e-32 
1.746885e-35 2.424561e-27 4.067703e-20 8.249221e-14 2.022199e-08 0.0005992146 2.146289 929.2693 48634.89 308019.7 257948.3 203784.4 227996.4 161649.5 56406.37 6861.77 323.1247 4.836973 0.018238 1.308599e-05 1.590806e-09 3.097679e-14 9.065758e-20 3.751007e-26 2.106947e-33 
2.032336e-35 2.820748e-27 4.73239e-20 9.597192e-14 2.352639e-08 0.0006971299 2.497006 1081.118 56582.65 358572.1 310501 290766.9 282077.2 145587.2 48413.36 6317.06 256.1884 2.794735 0.007579858 4.233311e-06 4.05355e-10 5.903638e-15 1.236629e-20 3.622799e-27 1.450905e-34 
1.933533e-35 2.683616e-27 4.502323e-20 9.130621e-14 2.238264e-08 0.0006632386 2.375613 1028.559 53832.76 341477 309896.2 348028 335824.1 182684.2 47752.91 4667.243 171.6193 1.650957 0.00337807 1.321822e-06 9.030322e-11 9.759906e-16 1.538201e-21 3.344565e-28 9.710594e-36 
1.654877e-35 2.29686e-27 3.853459e-20 7.814738e-14 1.915691e-08 0.0005676543 2.033245 880.3259 46075.56 292600.4 277182.2 344278 338568.7 202226.7 50529.02 4353.297 118.943 0.8862454 0.001491858 4.552373e-07 2.246443e-11 1.692868e-16 1.867452e-22 2.898757e-29 6.114358e-37 
1.454715e-35 2.019048e-27 3.387373e-20 6.869524e-14 1.683983e-08 0.0004989949 1.787319 773.8484 40503.54 257448.5 249250.3 307818.3 302248.7 184801.4 45053.48 3752.434 88.23293 0.501509 0.000613641 1.408488e-07 5.325879e-12 3.007645e-17 2.398561e-23 2.620854e-30 3.849398e-38 
1.762896e-35 2.446783e-27 4.104986e-20 8.32483e-14 2.040734e-08 0.0006047068 2.165961 937.7875 49083.05 311578.3 284332.3 277607.9 268010 158558.3 38419.41 3192.394 73.34902 0.3854793 0.0003999841 7.330954e-08 2.191317e-12 9.975301e-18 6.528454e-24 5.872124e-31 7.033648e-39 
1.762896e-35 2.446783e-27 4.104986e-20 8.32483e-14 2.040734e-08 0.0006047068 2.165961 937.7875 49083.05 311578.3 284332.4 277614.9 268242.1 159053.7 37881.17 2977.789 63.33768 0.3020442 0.0002802104 4.537594e-08 1.187934e-12 4.710445e-18 2.677683e-24 2.089216e-31 2.168762e-39 
