#Simulated generalized assessment 
# 
#start/end year 
69 97 
#number of ages 
15 
#ages 
1 2 3 4 5 6 7 8 9 10 11 12 13 14 15 
#Number of length bins 
25 
#CPUE years 
29 
#years for CPUE 
69 70 71 72 73 74 75 76 77 78 79 80 81 82 83 84 85 86 87 88 89 90 91 92 93 94 95 96 97 
#survey years 
29 
#years for survey 
69 70 71 72 73 74 75 76 77 78 79 80 81 82 83 84 85 86 87 88 89 90 91 92 93 94 95 96 97 
#length freq from catch years 
29 
#years for length freq catch 
69 70 71 72 73 74 75 76 77 78 79 80 81 82 83 84 85 86 87 88 89 90 91 92 93 94 95 96 97 
#catch length sample sizes 
200 200 200 200 200 200 200 200 200 200 200 200 200 200 200 200 200 200 200 200 200 200 200 200 200 200 200 200 200 
#length freq from survey years 
29 
#years for length freq survey 
69 70 71 72 73 74 75 76 77 78 79 80 81 82 83 84 85 86 87 88 89 90 91 92 93 94 95 96 97 
#survey sample sizes 
200 200 200 200 200 200 200 200 200 200 200 200 200 200 200 200 200 200 200 200 200 200 200 200 200 200 200 200 200 
#total survey biomass 
8435.97 8072.116 16275.43 23423.39 18518.53 22566.76 45908.21 41309.59 61211.86 33915.38 89217.26 53340.11 113959.2 104646.4 74831.63 79684.83 108781.4 81962.84 84151.1 74387.7 100059.6 71710.47 103378.6 87422.29 89389.92 121766.9 88835.71 83571.19 104023.3 
#survey CV 
0.2 0.2 0.2 0.2 0.2 0.2 0.2 0.2 0.2 0.2 0.2 0.2 0.2 0.2 0.2 0.2 0.2 0.2 0.2 0.2 0.2 0.2 0.2 0.2 0.2 0.2 0.2 0.2 0.2 
#total CPUE 
5252.627 5766.742 9768.408 14734.35 17883.66 25436.94 29275.71 40402.07 39178.37 65432.35 51943.77 79040.23 96275.32 171809.7 152921.4 98894.43 96093.09 95726.92 84688.39 95809.43 76600.99 133490.8 101919.1 123186.8 119684.3 146346.9 90722.7 88641.33 115584.9 
#CPUE CV 
0.2 0.2 0.2 0.2 0.2 0.2 0.2 0.2 0.2 0.2 0.2 0.2 0.2 0.2 0.2 0.2 0.2 0.2 0.2 0.2 0.2 0.2 0.2 0.2 0.2 0.2 0.2 0.2 0.2 
#total catch biomass 
5574.521 5947.569 7244.327 10668.88 13471.35 17447.88 19890.56 28410.24 29434.4 33479.27 48806.17 62764.35 78892.4 98333.33 104033.6 96095.75 88367.17 80777.61 85282.67 77639.64 84380.06 92096.7 97500.21 90406.77 111900.1 105366.3 102634.8 92869.58 111828.1 
#catch CV 
0.05 0.05 0.05 0.05 0.05 0.05 0.05 0.05 0.05 0.05 0.05 0.05 0.05 0.05 0.05 0.05 0.05 0.05 0.05 0.05 0.05 0.05 0.05 0.05 0.05 0.05 0.05 0.05 0.05 
#Length Bins 
0.7268035 2.18041 3.634017 5.087624 6.541231 7.994838 9.448445 10.90205 12.35566 13.80927 15.26287 16.71648 18.17009 19.62369 21.0773 22.53091 23.98451 25.43812 26.89173 28.34534 29.79894 31.25255 32.70616 34.15976 35.61337 
#catch length counts 
1.323546e-37 1.836994e-29 3.081938e-22 6.250109e-16 1.532141e-10 4.540013e-06 0.01626159 7.040706 368.4825 2331.159 1799.175 1053.141 5772.235 4926.951 3795.801 3783.835 1692.861 680.3532 158.5151 20.61805 1.108755 0.01770452 6.268831e-05 4.0069e-08 4.053268e-12 
1.616228e-37 2.243218e-29 3.763463e-22 7.632227e-16 1.870951e-10 5.543969e-06 0.01985759 8.597653 449.9669 2846.663 2197.179 1227.81 6269.782 5100.688 4016.773 3679.361 1591.141 585.0476 123.0413 13.76629 0.6009766 0.007389143 1.939512e-05 8.972468e-09 6.478874e-13 
3.97521e-37 5.517329e-29 9.256464e-22 1.877192e-15 4.601716e-10 1.363573e-05 0.04884095 21.14645 1106.721 7001.483 5378.741 1661.953 6681.206 5178.709 4177.917 3503.61 1446.427 480.4005 89.59928 8.492021 0.2980478 0.002803721 5.439215e-06 1.820784e-09 9.393872e-14 
6.879195e-37 9.547869e-29 1.601853e-21 3.248526e-15 7.963379e-10 2.359695e-05 0.08452043 36.59443 1915.207 12116.3 9327.74 3611.391 14715.13 10163.28 4763.526 3371.999 1335.238 398.4573 64.96002 5.123942 0.1425818 0.001018967 1.456401e-06 3.523855e-10 1.299333e-14 
6.458434e-37 8.963881e-29 1.503877e-21 3.049832e-15 7.476305e-10 2.215366e-05 0.0793508 34.35616 1798.065 11375.38 8809.321 5352.104 22628.72 15260.11 9667.85 5926.874 1409.617 324.7601 45.66856 2.950949 0.06406613 0.0003441989 3.607088e-07 6.297319e-11 1.6588e-15 
1.387083e-36 1.925179e-28 3.229887e-21 6.550146e-15 1.605691e-09 4.757957e-05 0.1704223 73.78696 3861.716 24430.62 18789.18 5813.276 18932.64 13427.38 13801.23 8338.541 2225.191 377.9968 32.73731 1.608795 0.02682871 0.000107091 8.165461e-08 1.02453e-11 1.924901e-16 
1.425909e-36 1.979068e-28 3.320298e-21 6.733497e-15 1.650638e-09 4.891141e-05 0.1751927 75.85239 3969.813 25114.94 19442.56 10163.43 35899.61 21171.31 11807.95 6969.613 2548.24 446.1613 31.48305 0.9404924 0.01055106 3.049797e-05 1.676665e-08 1.502715e-12 2.005834e-17 
2.284398e-36 3.170594e-28 5.319329e-21 1.078749e-14 2.644427e-09 7.835919e-05 0.2806699 121.5204 6359.893 40235.41 31032.79 11491.82 34323.21 22129.06 20867.79 9766.929 2136.773 381.3258 29.75423 0.7207219 0.005048501 9.181975e-06 3.454176e-09 2.180307e-13 2.055311e-18 
2.399464e-36 3.330298e-28 5.587266e-21 1.133086e-14 2.777628e-09 8.230619e-05 0.2948074 127.6414 6680.244 42262.89 32772.61 16663.43 49945.27 28011.43 19674.2 9574.144 2688.458 336.1187 19.78906 0.4640205 0.002657608 3.175311e-06 7.387926e-10 3.021876e-14 1.936317e-19 
4.300811e-36 5.969241e-28 1.001464e-20 2.030949e-14 4.978632e-09 0.000147526 0.5284141 228.7851 11973.7 75751.19 58447.03 19749.12 48576.94 29393.63 26493.21 10505.47 2246.336 288.3548 14.51258 0.2418678 0.00114335 1.105932e-06 1.822188e-10 4.80696e-15 1.95281e-20 
6.528337e-36 9.060901e-28 1.520154e-20 3.082842e-14 7.557224e-09 0.0002239344 0.8020965 347.2801 18175.26 114986.7 88987.07 34966.21 82849.61 41404.89 25971.09 10318.57 2375.65 235.6021 9.862358 0.1372813 0.0004680933 3.356506e-07 4.284254e-11 8.460313e-16 2.40777e-21 
5.399021e-36 7.493485e-28 1.257188e-20 2.549551e-14 6.249924e-09 0.0001851967 0.6633444 287.2052 15031.18 95100.79 74524.63 48625.35 118794 60324.22 40517.13 12212.41 1967.016 180.6729 6.315363 0.06699542 0.0001774953 9.314616e-08 8.428021e-12 1.208309e-16 2.548845e-22 
1.15805e-35 1.607298e-27 2.696575e-20 5.4686e-14 1.340563e-08 0.0003972333 1.422825 616.0342 32240.78 203973.7 157663.8 50239.6 94242.5 60442.2 53527.81 15358.61 2231.01 141.9013 3.695605 0.03130223 6.182005e-05 2.387679e-08 1.577412e-12 1.609954e-17 2.388126e-23 
1.201794e-35 1.66801e-27 2.798433e-20 5.675167e-14 1.3912e-08 0.0004122381 1.47657 639.3037 33458.63 211696 166271.5 100062.5 201264.4 84857.41 44216.62 14595.3 2551.011 145.5713 2.789687 0.01619468 2.341597e-05 6.645451e-09 3.160318e-13 2.312112e-18 2.452948e-24 
1.06727e-35 1.4813e-27 2.485189e-20 5.039913e-14 1.235475e-08 0.0003660939 1.311289 567.7428 29713.43 188011.7 149070.5 106933.2 206016.4 118652.9 81865.06 16992.88 1934.083 116.5166 2.142641 0.009457042 9.276188e-06 1.801867e-09 6.069884e-14 3.170807e-19 2.389814e-25 
7.140782e-36 9.910934e-28 1.662765e-20 3.372054e-14 8.266193e-09 0.0002449424 0.8773438 379.8596 19880.38 125811.5 101864.4 99862.9 185019.2 118322.4 84627.43 21733.07 2589.183 98.90727 1.422402 0.005689129 4.471482e-06 6.142328e-10 1.39535e-14 4.948718e-20 2.585757e-26 
1.215127e-35 1.686515e-27 2.82948e-20 5.738128e-14 1.406634e-08 0.0004168115 1.492951 646.3963 33829.84 214053.9 168119.2 79932.05 124141.8 98022.32 71214.8 18629.44 2346.836 94.17799 1.04062 0.002867123 1.77115e-06 1.960094e-10 3.360925e-15 8.429468e-21 3.008397e-27 
7.939087e-36 1.101893e-27 1.848654e-20 3.749033e-14 9.190313e-09 0.0002723258 0.9754267 422.3261 22102.96 139911.8 115948.5 128540.3 197225.8 89100.61 47473.05 13478.05 1693.01 67.15293 0.7186578 0.001646188 7.182912e-07 5.590742e-11 7.157214e-16 1.369841e-21 3.660021e-28 
1.355907e-35 1.881909e-27 3.157293e-20 6.402927e-14 1.569602e-08 0.0004651019 1.665919 721.2855 37749.29 238881.4 189455.4 98586.23 135573.6 111182.7 60248.21 9798.146 934.2678 35.48526 0.3518303 0.0007243814 2.658697e-07 1.57105e-11 1.416607e-16 1.886072e-22 3.592182e-29 
9.049192e-36 1.255968e-27 2.107147e-20 4.273252e-14 1.047537e-08 0.0003104045 1.111818 481.379 25193.67 159534.4 135550.2 158676.5 205911.9 92508.99 43216.92 9672.579 751.5687 18.15522 0.1441016 0.0002562669 7.972108e-08 3.881228e-12 2.767683e-17 2.769538e-23 3.788822e-30 
1.245158e-35 1.728197e-27 2.899408e-20 5.879942e-14 1.441399e-08 0.0004271127 1.529848 662.3715 34666.09 219441.6 178615.7 122559.9 155912.3 126886.5 54248.08 7520.655 543.1484 12.53697 0.06910748 8.580202e-05 2.073838e-08 8.10077e-13 4.606709e-18 3.625097e-24 3.831753e-31 
1.610167e-35 2.234806e-27 3.749351e-20 7.603609e-14 1.863935e-08 0.0005523181 1.978314 856.5415 44828.36 283831 234063.3 171859.8 184783.8 96019.41 40382.44 7126.128 397.7243 6.602192 0.030675 2.890919e-05 4.783015e-09 1.309041e-13 5.502635e-19 3.294013e-25 2.666564e-32 
1.371606e-35 1.903698e-27 3.193849e-20 6.477062e-14 1.587775e-08 0.0004704869 1.685208 729.6368 38187.01 241973.9 210735.4 224684.1 236530.4 122201 39048.67 4913.701 268.6648 4.062924 0.01373594 9.606314e-06 1.211684e-09 2.400698e-14 6.977419e-20 2.882048e-26 1.647873e-33 
1.925245e-35 2.672114e-27 4.483025e-20 9.091484e-14 2.22867e-08 0.0006603958 2.36543 1024.15 53600.81 339523.1 285018.7 210812.2 218543.4 144583.6 43882.94 4588.258 177.8477 2.112789 0.006109764 3.305607e-06 2.991109e-10 4.27766e-15 9.097754e-21 2.717206e-27 1.096786e-34 
2.238483e-35 3.106867e-27 5.212413e-20 1.057067e-13 2.591275e-08 0.0007678422 2.750286 1190.779 62322.39 395037.1 342985.6 298516 266540 129428.4 37925.69 4207.15 138.5567 1.18899 0.00245469 1.019836e-06 7.180157e-11 7.642446e-16 1.16358e-21 2.46369e-28 7.09596e-36 
2.154637e-35 2.990494e-27 5.017174e-20 1.017473e-13 2.494215e-08 0.0007390814 2.647269 1146.177 59989.27 380665.1 346553.4 360596.7 323713.2 164767.4 38098.61 3263.581 98.65344 0.7443606 0.001156373 3.354347e-07 1.671384e-11 1.306271e-16 1.483479e-22 2.320786e-29 4.841437e-37 
1.838866e-35 2.552225e-27 4.281886e-20 8.683579e-14 2.128677e-08 0.000630766 2.259301 978.2007 51199.03 325290.5 308857.6 353171.2 323116.4 175572.4 37984.03 2769.601 61.97432 0.3649039 0.0004668474 1.056853e-07 3.808168e-12 2.07168e-17 1.637513e-23 1.814189e-30 2.727218e-38 
1.623539e-35 2.253365e-27 3.780487e-20 7.666752e-14 1.879414e-08 0.0005569048 1.994742 863.6557 45203.65 287164.7 271217.8 306296.8 295770.1 168605.6 37715.05 2784.918 56.69729 0.2732698 0.0002785201 5.241259e-08 1.607721e-12 7.317787e-18 4.67989e-24 4.082891e-31 4.771843e-39 
2.269984e-35 3.150588e-27 5.285766e-20 1.071943e-13 2.627741e-08 0.0007786478 2.78899 1207.537 63201.07 401031.2 358711.3 316355.7 295641.3 169252.5 39407.68 3022.99 62.8871 0.294053 0.0002687904 4.307376e-08 1.119124e-12 4.408732e-18 2.49004e-24 1.929929e-31 1.989718e-39 
#survey length counts 
5.289153e-37 7.340995e-29 1.231604e-21 2.497669e-15 6.122741e-10 1.81428e-05 0.06498456 28.13607 1472.53 9315.683 7147.928 1957.325 8443.142 7144.635 5059.951 4959.45 2153.589 842.855 189.492 23.71979 1.22084 0.01867621 6.358826e-05 3.9241e-08 3.848263e-12 
1.095412e-36 1.520359e-28 2.550718e-21 5.172806e-15 1.268052e-09 3.757471e-05 0.1345865 58.27131 3049.688 19293.23 14781.66 2777.713 8646.815 6976.722 5171.401 4669.255 1945.991 691.9279 139.0017 14.87406 0.6216198 0.007332962 1.85467e-05 8.306507e-09 5.82982e-13 
1.590562e-36 2.207596e-28 3.7037e-21 7.511029e-15 1.84124e-09 5.455932e-05 0.1954226 84.61124 4428.215 28014.28 21490.23 5175.156 18282.05 13328.18 5857.357 4422.93 1778.108 571.6291 101.2026 9.095386 0.3041365 0.002745288 5.139525e-06 1.668319e-09 8.38113e-14 
1.262277e-36 1.751957e-28 2.939272e-21 5.960783e-15 1.461216e-09 4.32985e-05 0.1550882 67.14783 3514.25 22232.43 17115.95 6639.886 27082.17 19191.17 11574.01 7787.115 1900.349 464.4947 71.49558 5.313745 0.1398191 0.000954847 1.316175e-06 3.090544e-10 1.110787e-14 
2.323877e-36 3.225388e-28 5.411257e-21 1.097392e-14 2.690127e-09 7.971339e-05 0.2855204 123.6205 6469.804 40930.07 31406.42 7292.827 21945.31 16090.37 16131.65 10732.66 2968.779 556.3721 52.24384 2.947683 0.06004001 0.0003063802 3.08395e-07 5.216315e-11 1.339084e-15 
2.124311e-36 2.948404e-28 4.946559e-21 1.003152e-14 2.45911e-09 7.286792e-05 0.261001 113.0044 5914.202 37415.61 28843.98 11511.55 40970.76 25505.05 13839.8 8771.799 3361.673 659.4808 52.27361 1.805338 0.02457326 9.106251e-05 6.629481e-08 8.025621e-12 1.465546e-16 
3.005369e-36 4.171254e-28 6.998144e-21 1.419209e-14 3.479025e-09 0.0001030899 0.3692512 159.873 8367.117 52933.54 40729.78 12629.98 38153.77 25436.3 24032.28 12476.53 2820.799 549.6003 49.35359 1.424986 0.01224316 2.841288e-05 1.414443e-08 1.20749e-12 1.558838e-17 
2.858465e-36 3.967361e-28 6.656071e-21 1.349838e-14 3.308969e-09 9.80508e-05 0.351202 152.0583 7958.129 50346.87 38921.73 17327.78 54523.07 31985.22 22474.12 11859.92 3553.351 499.2125 32.90324 0.9278216 0.006669976 1.026449e-05 3.154863e-09 1.742608e-13 1.529846e-18 
4.777002e-36 6.630164e-28 1.112348e-20 2.255819e-14 5.529874e-09 0.0001638603 0.5869208 254.1165 13299.44 84137.86 64816.78 20288.63 52543.92 32729.05 30291.18 13242.43 2982.784 428.454 25.02242 0.4989465 0.002959081 3.728945e-06 8.166106e-10 2.907396e-14 1.615336e-19 
6.754133e-36 9.374291e-28 1.572732e-20 3.189468e-14 7.818606e-09 0.0002316796 0.8298386 359.2915 18803.89 118962.7 91919.19 34659.56 88215.17 46103.92 29470.8 12707.39 3166.91 355.314 17.13924 0.2906497 0.001251307 1.168277e-06 1.989932e-10 5.320148e-15 2.069222e-20 
5.321364e-36 7.385702e-28 1.239105e-20 2.51288e-14 6.160029e-09 0.0001825329 0.6538032 283.0742 14814.98 93731.26 73272.11 47172.62 125297.5 66002.35 46094.23 15376.51 2643.65 274.4546 11.28082 0.1460656 0.0004917807 3.380818e-07 4.088067e-11 7.949504e-16 2.29704e-21 
1.151247e-35 1.597855e-27 2.680734e-20 5.436474e-14 1.332688e-08 0.0003948997 1.414467 612.4152 32051.38 202773.7 156561 49217.53 99932.8 64841.62 61613.97 19535.11 3101.298 225.3726 6.844447 0.07142742 0.0001803332 9.149305e-08 8.102075e-12 1.123264e-16 2.284414e-22 
1.173041e-35 1.628104e-27 2.731483e-20 5.539392e-14 1.357917e-08 0.0004023755 1.441244 624.0088 32658.15 206626.6 161884 97023.88 213227.5 93847.85 50817.75 18124.53 3561.87 236.2557 5.37354 0.03841021 7.108378e-05 2.660483e-08 1.699549e-12 1.69154e-17 2.463026e-23 
1.042032e-35 1.446272e-27 2.426421e-20 4.920734e-14 1.20626e-08 0.0003574369 1.280281 554.3174 29010.79 183559.7 145077.7 104361.1 219384.7 128331.3 96529.2 22284.5 2747.481 191.6799 4.286788 0.02366206 2.981893e-05 7.637416e-09 3.46037e-13 2.462585e-18 2.54953e-24 
6.856048e-36 9.515742e-28 1.596463e-20 3.237595e-14 7.936583e-09 0.0002351755 0.8423603 364.7129 19087.65 120788.1 97361.08 96842.88 195684.9 126372.8 99089.39 27868.2 3791.616 168.5919 2.896191 0.01463802 1.496536e-05 2.723241e-09 8.324448e-14 4.023153e-19 2.890428e-25 
1.156289e-35 1.604852e-27 2.692473e-20 5.46028e-14 1.338523e-08 0.000396629 1.42066 615.0969 32191.75 203683.5 159666.5 77304.15 130667 103791.6 83703.29 23881.86 3441.188 163.8007 2.217801 0.007682545 6.172567e-06 9.105087e-10 2.108476e-14 7.208834e-20 3.534764e-26 
7.416572e-36 1.029371e-27 1.726984e-20 3.502289e-14 8.585448e-09 0.0002544025 0.9112285 394.5305 20648.22 130691.7 107773.1 123595.5 208015.1 96399.38 55304.29 17138.31 2486.629 117.3336 1.558112 0.004565451 2.604274e-06 2.701022e-10 4.681215e-15 1.224966e-20 4.501157e-27 
1.26245e-35 1.752198e-27 2.939676e-20 5.961603e-14 1.461417e-08 0.0004330445 1.551095 671.5706 35147.39 222406.8 176023.4 94714.61 141380.1 118204.5 72660.01 12992.15 1392.518 63.27515 0.7845855 0.002083819 1.009233e-06 7.989568e-11 9.763245e-16 1.778668e-21 4.670094e-28 
8.440885e-36 1.171539e-27 1.9655e-20 3.985994e-14 9.771196e-09 0.0002895384 1.037079 449.0196 23500.05 148789.5 125754.7 154310.7 219467 101367.7 51605.34 12906.28 1181.367 33.78099 0.333121 0.0007688122 3.175386e-07 2.082224e-11 2.019636e-16 2.768395e-22 5.217234e-29 
1.139607e-35 1.5817e-27 2.65363e-20 5.381508e-14 1.319213e-08 0.000390907 1.400165 606.2233 31727.46 200822.8 163019.9 117466 161202.6 136064.3 66289.39 10158.26 847.2552 23.88829 0.1654817 0.0002653635 8.528779e-08 4.505968e-12 3.498498e-17 3.782207e-23 5.517173e-30 
1.472541e-35 2.04379e-27 3.428882e-20 6.953704e-14 1.704619e-08 0.0005051097 1.809221 783.3301 40996.66 259542.1 213424 165719.9 194649.3 104608.4 48692.59 9766.721 647.9153 12.9776 0.07630296 9.395957e-05 2.069511e-08 7.662664e-13 4.409493e-18 3.638164e-24 4.075486e-31 
1.249354e-35 1.734022e-27 2.909181e-20 5.89976e-14 1.446257e-08 0.0004285523 1.535005 664.6042 34783.25 220360.1 191129.7 217498.9 248879 134652.2 48526.07 6831.296 441.8965 8.274042 0.03559787 3.25349e-05 5.489274e-09 1.474811e-13 5.867132e-19 3.342707e-25 2.651364e-32 
1.746146e-35 2.423535e-27 4.065983e-20 8.245733e-14 2.021344e-08 0.0005989613 2.145382 928.8764 48614.32 307889.1 257816.1 203481.7 227008.8 159555 55111.74 6563.402 302.1684 4.415017 0.01639771 1.169045e-05 1.417371e-09 2.753473e-14 8.032416e-20 3.310311e-26 1.851547e-33 
2.032757e-35 2.821333e-27 4.733371e-20 9.599182e-14 2.353126e-08 0.0006972744 2.497523 1081.342 56594.38 358645.8 310528.3 290544.2 281568.7 144654.5 47671.94 6127.044 243.8474 2.595327 0.006874662 3.772024e-06 3.574778e-10 5.179189e-15 1.081949e-20 3.163788e-27 1.264681e-34 
1.931568e-35 2.680889e-27 4.497748e-20 9.121342e-14 2.23599e-08 0.0006625646 2.373199 1027.514 53778.06 341132.1 309694.1 348470.8 337123.9 184683.7 48613.24 4786.091 175.2139 1.664322 0.00334564 1.28384e-06 8.620206e-11 9.195048e-16 1.436386e-21 3.105877e-28 8.987047e-36 
1.653366e-35 2.294763e-27 3.849941e-20 7.807603e-14 1.913942e-08 0.000567136 2.031389 879.5221 46033.49 292331.5 276843.1 343333.4 336202.6 198992.6 49233.9 4195.589 114.1344 0.8452999 0.001408515 4.243193e-07 2.063885e-11 1.53263e-16 1.668054e-22 2.560008e-29 5.351601e-37 
1.456671e-35 2.021763e-27 3.391928e-20 6.878761e-14 1.686247e-08 0.0004996659 1.789722 774.889 40558 257791.4 249442.2 307384.2 301047.1 183024.6 44143.49 3622.783 84.07517 0.473297 0.0005755031 1.312039e-07 4.920328e-12 2.75277e-17 2.173351e-23 2.350274e-30 3.416871e-38 
1.761389e-35 2.444692e-27 4.101478e-20 8.317714e-14 2.03899e-08 0.0006041899 2.16411 936.986 49041.1 311314 284172.9 277750 267449.1 157342.1 37795.15 3099.978 70.15711 0.3633509 0.000372826 6.780517e-08 2.015432e-12 9.127068e-18 5.939898e-24 5.310153e-31 6.319176e-39 
1.761389e-35 2.444692e-27 4.101478e-20 8.317714e-14 2.03899e-08 0.0006041899 2.16411 936.986 49041.1 311314 284172.9 277757 267676.2 157825.1 37267.93 2892.052 60.60336 0.2848516 0.0002613251 4.198945e-08 1.093122e-12 4.312568e-18 2.438292e-24 1.891269e-31 1.950983e-39 
