# Number of parameters = 79 Objective function value = 20516.4372366970  Maximum gradient component = 0.00819705975280013
# srv_sel50:
0.985932939437
# srv_sel95:
1.00572224098
# stNatLen:
 10.6364223060 9.19116349354 7.98249850260 7.12357009873 6.50952407787 6.05170444574 5.69730816785 5.41665513826 5.19218100073 5.01284018625 4.87136638497 4.76285108135 4.68395961761 4.63248014908 4.60705925778
# log_avg_fmort_dir:
0.00384290972028
# fmort_dir_dev:
 0.271571157378 0.290627663069 0.541196888750 0.509422901057 0.325794032273 0.411915158783 0.493175382545 0.417420725969 0.285559140813 0.266623084717 0.358704597595 0.394022423415 0.319351281002 0.410476620003 0.450131381082 0.508499483890 0.412152568148 0.436780043257 0.466783530782 0.432465525367 0.424436977272 0.384715520991 0.345155716298 0.332415004741 0.353998045532 0.439711306012 0.364928425618 0.524530160704 -11.1725647471
# mean_log_rec:
13.2161048489
# rec_dev:
 -2.20584879800 -2.09008299121 -2.11098219362 -1.73332670582 -1.42003461520 -1.39557351704 -1.15688794918 -0.636492830392 -0.212573348757 0.0772926371057 0.367565667925 0.630362255766 0.885872117823 0.805498436846 0.675189657068 0.558630479857 0.559746824669 0.604812753090 0.615802818996 0.661296463529 0.686400608248 0.761565783712 0.853699683023 0.982009900408 0.985595187006 0.830817746485 0.711867776724 0.353888076852 0.353888074086
# log_avg_NatM:
-0.940144300000
# m_dev:
 0.00000000000 0.00000000000 0.00000000000 0.00000000000 0.00000000000 0.00000000000 0.00000000000 0.00000000000 0.00000000000 0.00000000000 0.00000000000 0.00000000000 0.00000000000 0.00000000000 0.00000000000 0.00000000000 0.00000000000 0.00000000000 0.00000000000 0.00000000000 0.00000000000 0.00000000000 0.00000000000 0.00000000000 0.00000000000 0.00000000000 0.00000000000 0.00000000000 0.00000000000
# log_avg_GrowthK:
-1.02151300000
# log_avg_Linf:
3.36611700000
# GrowthK_dev:
 0.00000000000 0.00000000000 0.00000000000 0.00000000000 0.00000000000 0.00000000000 0.00000000000 0.00000000000 0.00000000000 0.00000000000 0.00000000000 0.00000000000 0.00000000000 0.00000000000 0.00000000000 0.00000000000 0.00000000000 0.00000000000 0.00000000000 0.00000000000 0.00000000000 0.00000000000 0.00000000000 0.00000000000 0.00000000000 0.00000000000 0.00000000000 0.00000000000 0.00000000000
# Linf_dev:
 0.00000000000 0.00000000000 0.00000000000 0.00000000000 0.00000000000 0.00000000000 0.00000000000 0.00000000000 0.00000000000 0.00000000000 0.00000000000 0.00000000000 0.00000000000 0.00000000000 0.00000000000 0.00000000000 0.00000000000 0.00000000000 0.00000000000 0.00000000000 0.00000000000 0.00000000000 0.00000000000 0.00000000000 0.00000000000 0.00000000000 0.00000000000 0.00000000000 0.00000000000
# SelPars50:
0.957228320468
# SelPars95:
1.08715200808
# SelPars_dev50:
 0.00000000000 0.00000000000 0.00000000000 0.00000000000 0.00000000000 0.00000000000 0.00000000000 0.00000000000 0.00000000000 0.00000000000 0.00000000000 0.00000000000 0.00000000000 0.00000000000 0.00000000000 0.00000000000 0.00000000000 0.00000000000 0.00000000000 0.00000000000 0.00000000000 0.00000000000 0.00000000000 0.00000000000 0.00000000000 0.00000000000 0.00000000000 0.00000000000 0.00000000000
# SelPars_dev95:
 0.00000000000 0.00000000000 0.00000000000 0.00000000000 0.00000000000 0.00000000000 0.00000000000 0.00000000000 0.00000000000 0.00000000000 0.00000000000 0.00000000000 0.00000000000 0.00000000000 0.00000000000 0.00000000000 0.00000000000 0.00000000000 0.00000000000 0.00000000000 0.00000000000 0.00000000000 0.00000000000 0.00000000000 0.00000000000 0.00000000000 0.00000000000 0.00000000000 0.00000000000
