# Number of parameters = 80 Objective function value = 21712.0902989877  Maximum gradient component = 0.0344093524985994
# srv_sel50:
1.12989238728
# srv_sel95:
2.37518386375
# stNatLen:
 11.3793636256 10.8496440474 8.97880370706 7.70134550147 6.87378372324 6.29534451362 5.86275457775 5.52713100280 5.26222097354 5.05245511929 4.88798868743 4.76235835948 4.67126863113 4.61192371643 4.58265318769
# log_avg_fmort_dir:
0.644188526102
# fmort_dir_dev:
 -0.794236596936 -0.725928651675 -0.662912006576 -0.548211379446 -0.487995575135 -0.398952242830 -0.283442129642 -0.171245308201 -0.199170256225 -0.0304762267270 0.0216172751537 -0.113709648830 0.0484971372480 0.0350085393762 0.160178263154 0.300009202885 0.308907495421 0.211200600163 0.329502893473 0.297307597336 0.407560202169 0.409245857402 0.373444390842 0.474756031713 0.476008326036 0.542393228706 0.581467991014 0.605766169746 -1.16659117962
# mean_log_rec:
13.5924311427
# rec_dev:
 -2.00661890623 -1.82778326658 -1.66429886942 -1.37010072909 -1.28418790248 -1.14032528298 -0.789854963417 -0.398890527094 -0.107042050961 -0.00260622151127 0.343427330417 0.730334205855 0.690444666240 0.476246652690 0.365911037257 0.364529455900 0.310233931095 0.367949269127 0.412436711301 0.434368225570 0.495015151697 0.562822083458 0.657603631562 0.747472719563 0.764292858908 0.690948526619 0.603368074222 0.787152094160 0.787152094120
# log_avg_NatM:
-0.651759794406
# m_dev:
 0.00000000000 0.00000000000 0.00000000000 0.00000000000 0.00000000000 0.00000000000 0.00000000000 0.00000000000 0.00000000000 0.00000000000 0.00000000000 0.00000000000 0.00000000000 0.00000000000 0.00000000000 0.00000000000 0.00000000000 0.00000000000 0.00000000000 0.00000000000 0.00000000000 0.00000000000 0.00000000000 0.00000000000 0.00000000000 0.00000000000 0.00000000000 0.00000000000 0.00000000000
# log_avg_GrowthK:
-1.18630400000
# log_avg_Linf:
3.44583300000
# GrowthK_dev:
 0.00000000000 0.00000000000 0.00000000000 0.00000000000 0.00000000000 0.00000000000 0.00000000000 0.00000000000 0.00000000000 0.00000000000 0.00000000000 0.00000000000 0.00000000000 0.00000000000 0.00000000000 0.00000000000 0.00000000000 0.00000000000 0.00000000000 0.00000000000 0.00000000000 0.00000000000 0.00000000000 0.00000000000 0.00000000000 0.00000000000 0.00000000000 0.00000000000 0.00000000000
# Linf_dev:
 0.00000000000 0.00000000000 0.00000000000 0.00000000000 0.00000000000 0.00000000000 0.00000000000 0.00000000000 0.00000000000 0.00000000000 0.00000000000 0.00000000000 0.00000000000 0.00000000000 0.00000000000 0.00000000000 0.00000000000 0.00000000000 0.00000000000 0.00000000000 0.00000000000 0.00000000000 0.00000000000 0.00000000000 0.00000000000 0.00000000000 0.00000000000 0.00000000000 0.00000000000
# SelPars50:
1.04727447268
# SelPars95:
1.17352396175
# SelPars_dev50:
 0.00000000000 0.00000000000 0.00000000000 0.00000000000 0.00000000000 0.00000000000 0.00000000000 0.00000000000 0.00000000000 0.00000000000 0.00000000000 0.00000000000 0.00000000000 0.00000000000 0.00000000000 0.00000000000 0.00000000000 0.00000000000 0.00000000000 0.00000000000 0.00000000000 0.00000000000 0.00000000000 0.00000000000 0.00000000000 0.00000000000 0.00000000000 0.00000000000 0.00000000000
# SelPars_dev95:
 0.00000000000 0.00000000000 0.00000000000 0.00000000000 0.00000000000 0.00000000000 0.00000000000 0.00000000000 0.00000000000 0.00000000000 0.00000000000 0.00000000000 0.00000000000 0.00000000000 0.00000000000 0.00000000000 0.00000000000 0.00000000000 0.00000000000 0.00000000000 0.00000000000 0.00000000000 0.00000000000 0.00000000000 0.00000000000 0.00000000000 0.00000000000 0.00000000000 0.00000000000
