# Number of parameters = 78 Objective function value = 22867.2986651616  Maximum gradient component = 0.000389234729601391
# srv_sel50:
1.00865666750
# srv_sel95:
1.04805454164
# stNatLen:
 10.4996481391 9.01740995898 7.70371083335 6.71892632934 5.99909461292 5.45809616588 5.03846497864 4.70602524161 4.44009892624 4.22758791522 4.05985938630 3.93108922142 3.83734360762 3.77605303936 3.74571706349
# log_avg_fmort_dir:
0.488749759054
# fmort_dir_dev:
 -0.718675363011 -0.571873729490 -0.371191182421 -0.389097467711 -0.505598800452 -0.197431647451 -0.133103473339 -0.0548010303728 -0.297426843487 -0.232251340065 0.0479134234899 -0.140449200660 -0.182512340348 0.0818138850293 0.200252116924 0.124277859441 0.262177404152 0.170813176766 0.265549515278 0.319717446592 0.256300937927 0.288451224158 0.327980024742 0.244230218158 0.503950636605 0.328650408848 0.379908077415 -0.00757393671915
# mean_log_rec:
14.2290320512
# rec_dev:
 -2.92315847082 -2.58314698280 -2.14189715010 -1.68149585356 -1.29970035604 -0.952409619126 -0.631080277213 -0.346594256488 0.129893978139 0.413579989632 0.594780110485 0.708764377861 0.633411139636 0.554406638246 0.526287533619 0.569631917282 0.538373565213 0.562120345318 0.576341834051 0.586070867936 0.636050429380 0.735103260010 0.740405055087 0.747662135641 0.662484398157 0.722430773880 0.960842306580 0.960842309979
# log_avg_NatM:
0.223274981540
# m_dev:
 0.00000000000 0.00000000000 0.00000000000 0.00000000000 0.00000000000 0.00000000000 0.00000000000 0.00000000000 0.00000000000 0.00000000000 0.00000000000 0.00000000000 0.00000000000 0.00000000000 0.00000000000 0.00000000000 0.00000000000 0.00000000000 0.00000000000 0.00000000000 0.00000000000 0.00000000000 0.00000000000 0.00000000000 0.00000000000 0.00000000000 0.00000000000 0.00000000000
# log_avg_GrowthK:
-1.19807800000
# log_avg_Linf:
3.45748100000
# GrowthK_dev:
 0.00000000000 0.00000000000 0.00000000000 0.00000000000 0.00000000000 0.00000000000 0.00000000000 0.00000000000 0.00000000000 0.00000000000 0.00000000000 0.00000000000 0.00000000000 0.00000000000 0.00000000000 0.00000000000 0.00000000000 0.00000000000 0.00000000000 0.00000000000 0.00000000000 0.00000000000 0.00000000000 0.00000000000 0.00000000000 0.00000000000 0.00000000000 0.00000000000
# Linf_dev:
 0.00000000000 0.00000000000 0.00000000000 0.00000000000 0.00000000000 0.00000000000 0.00000000000 0.00000000000 0.00000000000 0.00000000000 0.00000000000 0.00000000000 0.00000000000 0.00000000000 0.00000000000 0.00000000000 0.00000000000 0.00000000000 0.00000000000 0.00000000000 0.00000000000 0.00000000000 0.00000000000 0.00000000000 0.00000000000 0.00000000000 0.00000000000 0.00000000000
# SelPars50:
1.05512234464
# SelPars95:
1.17846745271
# SelPars_dev50:
 0.00000000000 0.00000000000 0.00000000000 0.00000000000 0.00000000000 0.00000000000 0.00000000000 0.00000000000 0.00000000000 0.00000000000 0.00000000000 0.00000000000 0.00000000000 0.00000000000 0.00000000000 0.00000000000 0.00000000000 0.00000000000 0.00000000000 0.00000000000 0.00000000000 0.00000000000 0.00000000000 0.00000000000 0.00000000000 0.00000000000 0.00000000000 0.00000000000
# SelPars_dev95:
 0.00000000000 0.00000000000 0.00000000000 0.00000000000 0.00000000000 0.00000000000 0.00000000000 0.00000000000 0.00000000000 0.00000000000 0.00000000000 0.00000000000 0.00000000000 0.00000000000 0.00000000000 0.00000000000 0.00000000000 0.00000000000 0.00000000000 0.00000000000 0.00000000000 0.00000000000 0.00000000000 0.00000000000 0.00000000000 0.00000000000 0.00000000000 0.00000000000
