# Number of parameters = 77 Objective function value = 19557.3817247522  Maximum gradient component = 0.0237160427247405
# srv_sel50:
0.980070361744
# srv_sel95:
1.04720852251
# stNatLen:
 10.7078610692 9.64003582744 8.21488721157 7.23318189957 6.56770258538 6.07800148525 5.69985462284 5.40043448877 5.16082997615 4.96926072715 4.81801019909 4.70188088978 4.61735523994 4.56211857160 4.53479033961
# log_avg_fmort_dir:
0.734525697213
# fmort_dir_dev:
 -0.298860099758 -0.159034566825 -0.224824426177 -0.244151763192 -0.185852063271 -0.131041294591 -0.130138019001 -0.185088141760 -0.197409819515 -0.0829542655394 -0.133923750275 -0.101982734432 -0.0283468623469 -0.0231962708012 0.000706676891054 0.0989378928721 0.0751316288123 0.0345299040917 0.0950073704106 0.154921216731 0.189118933450 0.111317176995 0.237730522498 0.187429847699 0.244803199070 0.232166780574 0.224403793430 0.240599133959
# mean_log_rec:
13.2895974996
# rec_dev:
 -2.30210801166 -1.98753533205 -1.62585233449 -1.40331372864 -1.47636761255 -1.34193450672 -0.889137043874 -0.451207971112 -0.173420294956 0.00651626357882 0.316390094710 0.623881967373 0.756973133760 0.653561097154 0.573550869278 0.499078904148 0.454143251857 0.488299119072 0.516627836647 0.539675975489 0.626549395892 0.778814201423 0.814398723640 0.881281235820 0.822116130436 0.777094755108 0.760961940870 0.760961939801
# log_avg_NatM:
-1.36837500000
# m_dev:
 0.00000000000 0.00000000000 0.00000000000 0.00000000000 0.00000000000 0.00000000000 0.00000000000 0.00000000000 0.00000000000 0.00000000000 0.00000000000 0.00000000000 0.00000000000 0.00000000000 0.00000000000 0.00000000000 0.00000000000 0.00000000000 0.00000000000 0.00000000000 0.00000000000 0.00000000000 0.00000000000 0.00000000000 0.00000000000 0.00000000000 0.00000000000 0.00000000000
# log_avg_GrowthK:
-1.19613400000
# log_avg_Linf:
3.45239700000
# GrowthK_dev:
 0.00000000000 0.00000000000 0.00000000000 0.00000000000 0.00000000000 0.00000000000 0.00000000000 0.00000000000 0.00000000000 0.00000000000 0.00000000000 0.00000000000 0.00000000000 0.00000000000 0.00000000000 0.00000000000 0.00000000000 0.00000000000 0.00000000000 0.00000000000 0.00000000000 0.00000000000 0.00000000000 0.00000000000 0.00000000000 0.00000000000 0.00000000000 0.00000000000
# Linf_dev:
 0.00000000000 0.00000000000 0.00000000000 0.00000000000 0.00000000000 0.00000000000 0.00000000000 0.00000000000 0.00000000000 0.00000000000 0.00000000000 0.00000000000 0.00000000000 0.00000000000 0.00000000000 0.00000000000 0.00000000000 0.00000000000 0.00000000000 0.00000000000 0.00000000000 0.00000000000 0.00000000000 0.00000000000 0.00000000000 0.00000000000 0.00000000000 0.00000000000
# SelPars50:
1.01047937171
# SelPars95:
1.12085149313
# SelPars_dev50:
 0.00000000000 0.00000000000 0.00000000000 0.00000000000 0.00000000000 0.00000000000 0.00000000000 0.00000000000 0.00000000000 0.00000000000 0.00000000000 0.00000000000 0.00000000000 0.00000000000 0.00000000000 0.00000000000 0.00000000000 0.00000000000 0.00000000000 0.00000000000 0.00000000000 0.00000000000 0.00000000000 0.00000000000 0.00000000000 0.00000000000 0.00000000000 0.00000000000
# SelPars_dev95:
 0.00000000000 0.00000000000 0.00000000000 0.00000000000 0.00000000000 0.00000000000 0.00000000000 0.00000000000 0.00000000000 0.00000000000 0.00000000000 0.00000000000 0.00000000000 0.00000000000 0.00000000000 0.00000000000 0.00000000000 0.00000000000 0.00000000000 0.00000000000 0.00000000000 0.00000000000 0.00000000000 0.00000000000 0.00000000000 0.00000000000 0.00000000000 0.00000000000
