# Number of parameters = 77 Objective function value = 19366.1236429583  Maximum gradient component = 0.000244511097612266
# srv_sel50:
0.908740536626
# srv_sel95:
1.04867135045
# stNatLen:
 10.6008751477 9.20405216077 8.00928467548 7.15399102319 6.54107407483 6.08357959981 5.72921089252 5.44847348625 5.22387905153 5.04441495425 4.90282943520 4.79422034759 4.71525578827 4.66372509854 4.63827619716
# log_avg_fmort_dir:
0.487826666483
# fmort_dir_dev:
 -0.195546731776 -0.102277173747 0.0160980551548 0.0763967443410 -0.138542780138 0.0410610595671 0.0923006362762 -0.0885284861433 -0.141501172905 -0.0864126769182 0.0186181972037 -0.0518651496355 -0.122910990070 0.0309496433841 0.0819192689798 0.0771545365182 0.107650077409 0.0910220181213 0.0767767212080 0.128373734353 -0.0618047250343 -0.0202411515558 -0.0908193020707 -0.0463038798432 -0.0944896571816 0.0381977801564 0.0947233114869 0.270002092858
# mean_log_rec:
13.2045513651
# rec_dev:
 -2.16983065117 -2.10792735465 -2.07598892047 -1.76738904056 -1.53438939532 -1.50139434944 -1.18627273554 -0.570492152282 -0.0830013105119 0.134554542223 0.317733872129 0.628666736152 0.929045220020 0.861283258619 0.685430804923 0.653671269237 0.647100782537 0.639204825254 0.625929873160 0.579113533965 0.714010761654 0.743527273143 0.824672358740 0.914930037173 0.984328710961 0.843222274451 0.635129886783 0.635129888826
# log_avg_NatM:
-0.940144300000
# m_dev:
 0.00000000000 0.00000000000 0.00000000000 0.00000000000 0.00000000000 0.00000000000 0.00000000000 0.00000000000 0.00000000000 0.00000000000 0.00000000000 0.00000000000 0.00000000000 0.00000000000 0.00000000000 0.00000000000 0.00000000000 0.00000000000 0.00000000000 0.00000000000 0.00000000000 0.00000000000 0.00000000000 0.00000000000 0.00000000000 0.00000000000 0.00000000000 0.00000000000
# log_avg_GrowthK:
-1.02151300000
# log_avg_Linf:
3.36611700000
# GrowthK_dev:
 0.00000000000 0.00000000000 0.00000000000 0.00000000000 0.00000000000 0.00000000000 0.00000000000 0.00000000000 0.00000000000 0.00000000000 0.00000000000 0.00000000000 0.00000000000 0.00000000000 0.00000000000 0.00000000000 0.00000000000 0.00000000000 0.00000000000 0.00000000000 0.00000000000 0.00000000000 0.00000000000 0.00000000000 0.00000000000 0.00000000000 0.00000000000 0.00000000000
# Linf_dev:
 0.00000000000 0.00000000000 0.00000000000 0.00000000000 0.00000000000 0.00000000000 0.00000000000 0.00000000000 0.00000000000 0.00000000000 0.00000000000 0.00000000000 0.00000000000 0.00000000000 0.00000000000 0.00000000000 0.00000000000 0.00000000000 0.00000000000 0.00000000000 0.00000000000 0.00000000000 0.00000000000 0.00000000000 0.00000000000 0.00000000000 0.00000000000 0.00000000000
# SelPars50:
0.821021243401
# SelPars95:
1.57476803495
# SelPars_dev50:
 0.00000000000 0.00000000000 0.00000000000 0.00000000000 0.00000000000 0.00000000000 0.00000000000 0.00000000000 0.00000000000 0.00000000000 0.00000000000 0.00000000000 0.00000000000 0.00000000000 0.00000000000 0.00000000000 0.00000000000 0.00000000000 0.00000000000 0.00000000000 0.00000000000 0.00000000000 0.00000000000 0.00000000000 0.00000000000 0.00000000000 0.00000000000 0.00000000000
# SelPars_dev95:
 0.00000000000 0.00000000000 0.00000000000 0.00000000000 0.00000000000 0.00000000000 0.00000000000 0.00000000000 0.00000000000 0.00000000000 0.00000000000 0.00000000000 0.00000000000 0.00000000000 0.00000000000 0.00000000000 0.00000000000 0.00000000000 0.00000000000 0.00000000000 0.00000000000 0.00000000000 0.00000000000 0.00000000000 0.00000000000 0.00000000000 0.00000000000 0.00000000000
