#Simulated generalized assessment 
# 
#start/end year 
73 100 
#number of ages 
15 
#ages 
1 2 3 4 5 6 7 8 9 10 11 12 13 14 15 
#Number of length bins 
25 
#CPUE years 
28 
#years for CPUE 
73 74 75 76 77 78 79 80 81 82 83 84 85 86 87 88 89 90 91 92 93 94 95 96 97 98 99 100 
#survey years 
28 
#years for survey 
73 74 75 76 77 78 79 80 81 82 83 84 85 86 87 88 89 90 91 92 93 94 95 96 97 98 99 100 
#length freq from catch years 
28 
#years for length freq catch 
73 74 75 76 77 78 79 80 81 82 83 84 85 86 87 88 89 90 91 92 93 94 95 96 97 98 99 100 
#catch length sample sizes 
200 200 200 200 200 200 200 200 200 200 200 200 200 200 200 200 200 200 200 200 200 200 200 200 200 200 200 200 
#length freq from survey years 
28 
#years for length freq survey 
73 74 75 76 77 78 79 80 81 82 83 84 85 86 87 88 89 90 91 92 93 94 95 96 97 98 99 100 
#survey sample sizes 
200 200 200 200 200 200 200 200 200 200 200 200 200 200 200 200 200 200 200 200 200 200 200 200 200 200 200 200 
#total survey biomass 
5121.607 10639.49 10755.73 9660.699 18764.19 21666.02 23837.87 27136.31 53766.81 48175.92 133546.1 112764.4 139580.6 145365.2 161862 120870.4 152513.9 121386.6 99881.31 127612.8 173448.2 143321.1 205612 151993.8 204223.4 187520.4 215084.9 136812.8 
#survey CV 
0.2 0.2 0.2 0.2 0.2 0.2 0.2 0.2 0.2 0.2 0.2 0.2 0.2 0.2 0.2 0.2 0.2 0.2 0.2 0.2 0.2 0.2 0.2 0.2 0.2 0.2 0.2 0.2 
#total CPUE 
3260.73 4318.087 6861.529 7380.39 13489.67 14033.35 14143.94 27906.32 31965.52 56406.04 70847.68 58649.37 114224.8 124328.3 124872.9 77380.74 116922.6 118318.4 97959.35 103300.8 110794.3 91390.46 130576.8 164516.5 108558.1 144240.4 118331.5 155615.8 
#CPUE CV 
0.2 0.2 0.2 0.2 0.2 0.2 0.2 0.2 0.2 0.2 0.2 0.2 0.2 0.2 0.2 0.2 0.2 0.2 0.2 0.2 0.2 0.2 0.2 0.2 0.2 0.2 0.2 0.2 
#total catch biomass 
2880.459 2417.883 5220.781 5874.669 7740.805 11156.67 14512.06 15647.91 26262.66 34673.25 42006.91 65148.32 75549.37 85790.1 96100.84 105834.4 74419.14 84131.53 78144.91 84907.25 83605.02 83123.38 107221.2 94630.34 112251.2 108844 105317.7 118225.9 
#catch CV 
0.1 0.1 0.1 0.1 0.1 0.1 0.1 0.1 0.1 0.1 0.1 0.1 0.1 0.1 0.1 0.1 0.1 0.1 0.1 0.1 0.1 0.1 0.1 0.1 0.1 0.1 0.1 0.1 
#Length Bins 
0.6062379 1.818714 3.03119 4.243665 5.456141 6.668617 7.881093 9.093569 10.30604 11.51852 12.731 13.94347 15.15595 16.36842 17.5809 18.79338 20.00585 21.21833 22.4308 23.64328 24.85575 26.06823 27.28071 28.49318 29.70566 
#catch length counts 
7.516801e-07 3.535541e-05 0.001151503 0.0259693 0.4055482 4.385442 32.83831 170.2845 611.67 1523.656 2643.478 3248.503 3001.492 2446.799 2136.588 1910.851 1469.707 924.7274 505.6035 255.9099 119.0023 48.93333 17.43048 5.305289 1.350753 
7.515429e-07 3.534896e-05 0.001151292 0.02596456 0.4054741 4.384641 32.83229 170.253 611.553 1523.325 2642.633 3246.189 2995.254 2433.145 2114.24 1883.144 1441.797 899.9939 485.991 242.571 111.4558 45.37093 16.0123 4.830405 1.218845 
1.752647e-06 8.243608e-05 0.002684889 0.06055103 0.9455908 10.22521 76.56525 397.0038 1425.649 3547.235 6126.831 7399.937 6425.456 4397.4 2897.327 2103.516 1487.009 906.106 484.5153 239.7913 109.0691 43.86018 15.27298 4.548542 1.134825 
1.700929e-06 8.000352e-05 0.002605662 0.05876429 0.9176893 9.923541 74.30778 385.3271 1384.126 3447.945 5982.847 7355.86 6807.261 5564.964 4851.679 4263.21 3120.463 1758.55 791.5763 315.58 121.342 44.74892 15.02437 4.393479 1.081127 
2.987776e-06 0.0001405306 0.004576989 0.1032227 1.61197 17.43116 130.5231 676.795 2430.533 6048.999 10457.88 12678.02 11161.17 7969.938 5693.424 4434.511 3227.369 1973.99 1037.313 487.5123 200.6593 69.37273 20.10832 5.038634 1.108991 
3.832654e-06 0.0001802696 0.005871262 0.1324118 2.067801 22.36036 167.4337 868.2088 3118.277 7763.896 13445.03 16404.57 14780.61 11272.15 8938.099 7429.874 5379.335 3083.77 1448.577 612.5162 245.3843 89.95237 28.49352 7.504454 1.607753 
4.442349e-06 0.0002089467 0.006805257 0.1534758 2.396745 25.91745 194.0694 1006.332 3614.461 9000.262 15592.7 19056.16 17270.38 13385.06 10884.67 9245.566 6835.321 4052.593 2003.639 885.6583 354.0714 123.4203 36.8027 9.411424 2.042751 
5.102289e-06 0.0002399871 0.007816222 0.1762756 2.752797 29.76765 222.8997 1155.83 4151.429 10337.47 17910.19 21892.3 19853.4 15414.54 12572.67 10715.41 7963.037 4772.876 2410.444 1100.644 457.4692 165.7295 50.78309 13.02714 2.768272 
7.583496e-06 0.0003566911 0.01161719 0.2619971 4.091461 44.24336 331.2917 1717.85 6169.493 15357.15 26569.46 32299.93 28725.11 21126.6 15854.85 12764.92 9295.571 5549.83 2810.729 1293.566 545.1467 201.8046 63.70507 16.90762 3.704729 
1.196607e-05 0.0005628264 0.01833089 0.4134079 6.455956 69.812 522.7474 2710.59 9734.585 24229.04 41902.62 50863.91 44987.83 32558.01 23749.3 18631.04 13267.95 7660.53 3674.036 1587.519 639.7575 232.693 73.58965 19.80018 4.432059 
1.462547e-05 0.0006879114 0.02240482 0.5052855 7.89076 85.32751 638.9305 3313.116 11899.65 29629.64 51323.54 62681.06 56669.22 43623.45 35083.09 29464.64 21461 12372.11 5833.947 2442.368 942.57 325.8307 97.8066 25.22606 5.514402 
1.988833e-05 0.0009354512 0.03046703 0.6871087 10.73019 116.0319 868.841 4505.236 16180.51 40280.46 69715.43 84874.33 75875.75 56638.57 43526.92 35620.13 26036.8 15464.84 7714.59 3450.54 1391.489 485.0414 142.6001 35.35906 7.373404 
2.812663e-05 0.001322941 0.04308732 0.9717282 15.17493 164.0955 1228.739 6371.43 22882.92 56965.61 98592.57 120027 107288.6 80049.75 61431.4 50105.85 36361.69 21289.29 10396.59 4577.794 1859.665 669.8307 205.9752 53.02499 11.22917 
3.216016e-05 0.001512659 0.04926631 1.11108 17.35112 187.6281 1404.957 7285.312 26167.04 65160.25 112905.2 138062.9 125376.8 97683.54 79994.18 68132.99 50194.21 29455.49 14328.88 6250.967 2505.103 889.8206 271.6538 70.39932 15.22902 
2.840501e-05 0.001336035 0.04351378 0.9813462 15.32514 165.7203 1240.92 6434.888 23115.06 57585.34 99950.77 123026.8 114302.3 94424.12 83680.34 74989.04 56758.84 34264.71 17380.32 7944.658 3287.606 1181.419 359.7812 92.41765 19.82603 
2.193566e-05 0.001031748 0.03360334 0.7578407 11.83478 127.9771 958.3039 4969.495 17853.06 44495.26 77359.14 95825.27 90963.42 79100.34 74611.91 69568.69 54196.83 34106.84 18454.31 9084.448 4006.573 1515.637 481.8489 127.8434 27.92881 
2.426207e-05 0.001141171 0.03716719 0.8382143 13.08992 141.5493 1059.92 5496.177 19741.29 49162.88 85212.16 104323.7 95147.64 75051.61 62826.2 55087.67 42651.08 27594.8 15734.3 8251.182 3877.897 1566.399 533.0969 150.8241 34.77896 
2.374878e-05 0.001117028 0.03638087 0.8204809 12.813 138.5548 1037.502 5380.008 19325.2 48138.16 83514.46 102613.3 94757.38 77112.63 67088.66 59596.74 45209.27 27692.61 14569.62 7148.564 3303.537 1374.656 494.7367 149.3948 36.77931 
2.197111e-05 0.001033415 0.03365765 0.7590655 11.85391 128.1836 959.8441 4977.347 17879.36 44541.85 77310.94 95159.19 88412.29 73063.34 64878.35 58487.57 44916.58 27977.96 14986.09 7356.513 3296.559 1304.244 449.8345 134.1729 33.73153 
2.086955e-05 0.0009816031 0.03197017 0.7210084 11.25959 121.7569 911.7203 4727.791 16982.83 42307.54 73427.07 90351.68 83861.15 69139.66 61250.85 55249.27 42645.5 26881.26 14692.88 7389.196 3379.199 1350.14 462.4838 134.6912 32.85474 
2.520815e-05 0.00118567 0.03861648 0.8708995 13.60035 147.0688 1101.249 5710.455 20510.53 51074.44 88497.24 108212.6 98264.99 76598.02 62964.67 54312.16 41292.47 25938.93 14199.66 7187.831 3328.732 1354.152 473.0269 139.779 34.22861 
2.63964e-05 0.00124156 0.04043678 0.9119519 14.24145 154.0015 1153.166 5979.76 21479.14 53499.69 92789.93 113886.7 104774.3 84458.95 72566.02 63954.62 48299.2 29408.88 15282.3 7334.989 3288.535 1324.458 464.6473 138.9673 34.54346 
2.675597e-05 0.001258472 0.0409876 0.9243744 14.43544 156.0994 1168.877 6061.282 21772.69 54238.01 94119.29 115748.4 107224.6 87965.63 77396.97 69403.14 53186 33080.35 17678.53 8641.17 3841.249 1497.913 505.2365 146.6798 35.97482 
2.887614e-05 0.001358194 0.0442355 0.9976227 15.57932 168.4687 1261.496 6541.49 23496.64 58522.65 101486.9 124491.8 114315.1 91739.55 78486.33 69361.6 53131.83 33370.38 18179.68 9113.063 4155.135 1653.88 562.8214 162.0898 38.89263 
2.986639e-05 0.001404771 0.04575247 1.031834 16.11358 174.2461 1304.76 6765.891 24303.46 60539.85 105037.5 129093.8 119326.3 97360.27 85060.39 75945.78 58087.67 36114.1 19373.27 9601.617 4383.972 1769.889 615.348 181.0258 44.06772 
2.88315e-05 0.001356095 0.04416712 0.9960806 15.55524 168.2085 1259.552 6531.519 23462.33 58452.03 101465.8 124942.6 116251.4 96417.61 86036.96 77878.91 60099.07 37773.46 20546.69 10287.17 4699.969 1886.567 653.1238 192.7619 47.45425 
2.747515e-05 0.001292299 0.04208932 0.9492209 14.82346 160.2954 1200.3 6224.301 22359.3 55709.39 96741.55 119297.9 111550.8 93650.82 84873.21 77651.48 60465.25 38533.28 21406.47 10970.79 5111.222 2081.446 727.1124 215.3609 53.04436 
2.251572e-05 0.001059031 0.03449194 0.7778809 12.14774 131.3613 983.6464 5100.935 18325.56 45675.76 79431.32 98485.37 93787.15 82170.63 78244.1 73569.12 57999.43 37370.4 21080.34 11007.3 5232.034 2176.877 777.1699 234.5898 58.58892 
#survey length counts 
1.589135e-06 7.474527e-05 0.002434404 0.05490198 0.8573732 9.27128 69.42288 359.9807 1292.859 3218.418 5569.734 6778.268 6051.644 4501.819 3446.06 2827.547 2099.803 1296.073 694.7554 344.6647 157.7417 64.08059 22.59117 6.810918 1.717971 
3.683379e-06 0.0001732484 0.005642586 0.1272546 1.987261 21.48936 160.9093 834.328 2995.89 7452.267 12858.2 15466.46 13223.56 8602.202 5070.54 3273.683 2183.3 1303.426 690.3978 339.4886 153.8013 61.72046 21.46914 6.38993 1.593657 
3.530529e-06 0.0001660591 0.005408435 0.1219739 1.904798 20.5977 154.2347 799.7605 2872.351 7150.738 12377.4 15074.56 13494.2 10105.57 7785.335 6324.235 4498.928 2511.478 1124.005 445.2842 170.2236 62.55348 20.96693 6.126443 1.506967 
6.216736e-06 0.0002924053 0.009523448 0.2147778 3.354062 36.26936 271.5806 1408.183 5056.692 12580.62 21721.15 26195.58 22619.29 15204.95 9650.75 6753.857 4685.943 2818.94 1469.162 686.4045 281.4628 97.1106 28.11533 7.039232 1.548427 
7.848946e-06 0.0003691766 0.01202384 0.271168 4.234676 45.79199 342.8865 1777.947 6384.968 15889.96 27467.05 33276.74 29224.4 20705.4 14537.46 11036.92 7709.214 4366.533 2037.483 856.066 341.2005 124.7125 39.44951 10.38285 2.223559 
9.095156e-06 0.0004277923 0.01393291 0.3142225 4.907034 53.06259 397.3286 2060.252 7398.922 18414.71 31840.65 38619.77 34060.93 24446.29 17588.98 13685.24 9778.482 5729.741 2813.572 1236.274 492.1016 171.1148 50.9576 13.0209 2.824787 
1.046958e-05 0.0004924385 0.0160384 0.3617065 5.648564 61.08119 457.3714 2371.591 8517.036 21197.67 36653.66 44462.4 39229.99 28192.42 20337.46 15877.98 11404.61 6755.02 3387.701 1537.599 636.3878 230.0167 70.39788 18.04632 3.83318 
1.548058e-05 0.0007281317 0.02371477 0.534828 8.352103 90.31604 676.277 3506.619 12592.45 31333.07 54126.43 65408.87 56908.78 39184.97 26102.16 19048.9 13309.93 7834.357 3937.839 1801.257 755.9125 279.1898 88.03035 23.34807 5.113859 
2.480614e-05 0.001166761 0.03800065 0.8570107 13.38344 144.7228 1083.667 5618.987 20177.71 50203.41 86699.32 104654.4 90673.4 61599.72 39890.02 28230.42 19226.91 10934.88 5204.556 2234.284 895.9801 324.9816 102.633 27.59414 6.174007 
2.993711e-05 0.001408097 0.0458608 1.034277 16.15172 174.6578 1307.824 6781.394 24353.63 60610.36 104787.9 127037.9 111845.1 79839.53 56834.62 43676.04 30726.81 17507.91 8201.753 3412.701 1310.629 451.7649 135.4078 34.89541 7.624382 
4.13429e-05 0.001944571 0.0633334 1.428328 22.30539 241.2009 1806.089 9364.932 33630.47 83685.72 144597.2 174898.3 152688.7 106254.7 72244.06 53658.3 37690.36 22082.27 10934.05 4860.495 1951.564 678.6315 199.2589 49.36987 10.28987 
5.789027e-05 0.002722879 0.08868238 2.000012 31.23304 337.7407 2528.97 13113.22 47090.99 117181 202474 244911.3 213834.1 148840.6 101187.3 74987.05 52318.58 30224.32 14653.38 6411.823 2592.695 931.4597 286.0548 73.58761 15.57706 
6.590529e-05 0.003099867 0.1009606 2.276918 35.55733 384.502 2879.123 14929.03 53614.51 133441.2 230755.2 279995.7 247299.5 178236.8 129123.3 100843.3 71850.03 41683.1 20141.63 8733.378 3483.907 1234.284 376.3099 97.44759 21.07064 
5.958646e-05 0.00280266 0.09128079 2.058613 32.1482 347.6375 2603.096 13498 48478.81 120693.8 208949.7 254661 228554 172493.1 134882.3 111792.5 82244.83 49143.9 24759.84 11249.34 4635.167 1661.747 505.4256 129.7333 27.81815 
4.575588e-05 0.002152136 0.07009367 1.58079 24.68631 266.948 1998.906 10365.25 37230.12 92716.19 160700.5 196736.8 179405 141403.4 118023.9 102676.3 78061.63 48663.73 26153.62 12801.27 5624.989 2123.711 674.4579 178.8318 39.0519 
5.087241e-05 0.002392793 0.0779317 1.757557 27.44677 296.7979 2222.402 11523.79 41385.75 103009.6 178161.8 216327.4 191560.1 139215.8 102717.8 82537.75 61793.79 39487.71 22346.11 11652.84 5458.211 2200.924 748.3493 211.6054 48.7778 
5.001446e-05 0.002352439 0.0766174 1.727916 26.98389 291.7927 2184.93 11329.6 40690.01 101294.3 175307 213387.7 190644.3 142073.3 108963.1 89243.78 65694.56 39802.58 20789.96 10136.05 4664.219 1936.616 696.2471 210.1277 51.71476 
4.678721e-05 0.002200645 0.07167357 1.61642 25.24273 272.9645 2043.948 10598.61 38065.39 94767.6 164060 199926.5 179358.2 135246 105754.3 88050.79 65681.15 40471.89 21522.42 10501.06 4686.883 1850.35 637.4572 190.009 47.75041 
4.482002e-05 0.002108118 0.06866002 1.548457 24.18138 261.4876 1958.008 10152.97 36464.7 90780.88 157147.2 191450.6 171589.5 129054.5 100561 83673.56 62697.14 39083.34 21204.57 10599.4 4828.533 1925.312 658.7991 191.7438 46.75333 
5.43461e-05 0.002556179 0.08325306 1.877567 29.3209 317.0638 2374.15 12310.59 44210.68 110033.5 190260.3 230781.5 203591.7 146289.4 105693.9 83163.38 61001.96 37825.32 20543.71 10334.7 4767.339 1935.455 675.3698 199.4499 48.82289 
5.777323e-05 0.002717374 0.08850309 1.995969 31.16991 337.0585 2523.875 13087.09 47001.22 116997.7 202431.3 246153.7 219111.8 161584 121825.7 98498.29 72024.11 43345.77 22354.6 10658.17 4756.673 1911.14 669.6596 200.1518 49.73362 
5.808048e-05 0.002731826 0.08897378 2.006584 31.33569 338.8513 2537.303 13156.79 47252.66 117634.5 203608 247937.7 221842.4 166045.8 128338.2 105980.2 78785.04 48453.89 25702.47 12484.98 5527.164 2150.619 724.5366 210.2005 51.53243 
6.350936e-05 0.002987174 0.0972903 2.194143 34.26468 370.524 2774.462 14386.43 51667.35 128609.3 222498.1 270442.7 240379.8 176567.1 132442.8 107206.9 79442.43 49288.55 26642.33 13270.92 6026.559 2393.719 813.6861 234.1848 56.16902 
6.584863e-05 0.003097202 0.1008738 2.274961 35.52678 384.1719 2876.66 14916.44 53571.97 133361.6 230796.7 280892.9 250835.9 186704.8 143021.9 117328.2 86962.71 53440.78 28448.14 14007.91 6368.7 2565.463 890.9351 261.9314 63.73871 
6.467737e-05 0.003042112 0.09907958 2.234495 34.89485 377.3387 2825.497 14651.22 52620.45 131003 226784.4 276337.1 247824.4 186710.7 145851.2 121500.7 90949.86 56510.51 30500.14 15171.99 6902.854 2764.736 956.0334 281.9722 69.38825 
6.175123e-05 0.00290448 0.09459701 2.133402 33.31614 360.2672 2697.669 13988.44 50240.87 125086.8 216597.1 264181.2 237753.3 180890.1 143531.7 121095.7 91554.4 57687.64 31797.87 16193.06 7514.19 3053.666 1065.564 315.4023 77.65475 
5.07042e-05 0.002384881 0.07767402 1.751746 27.35604 295.8174 2215.08 11486.21 41256.38 102742.8 178077.5 218003.8 198782.3 156674.1 130897.7 114324.5 87808.4 55987.49 31340.67 16262.46 7699.934 3197.27 1140.252 343.9751 85.8763 
5.431516e-05 0.002554723 0.08320566 1.876498 29.30421 316.8837 2372.809 12303.79 44188.55 110001 190357.7 231626.3 206694.1 153619.5 117731.2 97565.49 74451.47 48563.75 28288.64 15278.54 7454.198 3167.899 1154.663 356.0223 90.78067 
