# Number of parameters = 79 Objective function value = 20493.1248465675  Maximum gradient component = 0.000472186929865437
# srv_sel50:
0.993640683462
# srv_sel95:
1.00282082559
# stNatLen:
 10.5946109511 9.13324148458 7.91751205388 7.05402009445 6.43650943104 5.97595344603 5.61937898586 5.33698927243 5.11113208420 4.93069614172 4.78836672607 4.67920025126 4.59983732752 4.54804965391 4.52247476507
# log_avg_fmort_dir:
0.0328947513099
# fmort_dir_dev:
 0.131086222700 0.343030366088 0.487997643905 0.546091621517 0.367306448194 0.496329626863 0.579632118291 0.397006185374 0.197504952975 0.280654911479 0.362965102740 0.479718562249 0.312708896160 0.344086097111 0.494579584929 0.483745036567 0.449640034865 0.491095570037 0.452502609033 0.454879542626 0.447404957556 0.369801599235 0.403680783890 0.321183751523 0.342883265395 0.353028427664 0.334714497891 0.413750099675 -11.1390085165
# mean_log_rec:
13.2219823662
# rec_dev:
 -2.12593145657 -2.09460649308 -2.12071080792 -1.79696619541 -1.42503891983 -1.40331897546 -1.16380558282 -0.589321980679 -0.182185450305 0.0833877593687 0.373683538065 0.568159844906 0.861003953967 0.848578106197 0.689399850680 0.666114476638 0.691638225934 0.629894292239 0.580427753937 0.604209664491 0.664633653083 0.763180520780 0.768050753972 0.890091076885 0.922334340854 0.840278697721 0.657937551567 0.399440900244 0.399440900542
# log_avg_NatM:
-0.940144300000
# m_dev:
 0.00000000000 0.00000000000 0.00000000000 0.00000000000 0.00000000000 0.00000000000 0.00000000000 0.00000000000 0.00000000000 0.00000000000 0.00000000000 0.00000000000 0.00000000000 0.00000000000 0.00000000000 0.00000000000 0.00000000000 0.00000000000 0.00000000000 0.00000000000 0.00000000000 0.00000000000 0.00000000000 0.00000000000 0.00000000000 0.00000000000 0.00000000000 0.00000000000 0.00000000000
# log_avg_GrowthK:
-1.02151300000
# log_avg_Linf:
3.36611700000
# GrowthK_dev:
 0.00000000000 0.00000000000 0.00000000000 0.00000000000 0.00000000000 0.00000000000 0.00000000000 0.00000000000 0.00000000000 0.00000000000 0.00000000000 0.00000000000 0.00000000000 0.00000000000 0.00000000000 0.00000000000 0.00000000000 0.00000000000 0.00000000000 0.00000000000 0.00000000000 0.00000000000 0.00000000000 0.00000000000 0.00000000000 0.00000000000 0.00000000000 0.00000000000 0.00000000000
# Linf_dev:
 0.00000000000 0.00000000000 0.00000000000 0.00000000000 0.00000000000 0.00000000000 0.00000000000 0.00000000000 0.00000000000 0.00000000000 0.00000000000 0.00000000000 0.00000000000 0.00000000000 0.00000000000 0.00000000000 0.00000000000 0.00000000000 0.00000000000 0.00000000000 0.00000000000 0.00000000000 0.00000000000 0.00000000000 0.00000000000 0.00000000000 0.00000000000 0.00000000000 0.00000000000
# SelPars50:
0.957525677636
# SelPars95:
1.10141507471
# SelPars_dev50:
 0.00000000000 0.00000000000 0.00000000000 0.00000000000 0.00000000000 0.00000000000 0.00000000000 0.00000000000 0.00000000000 0.00000000000 0.00000000000 0.00000000000 0.00000000000 0.00000000000 0.00000000000 0.00000000000 0.00000000000 0.00000000000 0.00000000000 0.00000000000 0.00000000000 0.00000000000 0.00000000000 0.00000000000 0.00000000000 0.00000000000 0.00000000000 0.00000000000 0.00000000000
# SelPars_dev95:
 0.00000000000 0.00000000000 0.00000000000 0.00000000000 0.00000000000 0.00000000000 0.00000000000 0.00000000000 0.00000000000 0.00000000000 0.00000000000 0.00000000000 0.00000000000 0.00000000000 0.00000000000 0.00000000000 0.00000000000 0.00000000000 0.00000000000 0.00000000000 0.00000000000 0.00000000000 0.00000000000 0.00000000000 0.00000000000 0.00000000000 0.00000000000 0.00000000000 0.00000000000
