# Number of parameters = 109 Objective function value = 22388.0130485709  Maximum gradient component = 0.000602628983556730
# srv_sel50:
1.99331256180
# srv_sel95:
3.42625256558
# stNatLen:
 11.2698245616 10.8156669558 9.32691449329 8.11335595156 7.28634639831 6.70269576302 6.26416631306 5.92289246778 5.65294729282 5.43885769688 5.27079269506 5.14227627255 5.04899715563 4.98815265539 4.95807978793
# log_avg_fmort_dir:
0.850256369931
# fmort_dir_dev:
 -0.303474161932 -0.551993088662 -0.728049558889 -0.739699230004 -0.407659438364 -0.348917585643 -0.345346030297 -0.300969737300 -0.253884251032 -0.192371071166 -0.170335965452 -0.0457300280862 0.0973272082163 0.0676362605120 0.185759957474 0.161929368662 0.218099064905 0.117772635368 0.409598791290 0.259479422394 0.222780396842 0.202926888803 0.180711471226 0.0800391798198 0.181257409438 0.418613821617 0.611533502342 0.555744851925 0.417219915993
# mean_log_rec:
14.6535470615
# rec_dev:
 -2.53784695558 -1.74612002701 -1.52134693039 -1.34362361735 -1.22436858560 -0.876626045800 -0.782894180424 -0.343508776657 0.00657594431085 0.0491309262102 0.336477104378 0.523614482367 0.495258172795 0.193799374173 0.311441191417 0.327179550398 0.368164511965 0.249601090296 0.255148710982 0.644183442334 0.706451478957 0.719064152698 1.07963252558 1.10026393839 0.874548178066 0.381208295775 0.363535349337 0.695528335053 0.695528363331
# log_avg_NatM:
0.213438674954
# m_dev:
 -1.00033338974 -0.551601631956 -0.223692474573 -0.154872867017 -0.0189988592022 -0.315073691106 0.00473601102705 -0.198600792191 0.0978047708981 0.126439342123 0.0208633445860 0.177099961967 0.0430370349842 0.0299540487647 -0.146315029053 0.0414799642667 0.0646230380981 0.190500059504 0.0237454041159 -0.00907407986867 0.224165914138 0.263484133610 0.164576316831 0.342237561250 0.338758048388 0.377912634721 0.125986087249 -0.0954406633117 0.0565998014932
# log_avg_GrowthK:
-1.18630400000
# log_avg_Linf:
3.44583300000
# GrowthK_dev:
 0.00000000000 0.00000000000 0.00000000000 0.00000000000 0.00000000000 0.00000000000 0.00000000000 0.00000000000 0.00000000000 0.00000000000 0.00000000000 0.00000000000 0.00000000000 0.00000000000 0.00000000000 0.00000000000 0.00000000000 0.00000000000 0.00000000000 0.00000000000 0.00000000000 0.00000000000 0.00000000000 0.00000000000 0.00000000000 0.00000000000 0.00000000000 0.00000000000 0.00000000000
# Linf_dev:
 0.00000000000 0.00000000000 0.00000000000 0.00000000000 0.00000000000 0.00000000000 0.00000000000 0.00000000000 0.00000000000 0.00000000000 0.00000000000 0.00000000000 0.00000000000 0.00000000000 0.00000000000 0.00000000000 0.00000000000 0.00000000000 0.00000000000 0.00000000000 0.00000000000 0.00000000000 0.00000000000 0.00000000000 0.00000000000 0.00000000000 0.00000000000 0.00000000000 0.00000000000
# SelPars50:
1.97593976188
# SelPars95:
3.11386869380
# SelPars_dev50:
 0.00000000000 0.00000000000 0.00000000000 0.00000000000 0.00000000000 0.00000000000 0.00000000000 0.00000000000 0.00000000000 0.00000000000 0.00000000000 0.00000000000 0.00000000000 0.00000000000 0.00000000000 0.00000000000 0.00000000000 0.00000000000 0.00000000000 0.00000000000 0.00000000000 0.00000000000 0.00000000000 0.00000000000 0.00000000000 0.00000000000 0.00000000000 0.00000000000 0.00000000000
# SelPars_dev95:
 0.00000000000 0.00000000000 0.00000000000 0.00000000000 0.00000000000 0.00000000000 0.00000000000 0.00000000000 0.00000000000 0.00000000000 0.00000000000 0.00000000000 0.00000000000 0.00000000000 0.00000000000 0.00000000000 0.00000000000 0.00000000000 0.00000000000 0.00000000000 0.00000000000 0.00000000000 0.00000000000 0.00000000000 0.00000000000 0.00000000000 0.00000000000 0.00000000000 0.00000000000
