# Number of parameters = 106 Objective function value = 26647.5102470684  Maximum gradient component = 0.000997142620733788
# srv_sel50:
3.85622861612
# srv_sel95:
10.5037472520
# stNatLen:
 12.9120125287 12.1542573007 11.3750204332 10.6227683783 9.97830748770 9.45711064815 9.04053172448 8.70685028007 8.43910551040 8.22518895747 8.05662137408 7.92748961100 7.83371862053 7.77261786536 7.74256982235
# log_avg_fmort_dir:
-0.360488937674
# fmort_dir_dev:
 0.277106707588 -0.390267749522 -0.658085082055 -0.923333924090 -0.753344313364 -0.772718894740 -0.534128349034 -0.476843371212 -0.234481038413 0.0600976711407 0.205015138295 0.103954309276 0.349728910417 0.200725134891 0.440862267775 0.321702107642 0.191330913232 0.415437011543 0.330429964333 0.408553995704 0.268873690518 0.179017850183 0.351297820235 0.381185607951 0.299203920187 -0.137880973700 -0.00316207936866 0.0997227545881
# mean_log_rec:
15.4082320443
# rec_dev:
 -3.08732827433 -4.06475180072 -2.23850325566 -0.885339467786 -0.668526188745 -0.243039433509 -0.0667057409979 0.239197556749 0.310449758973 0.283455098106 0.341756850727 0.529272262072 0.579874956289 0.597468798753 0.595503130117 0.548064397327 0.474856066366 0.320300393444 0.562162238530 0.447781361633 0.668058514277 0.452081532530 0.578136592840 0.529833330306 0.633425597993 0.902614177946 0.829950773000 0.829950773771
# log_avg_NatM:
-0.0253968533010
# m_dev:
 -0.809197344486 -0.962683676301 -0.837957210677 -0.299256820532 -0.0927193652142 0.0233551341439 0.140701350535 -0.0233444236024 0.0792412686906 0.209549944542 0.110407316773 0.0349068363337 0.164702290873 0.182703547902 0.0819149467898 0.292884392928 0.226911379299 0.147739687792 -0.128658500303 0.253108186824 0.00836454826753 0.356569939249 0.0726217443113 0.142841491217 0.0365039599278 0.0758324864880 0.277976440508 0.234980447720
# log_avg_GrowthK:
-1.02151300000
# log_avg_Linf:
3.36611700000
# GrowthK_dev:
 0.00000000000 0.00000000000 0.00000000000 0.00000000000 0.00000000000 0.00000000000 0.00000000000 0.00000000000 0.00000000000 0.00000000000 0.00000000000 0.00000000000 0.00000000000 0.00000000000 0.00000000000 0.00000000000 0.00000000000 0.00000000000 0.00000000000 0.00000000000 0.00000000000 0.00000000000 0.00000000000 0.00000000000 0.00000000000 0.00000000000 0.00000000000 0.00000000000
# Linf_dev:
 0.00000000000 0.00000000000 0.00000000000 0.00000000000 0.00000000000 0.00000000000 0.00000000000 0.00000000000 0.00000000000 0.00000000000 0.00000000000 0.00000000000 0.00000000000 0.00000000000 0.00000000000 0.00000000000 0.00000000000 0.00000000000 0.00000000000 0.00000000000 0.00000000000 0.00000000000 0.00000000000 0.00000000000 0.00000000000 0.00000000000 0.00000000000 0.00000000000
# SelPars50:
3.29264370834
# SelPars95:
8.08001191365
# SelPars_dev50:
 0.00000000000 0.00000000000 0.00000000000 0.00000000000 0.00000000000 0.00000000000 0.00000000000 0.00000000000 0.00000000000 0.00000000000 0.00000000000 0.00000000000 0.00000000000 0.00000000000 0.00000000000 0.00000000000 0.00000000000 0.00000000000 0.00000000000 0.00000000000 0.00000000000 0.00000000000 0.00000000000 0.00000000000 0.00000000000 0.00000000000 0.00000000000 0.00000000000
# SelPars_dev95:
 0.00000000000 0.00000000000 0.00000000000 0.00000000000 0.00000000000 0.00000000000 0.00000000000 0.00000000000 0.00000000000 0.00000000000 0.00000000000 0.00000000000 0.00000000000 0.00000000000 0.00000000000 0.00000000000 0.00000000000 0.00000000000 0.00000000000 0.00000000000 0.00000000000 0.00000000000 0.00000000000 0.00000000000 0.00000000000 0.00000000000 0.00000000000 0.00000000000
