# Number of parameters = 80 Objective function value = 19319.8261509345  Maximum gradient component = 0.0391647605049981
# srv_sel50:
1.14781635978
# srv_sel95:
2.04637251038
# stNatLen:
 11.4184244292 9.66698849263 8.12411698708 7.08670715408 6.36253843102 5.81992495435 5.39675617918 5.05980049742 4.78925623066 4.57248327211 4.40106096696 4.26925929706 4.17318821536 4.11030661497 4.07913960681
# log_avg_fmort_dir:
0.661835020097
# fmort_dir_dev:
 -1.03928075868 -0.317603644299 -0.133177860401 -0.0955938960376 -0.550739969289 -0.248764284025 -0.0523722442538 -0.253996937429 -0.173569629000 -0.232489762849 -0.112986507568 -0.162772337358 -0.0128475888581 0.0838112592536 0.0776337160146 0.101380558769 0.157217969230 0.118046439508 0.163532610760 0.118953177320 0.215750591348 0.194111694282 0.275834158877 0.150612330726 0.245120449017 0.266498326328 0.301066763180 0.274505548139 0.642119827289
# mean_log_rec:
14.3052400712
# rec_dev:
 -2.25801527078 -1.98202631623 -1.80967611767 -1.09128446903 -0.933215535809 -0.981602431436 -0.645595836444 -0.388533894496 -0.195279283646 0.0487662416177 0.316151911202 0.618361195845 0.691972415828 0.504749853635 0.452395291324 0.463079523509 0.398921566897 0.325727249317 0.322923802670 0.381855276043 0.442631727517 0.561136420528 0.605115267336 0.649821342349 0.664000753176 0.667490180801 0.686170391366 0.741979372500 0.741979372075
# log_avg_NatM:
0.231666510091
# m_dev:
 0.00000000000 0.00000000000 0.00000000000 0.00000000000 0.00000000000 0.00000000000 0.00000000000 0.00000000000 0.00000000000 0.00000000000 0.00000000000 0.00000000000 0.00000000000 0.00000000000 0.00000000000 0.00000000000 0.00000000000 0.00000000000 0.00000000000 0.00000000000 0.00000000000 0.00000000000 0.00000000000 0.00000000000 0.00000000000 0.00000000000 0.00000000000 0.00000000000 0.00000000000
# log_avg_GrowthK:
-1.19613400000
# log_avg_Linf:
3.45239700000
# GrowthK_dev:
 0.00000000000 0.00000000000 0.00000000000 0.00000000000 0.00000000000 0.00000000000 0.00000000000 0.00000000000 0.00000000000 0.00000000000 0.00000000000 0.00000000000 0.00000000000 0.00000000000 0.00000000000 0.00000000000 0.00000000000 0.00000000000 0.00000000000 0.00000000000 0.00000000000 0.00000000000 0.00000000000 0.00000000000 0.00000000000 0.00000000000 0.00000000000 0.00000000000 0.00000000000
# Linf_dev:
 0.00000000000 0.00000000000 0.00000000000 0.00000000000 0.00000000000 0.00000000000 0.00000000000 0.00000000000 0.00000000000 0.00000000000 0.00000000000 0.00000000000 0.00000000000 0.00000000000 0.00000000000 0.00000000000 0.00000000000 0.00000000000 0.00000000000 0.00000000000 0.00000000000 0.00000000000 0.00000000000 0.00000000000 0.00000000000 0.00000000000 0.00000000000 0.00000000000 0.00000000000
# SelPars50:
1.03776826366
# SelPars95:
1.15514227740
# SelPars_dev50:
 0.00000000000 0.00000000000 0.00000000000 0.00000000000 0.00000000000 0.00000000000 0.00000000000 0.00000000000 0.00000000000 0.00000000000 0.00000000000 0.00000000000 0.00000000000 0.00000000000 0.00000000000 0.00000000000 0.00000000000 0.00000000000 0.00000000000 0.00000000000 0.00000000000 0.00000000000 0.00000000000 0.00000000000 0.00000000000 0.00000000000 0.00000000000 0.00000000000 0.00000000000
# SelPars_dev95:
 0.00000000000 0.00000000000 0.00000000000 0.00000000000 0.00000000000 0.00000000000 0.00000000000 0.00000000000 0.00000000000 0.00000000000 0.00000000000 0.00000000000 0.00000000000 0.00000000000 0.00000000000 0.00000000000 0.00000000000 0.00000000000 0.00000000000 0.00000000000 0.00000000000 0.00000000000 0.00000000000 0.00000000000 0.00000000000 0.00000000000 0.00000000000 0.00000000000 0.00000000000
