# Number of parameters = 77 Objective function value = 20927.7009561542  Maximum gradient component = 0.0356988604208589
# srv_sel50:
1.10407383408
# srv_sel95:
2.32131440247
# stNatLen:
 11.3510880785 10.6036532459 8.69774021240 7.40261253671 6.56076860957 5.97047465645 5.52802214676 5.18420888072 4.91252922169 4.69721840237 4.52828444203 4.39915682186 4.30546699376 4.24438112221 4.21420441715
# log_avg_fmort_dir:
0.670183850905
# fmort_dir_dev:
 -1.22867187955 -0.648700089545 -0.668230392126 -0.574945703598 -0.536145833391 -0.399385181041 -0.316324479592 -0.214203475076 -0.152259871441 -0.166801054024 -0.0821070895644 -0.0348171366335 -0.0467670387578 0.0691470955108 0.126517208388 0.232934574287 0.167907413649 0.275314424360 0.215812589369 0.305912475899 0.340012822459 0.476268432334 0.429703095207 0.493027595991 0.484626137916 0.526796848306 0.527198948974 0.398179561685
# mean_log_rec:
13.5487611992
# rec_dev:
 -1.95194314649 -1.77885112338 -1.66208729634 -1.39345778359 -1.23967990575 -1.08699584756 -0.745543018327 -0.417007769704 -0.190259840051 -0.0441738938060 0.296589688147 0.653638707666 0.713674866109 0.510284332353 0.393583657803 0.433563573394 0.403022999832 0.410134882793 0.465016345335 0.491212628408 0.559872479823 0.655624354397 0.730441882516 0.786141169042 0.834573913635 0.756270319006 0.708176912197 0.708176912541
# log_avg_NatM:
-1.05607500000
# m_dev:
 0.00000000000 0.00000000000 0.00000000000 0.00000000000 0.00000000000 0.00000000000 0.00000000000 0.00000000000 0.00000000000 0.00000000000 0.00000000000 0.00000000000 0.00000000000 0.00000000000 0.00000000000 0.00000000000 0.00000000000 0.00000000000 0.00000000000 0.00000000000 0.00000000000 0.00000000000 0.00000000000 0.00000000000 0.00000000000 0.00000000000 0.00000000000 0.00000000000
# log_avg_GrowthK:
-1.18630400000
# log_avg_Linf:
3.44583300000
# GrowthK_dev:
 0.00000000000 0.00000000000 0.00000000000 0.00000000000 0.00000000000 0.00000000000 0.00000000000 0.00000000000 0.00000000000 0.00000000000 0.00000000000 0.00000000000 0.00000000000 0.00000000000 0.00000000000 0.00000000000 0.00000000000 0.00000000000 0.00000000000 0.00000000000 0.00000000000 0.00000000000 0.00000000000 0.00000000000 0.00000000000 0.00000000000 0.00000000000 0.00000000000
# Linf_dev:
 0.00000000000 0.00000000000 0.00000000000 0.00000000000 0.00000000000 0.00000000000 0.00000000000 0.00000000000 0.00000000000 0.00000000000 0.00000000000 0.00000000000 0.00000000000 0.00000000000 0.00000000000 0.00000000000 0.00000000000 0.00000000000 0.00000000000 0.00000000000 0.00000000000 0.00000000000 0.00000000000 0.00000000000 0.00000000000 0.00000000000 0.00000000000 0.00000000000
# SelPars50:
1.04752862786
# SelPars95:
1.17480065104
# SelPars_dev50:
 0.00000000000 0.00000000000 0.00000000000 0.00000000000 0.00000000000 0.00000000000 0.00000000000 0.00000000000 0.00000000000 0.00000000000 0.00000000000 0.00000000000 0.00000000000 0.00000000000 0.00000000000 0.00000000000 0.00000000000 0.00000000000 0.00000000000 0.00000000000 0.00000000000 0.00000000000 0.00000000000 0.00000000000 0.00000000000 0.00000000000 0.00000000000 0.00000000000
# SelPars_dev95:
 0.00000000000 0.00000000000 0.00000000000 0.00000000000 0.00000000000 0.00000000000 0.00000000000 0.00000000000 0.00000000000 0.00000000000 0.00000000000 0.00000000000 0.00000000000 0.00000000000 0.00000000000 0.00000000000 0.00000000000 0.00000000000 0.00000000000 0.00000000000 0.00000000000 0.00000000000 0.00000000000 0.00000000000 0.00000000000 0.00000000000 0.00000000000 0.00000000000
