# Number of parameters = 77 Objective function value = 21667.1352857144  Maximum gradient component = 0.000978746899076081
# srv_sel50:
1.04788817730
# srv_sel95:
1.97739852785
# stNatLen:
 10.6602226521 10.4904072132 8.71532973728 7.42135332852 6.58682127360 6.01359609936 5.58990759014 5.26370638754 5.00759277290 4.80556363235 4.64761527697 4.52723175539 4.44009880572 4.38340295894 4.35544058382
# log_avg_fmort_dir:
0.712506824808
# fmort_dir_dev:
 -0.699437011606 -0.717042583690 -0.607858149488 -0.592528049199 -0.466810354854 -0.407011625648 -0.340169469920 -0.297423606452 -0.115171165325 -0.202566662303 0.000997408956798 0.00985374261068 0.122451685584 -0.0394327443669 0.141677910833 0.174682242306 0.191030811213 0.201264161533 0.339436504262 0.225744853893 0.360208560005 0.396545881421 0.345966142638 0.477340517845 0.426395895536 0.471554171640 0.414734192444 0.185566740134
# mean_log_rec:
13.2584885545
# rec_dev:
 -2.21973182872 -1.69304865778 -1.57066710798 -1.36549327755 -1.07868732035 -0.937916272645 -0.787494789666 -0.541100420757 -0.126232299818 0.0539653393562 0.223784338233 0.591835520191 0.636843895250 0.494862646412 0.371555947003 0.383816773766 0.436779681547 0.477285107751 0.358781373294 0.562760534047 0.604925321987 0.665147665627 0.804565745027 0.830322775199 0.785126662848 0.684969045260 0.676521833056 0.676521769408
# log_avg_NatM:
-1.37331700000
# m_dev:
 0.00000000000 0.00000000000 0.00000000000 0.00000000000 0.00000000000 0.00000000000 0.00000000000 0.00000000000 0.00000000000 0.00000000000 0.00000000000 0.00000000000 0.00000000000 0.00000000000 0.00000000000 0.00000000000 0.00000000000 0.00000000000 0.00000000000 0.00000000000 0.00000000000 0.00000000000 0.00000000000 0.00000000000 0.00000000000 0.00000000000 0.00000000000 0.00000000000
# log_avg_GrowthK:
-1.18630400000
# log_avg_Linf:
3.44583300000
# GrowthK_dev:
 0.00000000000 0.00000000000 0.00000000000 0.00000000000 0.00000000000 0.00000000000 0.00000000000 0.00000000000 0.00000000000 0.00000000000 0.00000000000 0.00000000000 0.00000000000 0.00000000000 0.00000000000 0.00000000000 0.00000000000 0.00000000000 0.00000000000 0.00000000000 0.00000000000 0.00000000000 0.00000000000 0.00000000000 0.00000000000 0.00000000000 0.00000000000 0.00000000000
# Linf_dev:
 0.00000000000 0.00000000000 0.00000000000 0.00000000000 0.00000000000 0.00000000000 0.00000000000 0.00000000000 0.00000000000 0.00000000000 0.00000000000 0.00000000000 0.00000000000 0.00000000000 0.00000000000 0.00000000000 0.00000000000 0.00000000000 0.00000000000 0.00000000000 0.00000000000 0.00000000000 0.00000000000 0.00000000000 0.00000000000 0.00000000000 0.00000000000 0.00000000000
# SelPars50:
1.23673455746
# SelPars95:
1.82594154541
# SelPars_dev50:
 0.00000000000 0.00000000000 0.00000000000 0.00000000000 0.00000000000 0.00000000000 0.00000000000 0.00000000000 0.00000000000 0.00000000000 0.00000000000 0.00000000000 0.00000000000 0.00000000000 0.00000000000 0.00000000000 0.00000000000 0.00000000000 0.00000000000 0.00000000000 0.00000000000 0.00000000000 0.00000000000 0.00000000000 0.00000000000 0.00000000000 0.00000000000 0.00000000000
# SelPars_dev95:
 0.00000000000 0.00000000000 0.00000000000 0.00000000000 0.00000000000 0.00000000000 0.00000000000 0.00000000000 0.00000000000 0.00000000000 0.00000000000 0.00000000000 0.00000000000 0.00000000000 0.00000000000 0.00000000000 0.00000000000 0.00000000000 0.00000000000 0.00000000000 0.00000000000 0.00000000000 0.00000000000 0.00000000000 0.00000000000 0.00000000000 0.00000000000 0.00000000000
