#Simulated generalized assessment 
# 
#start/end year 
73 100 
#number of ages 
15 
#ages 
1 2 3 4 5 6 7 8 9 10 11 12 13 14 15 
#Number of length bins 
25 
#CPUE years 
28 
#years for CPUE 
73 74 75 76 77 78 79 80 81 82 83 84 85 86 87 88 89 90 91 92 93 94 95 96 97 98 99 100 
#survey years 
28 
#years for survey 
73 74 75 76 77 78 79 80 81 82 83 84 85 86 87 88 89 90 91 92 93 94 95 96 97 98 99 100 
#length freq from catch years 
28 
#years for length freq catch 
73 74 75 76 77 78 79 80 81 82 83 84 85 86 87 88 89 90 91 92 93 94 95 96 97 98 99 100 
#catch length sample sizes 
200 200 200 200 200 200 200 200 200 200 200 200 200 200 200 200 200 200 200 200 200 200 200 200 200 200 200 200 
#length freq from survey years 
28 
#years for length freq survey 
73 74 75 76 77 78 79 80 81 82 83 84 85 86 87 88 89 90 91 92 93 94 95 96 97 98 99 100 
#survey sample sizes 
200 200 200 200 200 200 200 200 200 200 200 200 200 200 200 200 200 200 200 200 200 200 200 200 200 200 200 200 
#total survey biomass 
37957.65 22243.68 14503.96 13677.72 17755.54 24288.28 38398.93 43735.69 58378.23 83033.95 65696.73 77115.58 68159.84 82608.94 77244.65 85838.29 101096.2 77018.3 71260.69 103167.5 78229.11 119113.9 82537.52 122294.9 165111.2 128648 147318.4 136483.5 
#survey CV 
0.2 0.2 0.2 0.2 0.2 0.2 0.2 0.2 0.2 0.2 0.2 0.2 0.2 0.2 0.2 0.2 0.2 0.2 0.2 0.2 0.2 0.2 0.2 0.2 0.2 0.2 0.2 0.2 
#total CPUE 
32926.03 31614.22 22162.66 8557.782 14777.41 24968.17 30801.92 36237.35 53203.86 52763.66 68125.4 83890.7 100199.2 63453.3 56780.4 85167.76 75304.25 125975.7 138648.1 136633.2 108109.4 173015.4 73495.86 160040.9 129419.7 124654.5 138777.4 148690.4 
#CPUE CV 
0.2 0.2 0.2 0.2 0.2 0.2 0.2 0.2 0.2 0.2 0.2 0.2 0.2 0.2 0.2 0.2 0.2 0.2 0.2 0.2 0.2 0.2 0.2 0.2 0.2 0.2 0.2 0.2 
#total catch biomass 
18754.19 18655.62 21074.29 11844.07 11653.19 13682.76 21151.78 34517.76 38247.78 54639.02 55886.07 53740.41 63804.74 71468.82 81747.87 77765.08 87401.14 90510.32 107459.8 114658.6 72951.25 112461.6 90113.37 114005.4 102024.9 100220 116487.9 117651.7 
#catch CV 
0.1 0.1 0.1 0.1 0.1 0.1 0.1 0.1 0.1 0.1 0.1 0.1 0.1 0.1 0.1 0.1 0.1 0.1 0.1 0.1 0.1 0.1 0.1 0.1 0.1 0.1 0.1 0.1 
#Length Bins 
0.7268035 2.18041 3.634017 5.087624 6.541231 7.994838 9.448445 10.90205 12.35566 13.80927 15.26287 16.71648 18.17009 19.62369 21.0773 22.53091 23.98451 25.43812 26.89173 28.34534 29.79894 31.25255 32.70616 34.15976 35.61337 
#catch length counts 
3.937902e-06 0.0003649511 0.01994304 0.6425925 12.20873 136.7766 903.7426 3525.541 8165.488 11557.68 11384.62 10937.96 12026.84 11895.56 9949.464 7475.889 4880.333 2665.251 1219.004 454.8546 131.5123 28.14521 4.298033 0.4530999 0.03197663 
5.839102e-06 0.0005219316 0.02750858 0.8548901 15.66547 169.272 1078.772 4059.574 9076.296 12444.19 12036.41 11621.32 12876.11 12950.03 11216.61 8551.27 5412.837 2783.889 1196.081 425.5413 118.7121 24.43926 3.53701 0.3472705 0.02253067 
3.401995e-06 0.0002927872 0.01485791 0.4445826 7.84416 81.61933 501.1601 1822.24 3995.261 5757.019 7197.594 10220.61 13471.38 13826.69 11809.86 8840.801 5490.339 2752.274 1130.871 377.6077 98.44504 19.04539 2.600715 0.2403735 0.01457603 
8.296209e-07 6.863472e-05 0.003348082 0.09630335 1.633452 16.34306 96.62171 340.6361 749.6692 1239.311 2185.591 4117.454 6466.331 8310.933 8967.962 7519.939 4639.238 2183.506 833.7946 259.8472 63.12779 11.32588 1.432452 0.1228746 0.00692903 
3.564449e-05 0.002830331 0.1325162 3.658369 59.55155 571.5927 3234.99 10796.36 21253.7 24721.97 17158.93 7570.423 3120.472 2675.667 3190.412 3026.12 2115.602 1117.768 451.0685 137.6958 31.31834 5.1809 0.6022121 0.04745141 0.002459334 
2.281841e-05 0.00173654 0.07792409 2.061809 32.16829 295.9906 1607.519 5175.375 10098.94 13220.62 15565.66 20123.16 21659.04 15259.3 6768.127 2163.998 761.1595 364.1233 162.9356 54.18125 12.64696 2.031935 0.2212174 0.01604156 0.0007604831 
9.465182e-05 0.006894354 0.2961046 7.498668 111.9729 985.9275 5119.753 15692.36 28515.05 31428.1 23412.99 16603.98 15451.45 15751.44 13906.19 8976.31 3782.743 1011.027 186.0502 30.22928 5.209535 0.7857071 0.0837539 0.005838207 0.0002600015 
0.0001845538 0.01284988 0.527548 12.77066 182.2885 1534.379 7619.123 22365.35 39228.23 43328.4 36816.76 33493.98 30733.36 21944 12197.24 5978.714 2589.419 887.8563 220.1283 37.60239 4.440617 0.389749 0.02777457 0.001575975 6.377258e-05 
0.0003150052 0.0209404 0.820804 18.97067 258.5369 2077.786 9852.212 27634.47 46469 49960.93 43248.19 41500.92 39720.86 30613.8 19078.89 9577.018 3522.851 896.1106 163.9362 23.5742 2.720964 0.2336893 0.01388157 0.0005595374 1.557681e-05 
0.0007069742 0.04482033 1.675459 36.93016 479.9822 3678.802 16635.54 44495.58 71316.47 72914.27 59632.99 54119.12 50045.89 38380.52 24294.78 12353.61 4582.532 1178.342 212.8856 27.89768 2.691021 0.1907227 0.00981788 0.0003570463 8.816973e-06 
0.001033342 0.06241145 2.222653 46.6734 577.9242 4220.337 18191.38 46485.98 71990.48 74633.03 69198.45 71586.08 66162.88 46777.75 26462.5 12083.05 4079.759 959.2789 159.0022 19.33002 1.743495 0.1137069 0.005187073 0.0001617869 3.400695e-06 
0.0018358 0.1055282 3.576836 71.48578 842.45 5855.216 24020.36 58414.57 86051.96 84689.27 74382.9 73921.3 68145.27 50537.82 30516.91 14190.84 4586.631 984.0276 143.1122 14.89785 1.154501 0.06621382 0.002716243 7.691564e-05 1.460895e-06 
0.003674142 0.2008287 6.472664 123.0073 1378.426 9109.942 35539.49 82211.24 115339.5 108575.7 91754.01 86940.64 74969.94 51136.26 28279.01 12213.15 3733.794 768.8043 108.0478 10.75275 0.7713465 0.03942297 0.001406331 3.446024e-05 5.715655e-07 
0.006079476 0.3157154 9.667481 174.5512 1858.429 11670.57 43283.27 95425.91 129137.8 122731.3 112623.2 112103.6 93955.39 60217.01 30900.17 12335.07 3469.654 650.1094 81.95543 7.270698 0.469755 0.02198676 0.0007227243 1.617662e-05 2.410361e-07 
0.009748002 0.4805867 13.97063 239.4713 2420.529 14431.78 50834.5 106619.5 138319.5 129439.7 121004.7 120686.1 99900.94 64069.05 32884.02 12754.22 3374.005 578.0205 64.60744 4.92458 0.268693 0.01067956 0.0003036756 5.995648e-06 8.004861e-08 
0.01638217 0.7662226 21.13133 343.6316 3295.222 18640.5 62316.02 124239 154286 141399.7 132544 130375.7 105446.6 66702.08 33728.19 12703.71 3238.577 537.1501 58.7628 4.400807 0.2316482 0.008541126 0.0002161874 3.695102e-06 4.226744e-08 
0.02895067 1.283832 33.56964 517.5842 4705.957 25242.49 80050.06 151687.3 180573.8 162815 153267.9 147760 115257 70343.19 34189.1 12275.25 2972.987 470.09 49.43756 3.592578 0.1844491 0.006625672 0.0001622637 2.648928e-06 2.83858e-08 
0.04399903 1.849006 45.81659 669.4317 5768.164 29326.53 88225.51 159233.6 183710.4 168396.7 164900.8 156270.5 114642.8 64475.61 28668.73 9408.926 2068.626 291.2329 26.46949 1.62019 0.07016022 0.002195559 4.87838e-05 7.438467e-07 7.552002e-09 
0.06500541 2.587672 60.73783 840.6444 6861.726 33055.59 94329.26 162340.5 182525.1 172030.3 176665.1 169635.5 126863.7 74517.84 34166.63 11160.67 2397.464 331.0137 29.95188 1.839913 0.07842999 0.002306966 4.591521e-05 6.093553e-07 5.359256e-09 
0.113565 4.280831 95.14847 1247.036 9638.852 43970.96 118823.9 193643.2 206035.2 183347.2 177925.4 163175.4 118414.9 68034.77 30212.85 9430.166 1926.637 254.0773 22.18666 1.331131 0.05587833 0.001622067 3.174524e-05 4.099647e-07 3.443494e-09 
0.2033572 7.257142 152.7083 1894.813 13866.13 59898.29 153401.3 237813.2 244221.6 215952.4 207446.1 181700.1 123429.6 65908.72 27261.07 7982.157 1543.124 194.5407 16.4163 0.958333 0.03912358 0.001099458 2.076212e-05 2.585595e-07 2.095157e-09 
0.2767541 9.348883 186.2169 2187.248 15153.89 62018.49 150977.2 225867.9 236622.6 233996.5 244952.2 214983.2 142810.2 74314.42 29596.12 8237.076 1505.491 179.5713 14.39014 0.8007888 0.03123057 0.0008390882 1.515227e-05 1.803449e-07 1.394499e-09 
0.6242405 19.95938 376.3 4183.433 27430.75 106196.4 243992.2 340840.3 320594.6 268249.1 246944.5 209774.5 143851.1 78170.34 31369.91 8493.072 1488.029 170.0338 13.10249 0.701343 0.02616629 0.0006676361 1.139012e-05 1.27772e-07 9.305632e-10 
0.8893146 26.91425 480.2925 5054.34 31379.26 115167.2 252324 344963.4 346437.9 344771.2 346540.1 276957.4 165207 77034.15 27511.1 6926.282 1167.924 132.0353 10.24451 0.5519669 0.02040646 0.0005062985 8.279699e-06 8.819618e-08 6.059991e-10 
1.372086 39.30629 663.9586 6613.956 38871.35 135093.8 280648 365817.6 356174.7 350609.6 351556.1 289085 185412.2 92476.16 33257.48 7934.894 1215.036 121.0421 8.168635 0.3882454 0.01311065 0.0003075162 4.850737e-06 5.009586e-08 3.3225e-10 
2.310995 62.67197 1002.184 9450.825 52586.16 173081.4 341006.3 423911 399481.3 383802.8 369733.8 289229.4 176371.4 83688.19 28730.27 6611.857 994.154 99.13323 6.732175 0.3149497 0.0100462 0.0002146085 3.031245e-06 2.809741e-08 1.695838e-10 
3.419426 87.79585 1329.23 11868.61 62545.63 195216.9 366801.2 444852.8 433087.6 440688.1 423843.9 318394.2 184509 82748.69 26741.68 5790.884 822.2838 78.03253 5.098317 0.2320006 0.007249013 0.0001516925 2.080727e-06 1.842213e-08 1.040615e-10 
4.887585 118.8276 1703.535 14403.97 71898.6 212803.7 381083.5 449027 442929.5 461667.8 442084.5 330262 191642.9 84708.72 26293.38 5376.038 714.7485 63.25081 3.848804 0.1634067 0.004785512 9.443783e-05 1.229305e-06 1.038232e-08 5.611151e-11 
#survey length counts 
6.708631e-06 0.0006217326 0.03397507 1.094724 20.79885 233.0126 1539.598 6005.649 13904.86 19647.22 19217.79 18224.7 20058.32 20387.97 17837.92 13787.81 8896.883 4665.269 2046.527 748.6356 216.739 46.70798 7.127562 0.7422819 0.05133774 
3.401072e-06 0.0003040068 0.01602279 0.4979456 9.124797 98.60733 628.7679 2373.014 5386.731 7948.49 9915.869 14012.58 18782.05 19639.39 16975.42 12895.97 8174.251 4187.006 1761.335 605.7535 164.0004 33.23303 4.790088 0.4702093 0.03042803 
7.478179e-07 6.435975e-05 0.003266034 0.09772809 1.724385 17.94698 110.3477 404.1084 918.6882 1539.645 2704.15 5151.767 8245.431 10752.44 11821.31 10186.93 6466.343 3119.362 1220.29 391.9947 99.02318 18.62858 2.488719 0.2268856 0.01366373 
3.040669e-05 0.002515551 0.1227111 3.529569 59.86133 598.6306 3529.91 12273.92 25173.27 30499.99 22023.98 10026.11 4075.735 3341.214 4030.617 3936.5 2834.11 1541.975 642.6648 203.4932 48.26672 8.382432 1.02996 0.08630226 0.004779283 
1.925865e-05 0.001529222 0.07159834 1.976627 32.17715 308.9102 1750.252 5875.565 11924.43 16068.07 19089.61 25029.48 27893.3 20487.87 9439.76 3068.49 1054.838 502.1373 231.7279 80.45852 19.71703 3.341267 0.3854801 0.02975846 0.001508173 
7.421036e-05 0.0056476 0.2534255 6.70539 104.6134 962.3925 5221.331 16718.81 31722.84 36423.49 27981.71 19980.05 18582.41 19160.51 17349.76 11645.9 5137.858 1435.568 272.6179 44.74171 7.853191 1.240405 0.1403698 0.0104428 0.0004979675 
0.0001347669 0.009816301 0.421599 10.67676 159.4312 1403.883 7292.399 22388.26 41029.04 47138.6 41113.08 38061.67 35971.94 26517.89 15047.35 7478.114 3312.774 1175.474 303.9733 54.36516 6.713656 0.6136531 0.04565472 0.002737162 0.0001182981 
0.0002321762 0.01616567 0.663677 16.06602 229.3273 1930.353 9586.275 28153.54 49505.44 55345.99 49062.97 47876.68 47117.38 37316.1 23790.67 12303.19 4707.85 1247.596 236.4558 35.10565 4.212545 0.3800771 0.0238643 0.001019589 3.017036e-05 
0.0004812189 0.03198968 1.253904 28.98061 394.9538 3174.086 15049.51 42197.47 70829.86 75518.07 63663.73 59182.37 56395.21 44407.26 28765.67 15095.83 5831.215 1564.661 294.5891 40.22593 4.052231 0.3009867 0.01631548 0.0006284299 1.652334e-05 
0.000686053 0.04349398 1.625879 35.83744 465.7882 3570.335 16152.63 43308.9 70269.96 75893.67 72540.69 77468.47 74311.66 54188.49 31420.79 14800.03 5204.509 1277.98 220.7891 27.9589 2.636179 0.1807183 0.008707505 0.0002879738 6.440677e-06 
0.001180036 0.07127143 2.538183 53.29915 659.9643 4819.366 20771.76 53057.82 81999.64 84285.56 76655.15 78838.08 75278.42 57411.04 35633.33 17215.6 5830.804 1312.689 199.7277 21.68689 1.754898 0.1056169 0.004572547 0.0001373231 2.777366e-06 
0.002302337 0.1323463 4.485826 89.65266 1056.545 7343.242 30125.24 73266.13 107966.7 106387.3 93546.2 92228.9 82673.51 58125.77 33049 14816.36 4743.836 1024.929 150.8539 15.70481 1.181034 0.06353328 0.002394688 6.221626e-05 1.097988e-06 
0.003681337 0.201222 6.485345 123.2488 1381.162 9129.038 35634.24 82669.2 117633.8 117299.8 112711.7 117562.1 102800.7 68066.09 35965.97 14922.2 4403.353 867.6204 114.7571 10.65373 0.7209558 0.03549921 0.001233784 2.932049e-05 4.654078e-07 
0.005888525 0.3057991 9.36384 169.0693 1800.089 11305.01 41942.71 92640.09 126477.8 124351.3 122015.3 127676.4 110165.1 72934.94 38645.96 15645.37 4358.064 787.8745 92.73401 7.417788 0.424196 0.01771839 0.0005319568 1.113918e-05 1.583368e-07 
0.00976366 0.4813586 13.99308 239.8567 2424.459 14456.23 50938.97 107031.6 140044 135213 133614.8 138196.5 116479.2 76056.6 39780.14 15673.28 4211.235 737.083 84.9124 6.68314 0.3700048 0.01439665 0.0003859127 7.005101e-06 8.531024e-08 
0.0163082 0.762763 21.03594 342.0818 3280.432 18558.87 62077.43 124104.2 156095.9 149498.9 150178.1 153196.2 124732.2 78665.43 39622.45 14905.6 3808.011 635.539 70.37691 5.375362 0.2904716 0.01102421 0.0002863779 4.974333e-06 5.68609e-08 
0.02555301 1.133162 29.62996 456.8452 4153.887 22286.03 70750.87 134781.7 164346.9 159955.7 166819.8 167137.6 128133.7 74580.27 34394.89 11839.04 2751.166 410.0898 39.37785 2.537419 0.1154703 0.003805686 8.947635e-05 1.45028e-06 1.57084e-08 
0.03656488 1.536596 38.07546 556.332 4793.937 24380.95 73460.96 133589.7 159288.7 160709.7 176924.1 179611 139978.4 85076.96 40626.96 13970.44 3175.856 464.0595 44.33772 2.87088 0.1291203 0.004019917 8.495425e-05 1.199972e-06 1.125471e-08 
0.06332686 2.520855 59.16951 818.9398 6684.635 32204.18 91923.78 158401.4 179065.9 171322.7 179000.1 173747.4 131360.9 78181.39 36243.78 11928.05 2580.362 360.0786 33.18474 2.098081 0.09295796 0.00285868 5.948692e-05 8.191454e-07 7.353038e-09 
0.1134856 4.277838 95.08216 1246.181 9632.793 43955.69 118946.9 195125.8 213385.7 203751.5 211274.9 196092 138953.6 76929.6 33223.03 10255.4 2098.515 279.8101 24.9129 1.533198 0.06613143 0.001970925 3.960685e-05 5.262914e-07 4.560787e-09 
0.1531749 5.466311 115.0257 1427.305 10447.07 45174.05 116258.4 184392.3 206996 222784.3 251652.2 233548.5 161716.7 87358.37 36404.82 10697.11 2070.735 261.2868 22.0954 1.296644 0.05345474 0.001524008 2.93047e-05 3.724209e-07 3.081979e-09 
0.3404013 11.49891 229.0415 2690.201 18636.75 76237.44 185181.6 274226.5 276408.3 252827 252885 227211.7 162191.3 91777.28 38724.05 11099.25 2061.472 249.2251 20.27141 1.145277 0.04522393 0.001225806 2.228639e-05 2.671015e-07 2.08299e-09 
0.4741888 15.1617 285.8527 3178.162 20847.38 80862.93 187486.8 272926.8 297652.4 327656 357382.1 302475.3 188353.8 91351.33 34178.24 9081.732 1619.545 193.3966 15.83736 0.9021879 0.03538773 0.0009346305 1.631215e-05 1.858394e-07 1.368434e-09 
0.7208374 21.81548 389.3064 4096.997 25440.07 93446.41 205538.4 285911.7 304238.6 333279.2 362373 314247.7 210048.1 109506.6 41545.73 10514.48 1708.718 180.2108 12.83668 0.6435629 0.02298996 0.0005730199 9.644198e-06 1.066031e-07 7.585281e-10 
1.202401 34.44537 581.8536 5796.324 34073 118533.9 247382.8 328933.7 340844.5 366431.3 383342.4 316413.9 201242.9 99884.36 36169.61 8820.016 1405.285 148.2324 10.64131 0.5271661 0.01786156 0.0004064477 6.128678e-06 6.07665e-08 3.931453e-10 
1.744623 47.31275 756.5933 7135.654 39725.39 131083.9 261315 341181.9 370103.4 423266.2 440948.3 349302.9 211340.4 99283.05 33871.47 7773.542 1169.385 117.3267 8.098758 0.3901549 0.01295324 0.0002890291 4.239089e-06 4.021986e-08 2.439201e-10 
2.433911 62.49253 946.1629 8449.314 44553.55 139457.1 265460.5 339149.3 377460.4 443701.2 459112.9 361154.3 219095.5 101765.2 33427.65 7252.795 1022.301 95.701 6.154744 0.2766761 0.008609292 0.0001811485 2.521412e-06 2.282538e-08 1.325003e-10 
3.945854 95.93253 1375.333 11629.96 58076.39 172231.5 311172.8 379530.8 406900 460326.4 457842.5 349388.2 206698.6 92775.49 29109.88 6010.621 808.6978 72.58785 4.474274 0.1912339 0.005592835 0.0001095827 1.413674e-06 1.185305e-08 6.38536e-11 
