# Number of parameters = 80 Objective function value = 19297.9714418837  Maximum gradient component = 0.0195777411641613
# srv_sel50:
1.26638303542
# srv_sel95:
2.39300455577
# stNatLen:
 11.6399473882 9.78027028293 8.19441981665 7.13914271753 6.40405386534 5.85385821792 5.42510292396 5.08389132673 4.81004534377 4.59069402826 4.41726823608 4.28394029511 4.18675634074 4.12313574279 4.09158596291
# log_avg_fmort_dir:
0.636416039359
# fmort_dir_dev:
 -1.21535191569 -0.491886624308 -0.306033742468 -0.223723354891 -0.521102009145 -0.0616372855691 -0.0685222810909 -0.146945977980 -0.0504842752877 -0.159886572381 -0.103337451029 -0.258283808434 -0.185790530402 -0.0438764053680 0.0975686421512 0.127127475002 0.0691426739016 0.148613239485 0.145241853307 0.144295998528 0.188934540742 0.131054187893 0.222636727115 0.316854682761 0.319504092286 0.328871206576 0.500200608706 0.375737997899 0.721078307696
# mean_log_rec:
14.3875427519
# rec_dev:
 -2.12946452415 -1.94682180207 -1.84722088362 -1.10009082860 -0.894896464058 -1.03562290127 -0.675335421782 -0.415625872532 -0.218290608822 0.0823406791595 0.363093074119 0.611770866608 0.710960889453 0.622472189826 0.510352630254 0.477669464138 0.444775829480 0.365584543651 0.347061575439 0.368414889907 0.447396026019 0.525198331938 0.532493344525 0.589117664130 0.691068095866 0.636029743866 0.596862044442 0.670353709150 0.670353714928
# log_avg_NatM:
0.304120919268
# m_dev:
 0.00000000000 0.00000000000 0.00000000000 0.00000000000 0.00000000000 0.00000000000 0.00000000000 0.00000000000 0.00000000000 0.00000000000 0.00000000000 0.00000000000 0.00000000000 0.00000000000 0.00000000000 0.00000000000 0.00000000000 0.00000000000 0.00000000000 0.00000000000 0.00000000000 0.00000000000 0.00000000000 0.00000000000 0.00000000000 0.00000000000 0.00000000000 0.00000000000 0.00000000000
# log_avg_GrowthK:
-1.19613400000
# log_avg_Linf:
3.45239700000
# GrowthK_dev:
 0.00000000000 0.00000000000 0.00000000000 0.00000000000 0.00000000000 0.00000000000 0.00000000000 0.00000000000 0.00000000000 0.00000000000 0.00000000000 0.00000000000 0.00000000000 0.00000000000 0.00000000000 0.00000000000 0.00000000000 0.00000000000 0.00000000000 0.00000000000 0.00000000000 0.00000000000 0.00000000000 0.00000000000 0.00000000000 0.00000000000 0.00000000000 0.00000000000 0.00000000000
# Linf_dev:
 0.00000000000 0.00000000000 0.00000000000 0.00000000000 0.00000000000 0.00000000000 0.00000000000 0.00000000000 0.00000000000 0.00000000000 0.00000000000 0.00000000000 0.00000000000 0.00000000000 0.00000000000 0.00000000000 0.00000000000 0.00000000000 0.00000000000 0.00000000000 0.00000000000 0.00000000000 0.00000000000 0.00000000000 0.00000000000 0.00000000000 0.00000000000 0.00000000000 0.00000000000
# SelPars50:
1.04024673636
# SelPars95:
1.15745276903
# SelPars_dev50:
 0.00000000000 0.00000000000 0.00000000000 0.00000000000 0.00000000000 0.00000000000 0.00000000000 0.00000000000 0.00000000000 0.00000000000 0.00000000000 0.00000000000 0.00000000000 0.00000000000 0.00000000000 0.00000000000 0.00000000000 0.00000000000 0.00000000000 0.00000000000 0.00000000000 0.00000000000 0.00000000000 0.00000000000 0.00000000000 0.00000000000 0.00000000000 0.00000000000 0.00000000000
# SelPars_dev95:
 0.00000000000 0.00000000000 0.00000000000 0.00000000000 0.00000000000 0.00000000000 0.00000000000 0.00000000000 0.00000000000 0.00000000000 0.00000000000 0.00000000000 0.00000000000 0.00000000000 0.00000000000 0.00000000000 0.00000000000 0.00000000000 0.00000000000 0.00000000000 0.00000000000 0.00000000000 0.00000000000 0.00000000000 0.00000000000 0.00000000000 0.00000000000 0.00000000000 0.00000000000
