#Simulated generalized assessment 
# 
#start/end year 
72 100 
#number of ages 
15 
#ages 
1 2 3 4 5 6 7 8 9 10 11 12 13 14 15 
#Number of length bins 
25 
#CPUE years 
29 
#years for CPUE 
72 73 74 75 76 77 78 79 80 81 82 83 84 85 86 87 88 89 90 91 92 93 94 95 96 97 98 99 100 
#survey years 
29 
#years for survey 
72 73 74 75 76 77 78 79 80 81 82 83 84 85 86 87 88 89 90 91 92 93 94 95 96 97 98 99 100 
#length freq from catch years 
29 
#years for length freq catch 
72 73 74 75 76 77 78 79 80 81 82 83 84 85 86 87 88 89 90 91 92 93 94 95 96 97 98 99 100 
#catch length sample sizes 
200 200 200 200 200 200 200 200 200 200 200 200 200 200 200 200 200 200 200 200 200 200 200 200 200 200 200 200 200 
#length freq from survey years 
29 
#years for length freq survey 
72 73 74 75 76 77 78 79 80 81 82 83 84 85 86 87 88 89 90 91 92 93 94 95 96 97 98 99 100 
#survey sample sizes 
200 200 200 200 200 200 200 200 200 200 200 200 200 200 200 200 200 200 200 200 200 200 200 200 200 200 200 200 200 
#total survey biomass 
8492.047 7785.905 5839.115 9423.389 16948.7 18914.66 23384.01 34978.19 30708.57 43302.2 37857.11 72044.73 103717.2 174825.9 104950.9 106909.8 114733.9 132698.4 115161.6 90936.62 122143.1 110462.6 98338.3 190429 154826.7 162046.2 146613.4 122615.4 119653.4 
#survey CV 
0.2 0.2 0.2 0.2 0.2 0.2 0.2 0.2 0.2 0.2 0.2 0.2 0.2 0.2 0.2 0.2 0.2 0.2 0.2 0.2 0.2 0.2 0.2 0.2 0.2 0.2 0.2 0.2 0.2 
#total CPUE 
8646.164 5518.282 5285.906 8092.42 9294.689 14322.45 25541.74 27302.63 36124.14 44654.05 76924.17 94179.27 106296.8 138560.8 116955.6 95839.51 124099.6 129348.1 82835.95 110860.9 99823.54 120131.4 125426.1 130010.5 117644.8 120419.5 170118.4 150639.5 101728.9 
#CPUE CV 
0.2 0.2 0.2 0.2 0.2 0.2 0.2 0.2 0.2 0.2 0.2 0.2 0.2 0.2 0.2 0.2 0.2 0.2 0.2 0.2 0.2 0.2 0.2 0.2 0.2 0.2 0.2 0.2 0.2 
#total catch biomass 
4059.219 4594.522 4348.247 2079.681 4137.246 9473.11 12699.42 13666.74 25206.82 33694.52 40235.16 58561.93 83399.85 85054.98 118611.5 91225.42 102035 77580.25 60823.72 87021.01 67413.53 93350.6 85525.08 101815.3 100627.9 113079.7 96553.19 108736.8 102381.6 
#catch CV 
0.1 0.1 0.1 0.1 0.1 0.1 0.1 0.1 0.1 0.1 0.1 0.1 0.1 0.1 0.1 0.1 0.1 0.1 0.1 0.1 0.1 0.1 0.1 0.1 0.1 0.1 0.1 0.1 0.1 
#Length Bins 
0.7268801 2.18064 3.634401 5.088161 6.541921 7.995682 9.449442 10.9032 12.35696 13.81072 15.26448 16.71824 18.172 19.62576 21.07952 22.53328 23.98704 25.44081 26.89457 28.34833 29.80209 31.25585 32.70961 34.16337 35.61713 
#catch length counts 
2.495654e-07 2.411117e-05 0.00137338 0.04612141 0.9131816 10.66041 73.39365 298.388 721.4669 1076.315 1162.906 1307.339 1662.091 1873.639 1845.818 1673.536 1351.495 972.463 634.272 361.0345 166.6262 57.67721 13.98759 2.257194 0.2339357 
2.377859e-07 2.215817e-05 0.001217365 0.03943187 0.7530458 8.47972 56.32978 221.3229 521.5493 789.8817 986.5392 1403.503 1971.609 2233.47 2173.584 1943.341 1539.113 1069.579 659.8019 350.5293 150.0626 47.98382 10.72442 1.593965 0.1521632 
2.290205e-08 2.05487e-06 0.000108702 0.003390444 0.0623677 0.6776225 4.382962 17.57409 51.75811 158.1594 504.5829 1214.299 1963.45 2315.996 2315.834 2052.664 1548.805 1009.023 582.1596 287.5836 113.4669 33.25828 6.8025 0.9253296 0.08090002 
1.873878e-07 1.616219e-05 0.0008218602 0.02463966 0.4355256 4.538909 27.89568 101.2166 218.1274 288.4675 275.7106 313.9849 569.2962 1093.237 1632.346 1728.956 1346.947 846.1991 455.0359 206.3647 74.34863 19.84864 3.693266 0.4571196 0.03640285 
1.018437e-06 8.430886e-05 0.004114827 0.1184058 2.008893 20.10064 118.7685 417.3146 903.7545 1406.192 2204.97 3649.638 4567.945 3672.572 2006.163 1056.414 766.3003 570.4273 333.8912 147.7297 49.11382 11.88638 1.99916 0.2238846 0.01615969 
7.465189e-06 0.000592281 0.0277047 0.7640447 12.42307 119.0998 673.46 2250.17 4485.172 5598.176 5322.578 5546.087 6327.389 6277.482 5222.459 3466.746 1678.271 620.1502 220.9713 82.56947 26.06378 5.914515 0.9101272 0.09223257 0.00601131 
2.287752e-05 0.001737199 0.07777298 2.052804 31.9455 293.1153 1586.19 5069.992 9647.712 11378.64 9859.59 9025.376 9332.925 8671.699 7000.926 4816.203 2585.11 1036.86 316.7688 78.75901 17.1527 3.163688 0.4349037 0.04028093 0.002393787 
4.259778e-05 0.003091877 0.1323111 3.338182 49.65583 435.5224 2253.258 6891.711 12606.01 14603.28 13323.73 13510.67 14241.39 12537.94 9287.564 5803.888 2846.959 1070.932 316.1994 73.16704 12.96335 1.747409 0.1786516 0.01335742 0.0006860055 
8.364785e-05 0.005796421 0.2368121 5.704118 81.00699 678.3492 3351.444 9799.064 17227.2 19658.13 18904.5 20776.54 22432.16 19889.51 14807.12 9039.676 4177.127 1438.746 384.047 80.79486 13.00443 1.533429 0.1282596 0.007465088 0.000297919 
0.0002483842 0.01641372 0.6394831 14.68895 198.9293 1588.493 7482.077 20831.28 34657.93 36377.11 29774.38 27440.41 28159.26 26139.12 20650.51 12730.37 5659.746 1818.612 442.5778 83.53975 11.98815 1.258902 0.09319306 0.00470953 0.0001584643 
0.000513072 0.03229828 1.198724 26.23009 338.3999 2574.299 11554.23 30691.13 49020.67 50796.72 44229.79 43935.04 43205.72 35251 24141.48 13385.73 5538.685 1678.487 383.2748 66.72999 8.666586 0.812599 0.05335448 0.002385577 7.083442e-05 
0.001107852 0.06636987 2.344223 48.81661 599.3587 4339.176 18535.11 46864.12 71301.08 70602.25 59328.37 57806.27 57253.69 48597.97 34211.16 18321.55 6859.499 1787.654 343.1079 51.03938 5.845812 0.491957 0.02902778 0.001160393 3.065925e-05 
0.002261948 0.1288425 4.32688 85.67068 1000.103 6884.653 27971.08 67362.58 98318.31 96242.04 85313.42 87269.32 84733.13 68617.67 46189.19 24028.05 8933.912 2349.606 448.2534 62.75322 6.376919 0.4629647 0.02362183 0.0008282299 1.942324e-05 
0.00336148 0.1818963 5.803052 109.1522 1210.521 7917.404 30578.52 70197.53 98975.98 98622.72 97299.79 108563.6 108756 90155.97 60590.13 30096.64 10316.44 2457.284 426.8375 55.68607 5.357042 0.364824 0.01699588 0.0005295961 1.087043e-05 
0.005948623 0.3055547 9.253393 165.2177 1739.314 10798.86 39594.91 86328.63 115826.6 110646 106369.1 117964.2 121280.5 105344.5 72556.07 35843.36 12105.89 2842.559 481.4909 59.63324 5.31541 0.3327033 0.01428919 0.0004115802 7.776171e-06 
0.006894146 0.3359153 9.649823 163.4393 1632.223 9615.761 33494.38 69796.22 92038.49 94655.06 106292.2 125217.7 125292.4 103367.2 67344.4 31555.4 10185.06 2310.011 381.2638 46.03781 3.964879 0.2360802 0.009483694 0.0002522031 4.370064e-06 
0.01314507 0.6071893 16.5358 265.5045 2513.585 14035.92 46310.84 91100.57 111639.5 101762.8 99338.17 112236.1 118097.2 103855.6 68898.13 31580.25 9823.755 2144.926 341.1521 39.6493 3.279442 0.1870545 0.007167787 0.0001806118 2.940174e-06 
0.02057759 0.9006251 23.23988 353.5673 3171.752 16784.98 52526.74 98382.55 116787.1 108434.8 110145.1 118204.8 109448.7 84133 50789.92 22116.23 6749.953 1472.845 233.7109 26.65312 2.126242 0.115703 0.004205968 0.0001002264 1.539394e-06 
0.03063259 1.269807 31.03366 447.1782 3799.592 19049.65 56541.46 100997.9 117099.6 113204.2 123467.7 135783.3 126668.4 97101.23 56997.22 23688.72 6875.618 1437.341 221.0679 24.63434 1.920787 0.1014744 0.003544716 8.036699e-05 1.165543e-06 
0.04812783 1.888911 43.70877 596.3214 4797.473 22776.92 64059.13 108748.1 121314 116302.6 127737.9 141001.7 133260.1 102599.9 59058.54 23762.84 6672.614 1349.67 199.7868 21.28828 1.583652 0.07992488 0.002670978 5.789555e-05 8.003203e-07 
0.08404347 3.122318 68.38992 883.2069 6725.985 30228.07 80484.2 129394 136831.6 124544.1 130153.3 137552.7 125211 92677.94 51142.8 19815.28 5407.173 1068.533 153.926 15.80812 1.122613 0.05370148 0.001693636 3.457887e-05 4.501096e-07 
0.1463296 5.145151 106.6614 1303.703 9397.385 39990.86 101008.3 155371.8 162512.8 155724.7 168529.9 171403.6 145822.5 101465.2 53770.44 20513.95 5623.299 1120.85 160.8391 16.17106 1.108545 0.05066712 0.00151489 2.9145e-05 3.558987e-07 
0.2629515 8.749911 171.6625 1985.695 13546.3 54565.69 130546.7 190807.2 191876.9 180816.8 194301.8 197644.7 168715.8 114274.3 56337.27 19320.85 4701.653 845.911 113.4127 10.9504 0.7279451 0.03216595 0.0009223498 1.687937e-05 1.947407e-07 
0.4166302 13.12019 243.5992 2666.781 17219.52 65689.07 149241.5 209684.7 211482.5 211531.6 233117.7 230137.8 187302.2 120339 56182.65 18212.34 4150.698 685.9394 82.93266 7.198467 0.4354589 0.01782024 0.0004800173 8.314953e-06 9.096486e-08 
0.6755828 20.13499 353.8112 3665.833 22403.7 80912.42 174235.8 233191.1 227789.7 225831.4 247703.5 245075.4 199733.1 125138 55304.56 16647.68 3485.264 526.5268 58.06399 4.577812 0.2500135 0.009202308 0.0002233099 3.507516e-06 3.510197e-08 
0.9002016 25.39428 422.3616 4142.285 23969.85 82078.53 168648.8 221300.1 229210.6 254452.3 288420.4 276802.7 216106.3 130471.7 56412.8 16941.48 3576.75 538.0663 57.22845 4.215925 0.2108798 0.007040367 0.0001542927 2.183999e-06 1.968203e-08 
1.447782 38.66088 608.6856 5650.938 30953.68 100324.4 195022.3 241600.7 235428.5 249393.9 281771.1 279991.9 224839.8 133881.9 55160.15 15578.49 3107.438 448.3079 46.32178 3.319847 0.1598561 0.005050983 0.0001029925 1.338603e-06 1.098252e-08 
2.408579 60.89171 907.635 7977.845 41380.31 127093.8 234891.1 280266 271115.4 285833.7 306695.3 281635.1 210065.6 118932.7 47865.44 13495.35 2702.487 385.7096 38.58151 2.640554 0.1209693 0.003637621 7.052154e-05 8.678185e-07 6.695004e-09 
3.202285 76.65569 1081.918 9005.585 44256.69 129083.4 228915.7 272735.9 286355.8 330114.5 358211.2 320099.4 227869.3 120794.5 44916.89 11670.4 2177.794 295.4329 28.5209 1.889945 0.08329797 0.002387082 4.375999e-05 5.068822e-07 3.673386e-09 
#survey length counts 
8.854614e-07 8.554676e-05 0.004872771 0.1636393 3.239966 37.82236 260.3669 1057.919 2549.825 3742.415 3778.06 3683.107 4243.919 4633.919 4507.698 4062.793 3257.29 2291.315 1435.376 781.4 347.0398 116.5493 27.63581 4.389962 0.4501934 
1.482112e-07 1.381113e-05 0.0007587811 0.02457803 0.4693988 5.287069 35.17073 139.2333 341.1321 611.0044 1136.518 2262.688 3584.649 4269.083 4307.663 3868.979 2964.574 1957.554 1148.318 582.3231 238.7231 73.56072 15.97172 2.322961 0.2182468 
3.971997e-06 0.0003563836 0.01885233 0.5879641 10.81123 117.2031 749.1125 2823.08 6274.821 8240.1 6460.553 3253.029 1671.2 1945.117 2822.271 3070.549 2450.676 1568.069 859.812 400.9437 150.2511 42.20106 8.339338 1.103867 0.09448108 
6.103313e-06 0.0005264107 0.0267684 0.8025261 14.18529 147.8349 908.5868 3296.86 7105.876 9387.971 8733.62 7994.486 7920.278 6198.26 3421.928 1767.14 1259.277 956.8913 578.7344 265.5467 92.14551 23.48682 4.196315 0.5026147 0.03899116 
1.165105e-05 0.0009645036 0.04707402 1.354559 22.98035 229.8655 1355.926 4721.835 9763.231 12350.01 10940.65 9655.672 10091.11 9945.157 8399.134 5733.046 2867.522 1079.926 384.8192 146.1847 48.14964 11.54474 1.890262 0.2049601 0.01435687 
2.703861e-05 0.002145217 0.1003453 2.767334 44.99543 431.3532 2438.598 8138.482 16123.43 19517.24 16451.86 13653.6 13381.03 12435.68 10161.58 7145.962 3954.183 1638.367 515.9289 131.5831 29.457 5.672337 0.8269951 0.08195916 0.005236418 
5.758558e-05 0.004372746 0.1957643 5.167161 80.41068 737.8009 3992.437 12758.38 24249.99 28435.04 24073.03 21023.65 20793.83 18340.21 13778.91 8810.427 4452.88 1726.305 525.6914 126.0583 23.25882 3.278761 0.3530014 0.02805934 0.001544629 
8.993384e-05 0.006527673 0.2793395 7.04768 104.835 919.4882 4757.124 14549.54 26609.82 30807.35 28064.28 28477.29 30304.63 27245.63 20652.42 12958.25 6194.442 2205.171 607.588 132.4609 22.25411 2.758017 0.2438534 0.01508158 0.0006429832 
0.0002221336 0.01539286 0.6288734 15.1477 215.1168 1801.242 8895.595 25953.76 45125.17 48853.73 39519.85 34722.51 35209.48 33082.95 26719.4 17037.34 7871.757 2622.928 660.591 129.4199 19.39808 2.142036 0.1677769 0.009018948 0.0003242468 
0.000424208 0.02803251 1.092154 25.08686 339.7475 2713.026 12780.56 35608.46 59461.36 63492.78 54853.52 53410.42 53144.96 44252.39 30951.5 17693.96 7598.775 2389.512 565.8278 102.5065 13.93323 1.375313 0.09558501 0.004546309 0.0001442154 
0.0009314385 0.05863477 2.176181 47.61845 614.3329 4673.289 20972.64 55674.37 88642.93 90535.84 75590.57 72294.92 72342.34 62611.95 45249.49 25178.66 9848.747 2675.247 532.7741 82.26054 9.840846 0.8716106 0.0544675 0.00231728 6.541742e-05 
0.001736786 0.1040484 3.675052 76.53017 939.6251 6802.827 29063.8 73550.93 112414.9 113601.2 100938.6 103509.5 102685.2 85016.81 58742.4 31714.99 12305.18 3375.447 671.32 98.2143 10.47108 0.8008015 0.04323236 0.001611531 4.035679e-05 
0.002562681 0.1459725 4.902156 97.06122 1133.091 7800.767 31706.4 76524.5 112910.9 115728.4 114525.4 129362.2 132822.9 112739.5 78157.36 40500.19 14537.18 3616.291 654.0987 89.03289 8.989837 0.6465064 0.03195456 0.001060289 2.324763e-05 
0.004243207 0.2296082 7.325209 137.783 1528.038 9993.93 38594.7 88555.97 124564.4 123039.6 119890.8 135406.8 142579.3 126979.7 90630.1 46846.17 16584.65 4071.797 720.281 93.40177 8.756507 0.5790915 0.02639053 0.0008098192 1.635708e-05 
0.004959386 0.254742 7.714598 137.744 1450.149 9005.535 33057.53 72498.15 100031.3 105829.8 120815 146224.1 150403.8 127399.5 86070.61 42207.01 14276.57 3384.499 583.507 73.86307 6.704156 0.4227009 0.01805099 0.0005120036 9.490139e-06 
0.009066731 0.4417738 12.69079 214.9427 2146.488 12642.84 43992.86 91194.68 117345 110981.7 110779.3 128155.1 138186.5 125275.8 86730.23 41752.75 13629.17 3112.284 517.4519 63.10295 5.505885 0.3328884 0.01357598 0.0003653138 6.368706e-06 
0.01507142 0.6961704 18.95907 304.4149 2882.033 16095.47 53141.97 104890.9 130553.1 125281.1 130189 143901.4 137011.7 108303.3 67919.89 30956.95 9894.144 2257.64 375.2244 45.02016 3.796529 0.2192899 0.008492193 0.0002162824 3.560168e-06 
0.02197033 0.9615815 24.81285 377.5012 3386.595 17925.68 56155.81 105734.9 128553.2 128708.5 144619.5 164369 157763.2 124719.8 76314.15 33258.19 10111.64 2209.277 355.732 41.71754 3.442513 0.1933568 0.007207259 0.0001748775 2.720851e-06 
0.03356001 1.391157 33.99944 489.9154 4162.801 20872.65 61982.36 110982.5 130058.5 129816.2 147792.7 168747.1 164122 130719.8 78665.92 33228.11 9778.027 2069.031 321.085 36.04582 2.839628 0.1524394 0.005439288 0.0001262816 1.874463e-06 
0.06221063 2.44163 56.49848 770.8108 6201.208 29440.18 82781.78 140386.8 155901.7 147546.2 159544.7 174204.5 163178.6 125049.2 72168.23 29341.42 8387.181 1734.765 262.3698 28.43622 2.141556 0.1090871 0.00367629 8.044191e-05 1.124935e-06 
0.09920248 3.685496 80.72582 1042.534 7940.015 35699.61 95256.3 154725.1 170714.3 172307.7 195787.4 207114.2 181662.5 130773.6 72339.05 28902.08 8293.037 1732.548 261.6984 27.834 2.027193 0.09880478 0.003160355 6.522276e-05 8.562738e-07 
0.1725848 6.068322 125.7994 1537.635 11084.03 47177.26 119269.5 184271.8 196239.2 196403.8 222707.1 235678.2 207896.2 146506.4 75785.04 27303.04 6955.071 1307.776 183.9754 18.76742 1.326182 0.06257133 0.00192207 3.777549e-05 4.689842e-07 
0.2632857 8.761045 171.8821 1988.299 13566.21 54688.56 131339.8 195394.3 210008.9 225478.4 263770.4 271450.9 228616.9 152994.4 74999.37 25565.78 6112.682 1058.761 134.538 12.33363 0.792023 0.03456716 0.0009969988 1.85504e-05 2.184996e-07 
0.4434939 13.96618 259.3072 2838.79 18331.69 69959.82 159253.6 225762.6 235263.1 250419 290895.5 299470.5 253016.2 165741.1 77130.35 24458.13 5377.651 852.0368 98.8194 8.236067 0.4778655 0.01876343 0.0004874162 8.219348e-06 8.85258e-08 
0.5685696 16.94564 297.7732 3085.483 18864.59 68265.73 148399 207070.5 231313.9 278405 334944.9 334715.1 271009.6 170974.7 77721.4 24553.09 5447.728 862.3986 96.87156 7.566812 0.4027414 0.01435428 0.0003368725 5.120282e-06 4.966231e-08 
0.9157034 25.83158 429.6358 4213.665 24383.99 83514.87 171781.5 226510.8 238761.3 274994.9 329291.9 340430.7 284642.5 177966.5 77286.81 22972.19 4810.994 729.4845 79.58648 6.054894 0.310847 0.01050669 0.0002297764 3.209923e-06 2.835833e-08 
1.489703 39.78043 626.3203 5815.019 31862.04 103417.1 202388.9 257896.7 272066.8 313928.7 358045.7 342493.5 265740 157635 66721.97 19777.43 4163.483 626.3302 66.31206 4.823524 0.2357154 0.007585741 0.0001578349 2.089383e-06 1.737175e-08 
1.904861 48.1575 717.8488 6310.787 32760.84 101020.1 190137.6 244068.5 283613.9 359029.4 413473.8 385277.6 286107 159297.7 62377.01 17036.07 3337.105 476.4288 48.66604 3.430435 0.1615016 0.004959316 9.76607e-05 1.217624e-06 9.514024e-09 
2.529479 60.55053 854.6335 7114.654 34985.49 102337.8 183884.4 230451.1 271654 351381.2 414067.3 399016.8 300195.5 162708.4 60178.46 15231.61 2729.587 354.6242 33.11323 2.157599 0.0950305 0.00275375 5.136418e-05 6.062795e-07 4.471134e-09 
