# Number of parameters = 78 Objective function value = 26529.9727709320  Maximum gradient component = 35.8971898552503
# srv_sel50:
0.999936222208
# srv_sel95:
1.00017394370
# stNatLen:
 12.3855708059 11.5088008833 9.93166973172 8.66489865370 7.74856834437 7.07913962545 6.57625422494 6.18908452277 5.88640908856 5.64876625611 5.46370492564 5.32306772622 5.22147921098 5.15547652416 5.12298093804
# log_avg_fmort_dir:
0.737588549899
# fmort_dir_dev:
 -1.00608007127 -0.788710799322 -0.487135964740 -0.487956941430 -0.676613000562 -0.493288450559 -0.502093828513 -0.546358010797 -0.384910087367 -0.318787114828 -0.109262658000 -0.0201451431160 -0.0638798431803 0.0311856578947 0.201495495803 0.241953484960 0.228187115013 0.327276490335 0.304421244952 0.385681592177 0.556396717795 0.463672815505 0.542759282231 0.600820410357 0.657633786182 0.759194117106 0.730699068340 -0.146155364967
# mean_log_rec:
13.4850544487
# rec_dev:
 -1.56890478152 -2.64453414042 -2.23678201945 -1.46490516899 -1.31179231830 -0.950059160987 -0.759460806181 -0.516214316072 -0.335191888890 -0.112433189238 0.0786627674330 0.160694781399 0.290754700485 0.342387050499 0.433159014258 0.582332968888 0.596035710416 0.618405736275 0.800003757282 0.838162548655 0.734263894676 0.788567895021 0.807028054348 0.882062495648 0.890993418154 0.847213506574 1.10477483843 1.10477465160
# log_avg_NatM:
-1.13234476814
# m_dev:
 0.00000000000 0.00000000000 0.00000000000 0.00000000000 0.00000000000 0.00000000000 0.00000000000 0.00000000000 0.00000000000 0.00000000000 0.00000000000 0.00000000000 0.00000000000 0.00000000000 0.00000000000 0.00000000000 0.00000000000 0.00000000000 0.00000000000 0.00000000000 0.00000000000 0.00000000000 0.00000000000 0.00000000000 0.00000000000 0.00000000000 0.00000000000 0.00000000000
# log_avg_GrowthK:
-1.20372700000
# log_avg_Linf:
3.45755400000
# GrowthK_dev:
 0.00000000000 0.00000000000 0.00000000000 0.00000000000 0.00000000000 0.00000000000 0.00000000000 0.00000000000 0.00000000000 0.00000000000 0.00000000000 0.00000000000 0.00000000000 0.00000000000 0.00000000000 0.00000000000 0.00000000000 0.00000000000 0.00000000000 0.00000000000 0.00000000000 0.00000000000 0.00000000000 0.00000000000 0.00000000000 0.00000000000 0.00000000000 0.00000000000
# Linf_dev:
 0.00000000000 0.00000000000 0.00000000000 0.00000000000 0.00000000000 0.00000000000 0.00000000000 0.00000000000 0.00000000000 0.00000000000 0.00000000000 0.00000000000 0.00000000000 0.00000000000 0.00000000000 0.00000000000 0.00000000000 0.00000000000 0.00000000000 0.00000000000 0.00000000000 0.00000000000 0.00000000000 0.00000000000 0.00000000000 0.00000000000 0.00000000000 0.00000000000
# SelPars50:
0.993140628592
# SelPars95:
1.24253654251
# SelPars_dev50:
 0.00000000000 0.00000000000 0.00000000000 0.00000000000 0.00000000000 0.00000000000 0.00000000000 0.00000000000 0.00000000000 0.00000000000 0.00000000000 0.00000000000 0.00000000000 0.00000000000 0.00000000000 0.00000000000 0.00000000000 0.00000000000 0.00000000000 0.00000000000 0.00000000000 0.00000000000 0.00000000000 0.00000000000 0.00000000000 0.00000000000 0.00000000000 0.00000000000
# SelPars_dev95:
 0.00000000000 0.00000000000 0.00000000000 0.00000000000 0.00000000000 0.00000000000 0.00000000000 0.00000000000 0.00000000000 0.00000000000 0.00000000000 0.00000000000 0.00000000000 0.00000000000 0.00000000000 0.00000000000 0.00000000000 0.00000000000 0.00000000000 0.00000000000 0.00000000000 0.00000000000 0.00000000000 0.00000000000 0.00000000000 0.00000000000 0.00000000000 0.00000000000
