# Number of parameters = 80 Objective function value = 28182.5601761022  Maximum gradient component = 0.000931228629278249
# srv_sel50:
0.866315816354
# srv_sel95:
1.00147463972
# stNatLen:
 10.9915657006 10.3755442126 9.74920590333 9.08698894578 8.46897138704 7.94092096331 7.50562768132 7.15128458806 6.86469462614 6.63488999016 6.45353286475 6.31453415670 6.21359239835 6.14784687182 6.11543996118
# log_avg_fmort_dir:
-0.601634369433
# fmort_dir_dev:
 -1.15939693432 -0.715899626282 -0.686661715632 -0.736035730065 -0.406874940416 -0.615818852263 -0.169022695371 -0.196552800404 -0.156132481862 0.0108536815084 -0.00804612084275 0.228035426641 0.116036107117 0.305677453805 0.309454502493 0.401787505441 0.216181817005 0.255742745353 0.158610529957 0.256008035396 0.241174836878 0.223754381370 0.125734910209 0.199671143827 0.449922315671 0.438538417784 0.273187892451 0.234985222316 0.405084972235
# mean_log_rec:
13.1549013310
# rec_dev:
 -3.24488888438 -3.88516951664 -2.35457985024 -1.25754713132 -1.12466196571 -0.959584231878 -0.641031853352 -0.149586631762 0.0485145261318 0.310370824372 0.615678601469 0.740829881865 0.731997485460 0.626787646629 0.628783125502 0.606635403998 0.643382131868 0.653759324121 0.645467440560 0.703485199558 0.753621248876 0.800493851542 0.879888241580 0.934327724067 0.731230318425 0.516721087595 0.590975253523 0.727050360725 0.727050387412
# log_avg_NatM:
-0.936539706503
# m_dev:
 0.00000000000 0.00000000000 0.00000000000 0.00000000000 0.00000000000 0.00000000000 0.00000000000 0.00000000000 0.00000000000 0.00000000000 0.00000000000 0.00000000000 0.00000000000 0.00000000000 0.00000000000 0.00000000000 0.00000000000 0.00000000000 0.00000000000 0.00000000000 0.00000000000 0.00000000000 0.00000000000 0.00000000000 0.00000000000 0.00000000000 0.00000000000 0.00000000000 0.00000000000
# log_avg_GrowthK:
-1.02151300000
# log_avg_Linf:
3.36611700000
# GrowthK_dev:
 0.00000000000 0.00000000000 0.00000000000 0.00000000000 0.00000000000 0.00000000000 0.00000000000 0.00000000000 0.00000000000 0.00000000000 0.00000000000 0.00000000000 0.00000000000 0.00000000000 0.00000000000 0.00000000000 0.00000000000 0.00000000000 0.00000000000 0.00000000000 0.00000000000 0.00000000000 0.00000000000 0.00000000000 0.00000000000 0.00000000000 0.00000000000 0.00000000000 0.00000000000
# Linf_dev:
 0.00000000000 0.00000000000 0.00000000000 0.00000000000 0.00000000000 0.00000000000 0.00000000000 0.00000000000 0.00000000000 0.00000000000 0.00000000000 0.00000000000 0.00000000000 0.00000000000 0.00000000000 0.00000000000 0.00000000000 0.00000000000 0.00000000000 0.00000000000 0.00000000000 0.00000000000 0.00000000000 0.00000000000 0.00000000000 0.00000000000 0.00000000000 0.00000000000 0.00000000000
# SelPars50:
0.619998083272
# SelPars95:
1.83040575076
# SelPars_dev50:
 0.00000000000 0.00000000000 0.00000000000 0.00000000000 0.00000000000 0.00000000000 0.00000000000 0.00000000000 0.00000000000 0.00000000000 0.00000000000 0.00000000000 0.00000000000 0.00000000000 0.00000000000 0.00000000000 0.00000000000 0.00000000000 0.00000000000 0.00000000000 0.00000000000 0.00000000000 0.00000000000 0.00000000000 0.00000000000 0.00000000000 0.00000000000 0.00000000000 0.00000000000
# SelPars_dev95:
 0.00000000000 0.00000000000 0.00000000000 0.00000000000 0.00000000000 0.00000000000 0.00000000000 0.00000000000 0.00000000000 0.00000000000 0.00000000000 0.00000000000 0.00000000000 0.00000000000 0.00000000000 0.00000000000 0.00000000000 0.00000000000 0.00000000000 0.00000000000 0.00000000000 0.00000000000 0.00000000000 0.00000000000 0.00000000000 0.00000000000 0.00000000000 0.00000000000 0.00000000000
