# Number of parameters = 78 Objective function value = 18593.8312403153  Maximum gradient component = 0.0297532821215574
# srv_sel50:
1.19193179631
# srv_sel95:
2.21105286930
# stNatLen:
 11.5634839377 9.77778594334 8.21636684959 7.17231478046 6.44509969663 5.90074368275 5.47643039723 5.13865826802 4.86750260850 4.65025961220 4.47847242099 4.34638911404 4.25010597338 4.18707338100 4.15581265818
# log_avg_fmort_dir:
0.622256795918
# fmort_dir_dev:
 -1.11420275607 -0.336594726332 -0.257648313491 -0.140650801069 -0.576989645119 -0.0865030082306 -0.111951958196 -0.140166484904 -0.171128714777 -0.0501963982682 -0.107317795377 -0.0313817606592 -0.0566835523214 0.00694827523213 0.141307754143 0.129775810740 0.176964857941 0.213811433555 0.204331509034 0.165702496278 0.182079415861 0.156279398088 0.294480240371 0.374634732561 0.313184317973 0.327606458749 0.370844214643 0.123464999650
# mean_log_rec:
14.2796577261
# rec_dev:
 -2.15128601136 -1.99547612917 -1.83808078241 -1.06778461425 -0.915133366609 -1.02905269212 -0.606510712609 -0.318226168984 -0.102984173448 0.0903599860036 0.377088524985 0.587166885009 0.697321319028 0.559491267579 0.449319489962 0.464808669347 0.431725920587 0.394413537013 0.417122197068 0.451152173388 0.482792246360 0.533332424390 0.576901140035 0.702030905189 0.731759156671 0.658776068287 0.709486370044 0.709486370012
# log_avg_NatM:
0.240627538997
# m_dev:
 0.00000000000 0.00000000000 0.00000000000 0.00000000000 0.00000000000 0.00000000000 0.00000000000 0.00000000000 0.00000000000 0.00000000000 0.00000000000 0.00000000000 0.00000000000 0.00000000000 0.00000000000 0.00000000000 0.00000000000 0.00000000000 0.00000000000 0.00000000000 0.00000000000 0.00000000000 0.00000000000 0.00000000000 0.00000000000 0.00000000000 0.00000000000 0.00000000000
# log_avg_GrowthK:
-1.19613400000
# log_avg_Linf:
3.45239700000
# GrowthK_dev:
 0.00000000000 0.00000000000 0.00000000000 0.00000000000 0.00000000000 0.00000000000 0.00000000000 0.00000000000 0.00000000000 0.00000000000 0.00000000000 0.00000000000 0.00000000000 0.00000000000 0.00000000000 0.00000000000 0.00000000000 0.00000000000 0.00000000000 0.00000000000 0.00000000000 0.00000000000 0.00000000000 0.00000000000 0.00000000000 0.00000000000 0.00000000000 0.00000000000
# Linf_dev:
 0.00000000000 0.00000000000 0.00000000000 0.00000000000 0.00000000000 0.00000000000 0.00000000000 0.00000000000 0.00000000000 0.00000000000 0.00000000000 0.00000000000 0.00000000000 0.00000000000 0.00000000000 0.00000000000 0.00000000000 0.00000000000 0.00000000000 0.00000000000 0.00000000000 0.00000000000 0.00000000000 0.00000000000 0.00000000000 0.00000000000 0.00000000000 0.00000000000
# SelPars50:
1.03711214315
# SelPars95:
1.15314984810
# SelPars_dev50:
 0.00000000000 0.00000000000 0.00000000000 0.00000000000 0.00000000000 0.00000000000 0.00000000000 0.00000000000 0.00000000000 0.00000000000 0.00000000000 0.00000000000 0.00000000000 0.00000000000 0.00000000000 0.00000000000 0.00000000000 0.00000000000 0.00000000000 0.00000000000 0.00000000000 0.00000000000 0.00000000000 0.00000000000 0.00000000000 0.00000000000 0.00000000000 0.00000000000
# SelPars_dev95:
 0.00000000000 0.00000000000 0.00000000000 0.00000000000 0.00000000000 0.00000000000 0.00000000000 0.00000000000 0.00000000000 0.00000000000 0.00000000000 0.00000000000 0.00000000000 0.00000000000 0.00000000000 0.00000000000 0.00000000000 0.00000000000 0.00000000000 0.00000000000 0.00000000000 0.00000000000 0.00000000000 0.00000000000 0.00000000000 0.00000000000 0.00000000000 0.00000000000
