# Number of parameters = 80 Objective function value = 22439.4077888308  Maximum gradient component = 0.000372073286351963
# srv_sel50:
1.45193455494
# srv_sel95:
2.90948185040
# stNatLen:
 11.2154141783 10.7078037557 8.89485581519 7.56718984099 6.70107237205 6.10070841906 5.65406399803 5.30860792048 5.03647178000 4.82126189044 4.65266951929 4.52395367144 4.43064744235 4.36985193392 4.33983939739
# log_avg_fmort_dir:
0.698729462386
# fmort_dir_dev:
 -0.980147706370 -0.718072185278 -0.802550702386 -0.744843502357 -0.475253194530 -0.369731063374 -0.405194363008 -0.235391420085 -0.225929881742 -0.0698072523188 -0.0866663195844 -0.0298767178750 -0.130151981828 0.00369060742579 0.0180078088890 0.170465341929 0.194671982714 0.223552153637 0.227679276010 0.366024743207 0.340488932820 0.375659383480 0.446569160808 0.405322499960 0.469419558225 0.551961336100 0.569891714979 0.492650854253 0.417560936301
# mean_log_rec:
13.7082701118
# rec_dev:
 -2.12611179790 -1.60008720631 -1.41438618839 -1.22281794467 -0.992418000207 -0.856138069332 -0.647469049865 -0.434822371731 -0.0905857428142 -0.0252304276125 0.188797643435 0.534797568379 0.608364104935 0.435897390255 0.426098214170 0.402727423776 0.400555036375 0.459716381881 0.355023986446 0.425534055229 0.475818610000 0.501816130263 0.699547971332 0.811644962570 0.725657627007 0.541912941629 0.451462757547 0.482346983733 0.482347009865
# log_avg_NatM:
-0.525554253233
# m_dev:
 0.00000000000 0.00000000000 0.00000000000 0.00000000000 0.00000000000 0.00000000000 0.00000000000 0.00000000000 0.00000000000 0.00000000000 0.00000000000 0.00000000000 0.00000000000 0.00000000000 0.00000000000 0.00000000000 0.00000000000 0.00000000000 0.00000000000 0.00000000000 0.00000000000 0.00000000000 0.00000000000 0.00000000000 0.00000000000 0.00000000000 0.00000000000 0.00000000000 0.00000000000
# log_avg_GrowthK:
-1.18630400000
# log_avg_Linf:
3.44583300000
# GrowthK_dev:
 0.00000000000 0.00000000000 0.00000000000 0.00000000000 0.00000000000 0.00000000000 0.00000000000 0.00000000000 0.00000000000 0.00000000000 0.00000000000 0.00000000000 0.00000000000 0.00000000000 0.00000000000 0.00000000000 0.00000000000 0.00000000000 0.00000000000 0.00000000000 0.00000000000 0.00000000000 0.00000000000 0.00000000000 0.00000000000 0.00000000000 0.00000000000 0.00000000000 0.00000000000
# Linf_dev:
 0.00000000000 0.00000000000 0.00000000000 0.00000000000 0.00000000000 0.00000000000 0.00000000000 0.00000000000 0.00000000000 0.00000000000 0.00000000000 0.00000000000 0.00000000000 0.00000000000 0.00000000000 0.00000000000 0.00000000000 0.00000000000 0.00000000000 0.00000000000 0.00000000000 0.00000000000 0.00000000000 0.00000000000 0.00000000000 0.00000000000 0.00000000000 0.00000000000 0.00000000000
# SelPars50:
1.45930681081
# SelPars95:
2.32897514742
# SelPars_dev50:
 0.00000000000 0.00000000000 0.00000000000 0.00000000000 0.00000000000 0.00000000000 0.00000000000 0.00000000000 0.00000000000 0.00000000000 0.00000000000 0.00000000000 0.00000000000 0.00000000000 0.00000000000 0.00000000000 0.00000000000 0.00000000000 0.00000000000 0.00000000000 0.00000000000 0.00000000000 0.00000000000 0.00000000000 0.00000000000 0.00000000000 0.00000000000 0.00000000000 0.00000000000
# SelPars_dev95:
 0.00000000000 0.00000000000 0.00000000000 0.00000000000 0.00000000000 0.00000000000 0.00000000000 0.00000000000 0.00000000000 0.00000000000 0.00000000000 0.00000000000 0.00000000000 0.00000000000 0.00000000000 0.00000000000 0.00000000000 0.00000000000 0.00000000000 0.00000000000 0.00000000000 0.00000000000 0.00000000000 0.00000000000 0.00000000000 0.00000000000 0.00000000000 0.00000000000 0.00000000000
