# Number of parameters = 78 Objective function value = 21660.1722291421  Maximum gradient component = 0.00356064234733328
# srv_sel50:
1.38438679889
# srv_sel95:
2.79305766317
# stNatLen:
 11.1730180598 10.5224543214 8.66757856189 7.32245796957 6.44342359104 5.83244303117 5.37701492616 5.02430105133 4.74619049529 4.52610361658 4.35359285478 4.22181679002 4.12624067821 4.06392486031 4.03313091966
# log_avg_fmort_dir:
0.709452345930
# fmort_dir_dev:
 -1.27179852176 -0.709062092432 -0.804352380599 -0.589554982047 -0.471802358158 -0.383497252737 -0.405485713814 -0.197802285245 -0.193284687100 -0.0730276232733 -0.147587082846 -0.0231491064276 0.00609196346024 -0.0660123288023 0.0754172376915 0.154443143354 0.279535682574 0.173527334348 0.355304120165 0.258383643609 0.424151578953 0.406986505551 0.406148616898 0.458944431543 0.461603297062 0.486971443319 0.590976322117 0.797931094597
# mean_log_rec:
13.6291146476
# rec_dev:
 -2.05450930333 -1.52682314585 -1.35983116231 -1.16938642713 -0.895493004798 -0.766163362345 -0.651040864258 -0.472322128008 -0.124534592451 -0.0194411533140 0.218313630770 0.581218485989 0.624877781646 0.464713316373 0.484492514975 0.461270054017 0.385032994647 0.402747188199 0.333160936538 0.499377428982 0.522517311074 0.544311568879 0.675484819137 0.775469728732 0.737441899878 0.573352011992 0.377881736154 0.377881735808
# log_avg_NatM:
-0.589511798998
# m_dev:
 0.00000000000 0.00000000000 0.00000000000 0.00000000000 0.00000000000 0.00000000000 0.00000000000 0.00000000000 0.00000000000 0.00000000000 0.00000000000 0.00000000000 0.00000000000 0.00000000000 0.00000000000 0.00000000000 0.00000000000 0.00000000000 0.00000000000 0.00000000000 0.00000000000 0.00000000000 0.00000000000 0.00000000000 0.00000000000 0.00000000000 0.00000000000 0.00000000000
# log_avg_GrowthK:
-1.18630400000
# log_avg_Linf:
3.44583300000
# GrowthK_dev:
 0.00000000000 0.00000000000 0.00000000000 0.00000000000 0.00000000000 0.00000000000 0.00000000000 0.00000000000 0.00000000000 0.00000000000 0.00000000000 0.00000000000 0.00000000000 0.00000000000 0.00000000000 0.00000000000 0.00000000000 0.00000000000 0.00000000000 0.00000000000 0.00000000000 0.00000000000 0.00000000000 0.00000000000 0.00000000000 0.00000000000 0.00000000000 0.00000000000
# Linf_dev:
 0.00000000000 0.00000000000 0.00000000000 0.00000000000 0.00000000000 0.00000000000 0.00000000000 0.00000000000 0.00000000000 0.00000000000 0.00000000000 0.00000000000 0.00000000000 0.00000000000 0.00000000000 0.00000000000 0.00000000000 0.00000000000 0.00000000000 0.00000000000 0.00000000000 0.00000000000 0.00000000000 0.00000000000 0.00000000000 0.00000000000 0.00000000000 0.00000000000
# SelPars50:
1.48519704040
# SelPars95:
2.40523272050
# SelPars_dev50:
 0.00000000000 0.00000000000 0.00000000000 0.00000000000 0.00000000000 0.00000000000 0.00000000000 0.00000000000 0.00000000000 0.00000000000 0.00000000000 0.00000000000 0.00000000000 0.00000000000 0.00000000000 0.00000000000 0.00000000000 0.00000000000 0.00000000000 0.00000000000 0.00000000000 0.00000000000 0.00000000000 0.00000000000 0.00000000000 0.00000000000 0.00000000000 0.00000000000
# SelPars_dev95:
 0.00000000000 0.00000000000 0.00000000000 0.00000000000 0.00000000000 0.00000000000 0.00000000000 0.00000000000 0.00000000000 0.00000000000 0.00000000000 0.00000000000 0.00000000000 0.00000000000 0.00000000000 0.00000000000 0.00000000000 0.00000000000 0.00000000000 0.00000000000 0.00000000000 0.00000000000 0.00000000000 0.00000000000 0.00000000000 0.00000000000 0.00000000000 0.00000000000
