# Number of parameters = 78 Objective function value = 20928.7718264933  Maximum gradient component = 0.00174334551371611
# srv_sel50:
1.13595931159
# srv_sel95:
2.40922406576
# stNatLen:
 11.3074124948 10.5176442092 8.59657475476 7.29175237894 6.44337446075 5.84832551051 5.40219695489 5.05546455057 4.78144224559 4.56425181679 4.39382586630 4.26354304835 4.16900096678 4.10734251404 4.07687862163
# log_avg_fmort_dir:
0.638703154231
# fmort_dir_dev:
 -1.29300037111 -0.674227126667 -0.773712288454 -0.565342333151 -0.458754358960 -0.298430820726 -0.281663518668 -0.195768257290 -0.252960551646 -0.198604076331 0.0117724302515 -0.0398714301544 -0.0550515918773 0.0387015042690 0.191303622604 0.220881651491 0.288437595209 0.352179418717 0.359280394708 0.441578182036 0.487033157150 0.395967309528 0.437363751161 0.508850094636 0.481065038989 0.499543923057 0.444116539231 -0.0706878880034
# mean_log_rec:
13.5852617638
# rec_dev:
 -2.00787603944 -1.84324714728 -1.66225259031 -1.34018231984 -1.25494750989 -1.15592966612 -0.790739606904 -0.399585350909 -0.114230123349 -0.0113074152955 0.256422012720 0.664065467317 0.722312694343 0.509121373749 0.369935998363 0.431223774996 0.393202264853 0.332360624328 0.371460265827 0.458805748343 0.502854114108 0.577655233358 0.667403313240 0.781728439860 0.824489444831 0.800629050237 0.958313976702 0.958313972162
# log_avg_NatM:
-0.654191300504
# m_dev:
 0.00000000000 0.00000000000 0.00000000000 0.00000000000 0.00000000000 0.00000000000 0.00000000000 0.00000000000 0.00000000000 0.00000000000 0.00000000000 0.00000000000 0.00000000000 0.00000000000 0.00000000000 0.00000000000 0.00000000000 0.00000000000 0.00000000000 0.00000000000 0.00000000000 0.00000000000 0.00000000000 0.00000000000 0.00000000000 0.00000000000 0.00000000000 0.00000000000
# log_avg_GrowthK:
-1.18630400000
# log_avg_Linf:
3.44583300000
# GrowthK_dev:
 0.00000000000 0.00000000000 0.00000000000 0.00000000000 0.00000000000 0.00000000000 0.00000000000 0.00000000000 0.00000000000 0.00000000000 0.00000000000 0.00000000000 0.00000000000 0.00000000000 0.00000000000 0.00000000000 0.00000000000 0.00000000000 0.00000000000 0.00000000000 0.00000000000 0.00000000000 0.00000000000 0.00000000000 0.00000000000 0.00000000000 0.00000000000 0.00000000000
# Linf_dev:
 0.00000000000 0.00000000000 0.00000000000 0.00000000000 0.00000000000 0.00000000000 0.00000000000 0.00000000000 0.00000000000 0.00000000000 0.00000000000 0.00000000000 0.00000000000 0.00000000000 0.00000000000 0.00000000000 0.00000000000 0.00000000000 0.00000000000 0.00000000000 0.00000000000 0.00000000000 0.00000000000 0.00000000000 0.00000000000 0.00000000000 0.00000000000 0.00000000000
# SelPars50:
1.14120731101
# SelPars95:
1.51468129228
# SelPars_dev50:
 0.00000000000 0.00000000000 0.00000000000 0.00000000000 0.00000000000 0.00000000000 0.00000000000 0.00000000000 0.00000000000 0.00000000000 0.00000000000 0.00000000000 0.00000000000 0.00000000000 0.00000000000 0.00000000000 0.00000000000 0.00000000000 0.00000000000 0.00000000000 0.00000000000 0.00000000000 0.00000000000 0.00000000000 0.00000000000 0.00000000000 0.00000000000 0.00000000000
# SelPars_dev95:
 0.00000000000 0.00000000000 0.00000000000 0.00000000000 0.00000000000 0.00000000000 0.00000000000 0.00000000000 0.00000000000 0.00000000000 0.00000000000 0.00000000000 0.00000000000 0.00000000000 0.00000000000 0.00000000000 0.00000000000 0.00000000000 0.00000000000 0.00000000000 0.00000000000 0.00000000000 0.00000000000 0.00000000000 0.00000000000 0.00000000000 0.00000000000 0.00000000000
