# Number of parameters = 78 Objective function value = 21652.0436455349  Maximum gradient component = 0.000389147855172105
# srv_sel50:
1.63268572371
# srv_sel95:
3.25813733964
# stNatLen:
 11.3932280078 10.8636570299 9.08466641227 7.76764990497 6.90347384805 6.30275842092 5.85512634989 5.50855228813 5.23534770681 5.01918727278 4.84978813519 4.72041830045 4.62661407236 4.56547957109 4.53529138062
# log_avg_fmort_dir:
0.762951891510
# fmort_dir_dev:
 -0.874357930707 -0.690433295898 -0.780156087232 -0.742728903575 -0.493084484017 -0.451459628686 -0.399016714039 -0.207362257643 -0.223979691727 -0.198420340181 -0.0918924755693 -0.0260469599183 0.0228719200927 0.0456028153177 0.149170307564 0.194491816080 0.266935243757 0.353326340572 0.315032503994 0.256578643547 0.423937290930 0.448857853758 0.468169701138 0.416358617392 0.437063954700 0.479469861009 0.532506102513 0.368565796827
# mean_log_rec:
13.7895315934
# rec_dev:
 -2.06791257395 -1.55618671838 -1.38913063226 -1.18302713811 -0.935264555216 -0.762238710464 -0.685816148262 -0.569263679702 -0.158918034535 0.00943498172225 0.222354454600 0.584458112039 0.646795956895 0.444862733051 0.417348481299 0.453001665429 0.408035363686 0.403225402837 0.292580703500 0.437133889365 0.491688805919 0.496030227735 0.654172428966 0.754780485653 0.709715827660 0.646818790741 0.617659926254 0.617659953527
# log_avg_NatM:
-0.411890489530
# m_dev:
 0.00000000000 0.00000000000 0.00000000000 0.00000000000 0.00000000000 0.00000000000 0.00000000000 0.00000000000 0.00000000000 0.00000000000 0.00000000000 0.00000000000 0.00000000000 0.00000000000 0.00000000000 0.00000000000 0.00000000000 0.00000000000 0.00000000000 0.00000000000 0.00000000000 0.00000000000 0.00000000000 0.00000000000 0.00000000000 0.00000000000 0.00000000000 0.00000000000
# log_avg_GrowthK:
-1.18630400000
# log_avg_Linf:
3.44583300000
# GrowthK_dev:
 0.00000000000 0.00000000000 0.00000000000 0.00000000000 0.00000000000 0.00000000000 0.00000000000 0.00000000000 0.00000000000 0.00000000000 0.00000000000 0.00000000000 0.00000000000 0.00000000000 0.00000000000 0.00000000000 0.00000000000 0.00000000000 0.00000000000 0.00000000000 0.00000000000 0.00000000000 0.00000000000 0.00000000000 0.00000000000 0.00000000000 0.00000000000 0.00000000000
# Linf_dev:
 0.00000000000 0.00000000000 0.00000000000 0.00000000000 0.00000000000 0.00000000000 0.00000000000 0.00000000000 0.00000000000 0.00000000000 0.00000000000 0.00000000000 0.00000000000 0.00000000000 0.00000000000 0.00000000000 0.00000000000 0.00000000000 0.00000000000 0.00000000000 0.00000000000 0.00000000000 0.00000000000 0.00000000000 0.00000000000 0.00000000000 0.00000000000 0.00000000000
# SelPars50:
1.59214818961
# SelPars95:
2.59787091732
# SelPars_dev50:
 0.00000000000 0.00000000000 0.00000000000 0.00000000000 0.00000000000 0.00000000000 0.00000000000 0.00000000000 0.00000000000 0.00000000000 0.00000000000 0.00000000000 0.00000000000 0.00000000000 0.00000000000 0.00000000000 0.00000000000 0.00000000000 0.00000000000 0.00000000000 0.00000000000 0.00000000000 0.00000000000 0.00000000000 0.00000000000 0.00000000000 0.00000000000 0.00000000000
# SelPars_dev95:
 0.00000000000 0.00000000000 0.00000000000 0.00000000000 0.00000000000 0.00000000000 0.00000000000 0.00000000000 0.00000000000 0.00000000000 0.00000000000 0.00000000000 0.00000000000 0.00000000000 0.00000000000 0.00000000000 0.00000000000 0.00000000000 0.00000000000 0.00000000000 0.00000000000 0.00000000000 0.00000000000 0.00000000000 0.00000000000 0.00000000000 0.00000000000 0.00000000000
