# Number of parameters = 80 Objective function value = 22444.7478600404  Maximum gradient component = 0.000310697822131193
# srv_sel50:
1.53242879670
# srv_sel95:
2.97625438140
# stNatLen:
 11.4743950388 10.8116394628 8.94557858377 7.59721480125 6.71517375527 6.10122366038 5.64321375828 5.28834761877 5.00847352791 4.78696129797 4.61332012284 4.48067569988 4.38447021232 4.32175123627 4.29078851259
# log_avg_fmort_dir:
0.655278939860
# fmort_dir_dev:
 -1.09838820491 -0.766715879993 -0.774599062553 -0.738237920801 -0.559076007902 -0.516098564776 -0.417071723789 -0.266299849660 -0.177034525911 -0.148579762871 -0.140052724979 -0.0508368161048 -0.00530233938269 -0.132989639152 0.178066406133 0.0969259685570 0.170506296257 0.218297990025 0.412491617313 0.372204483243 0.362044469385 0.468089832606 0.351516049679 0.353919047033 0.497570855199 0.655450128549 0.618973710832 0.542418727478 0.492807440493
# mean_log_rec:
13.8728626931
# rec_dev:
 -2.00252386128 -1.52082900866 -1.40385923664 -1.20940694963 -0.956523094485 -0.796834657963 -0.632215887056 -0.465381614127 -0.0828520217896 0.0488443436160 0.240266202647 0.586022828178 0.649974942798 0.448468174689 0.293030987362 0.330222396553 0.347126329796 0.410018798326 0.264946759430 0.371308192803 0.430879248404 0.464413823847 0.612532590895 0.713960126876 0.676668395109 0.516614943908 0.494587705036 0.585269786094 0.585269755273
# log_avg_NatM:
-0.325069737319
# m_dev:
 0.00000000000 0.00000000000 0.00000000000 0.00000000000 0.00000000000 0.00000000000 0.00000000000 0.00000000000 0.00000000000 0.00000000000 0.00000000000 0.00000000000 0.00000000000 0.00000000000 0.00000000000 0.00000000000 0.00000000000 0.00000000000 0.00000000000 0.00000000000 0.00000000000 0.00000000000 0.00000000000 0.00000000000 0.00000000000 0.00000000000 0.00000000000 0.00000000000 0.00000000000
# log_avg_GrowthK:
-1.18630400000
# log_avg_Linf:
3.44583300000
# GrowthK_dev:
 0.00000000000 0.00000000000 0.00000000000 0.00000000000 0.00000000000 0.00000000000 0.00000000000 0.00000000000 0.00000000000 0.00000000000 0.00000000000 0.00000000000 0.00000000000 0.00000000000 0.00000000000 0.00000000000 0.00000000000 0.00000000000 0.00000000000 0.00000000000 0.00000000000 0.00000000000 0.00000000000 0.00000000000 0.00000000000 0.00000000000 0.00000000000 0.00000000000 0.00000000000
# Linf_dev:
 0.00000000000 0.00000000000 0.00000000000 0.00000000000 0.00000000000 0.00000000000 0.00000000000 0.00000000000 0.00000000000 0.00000000000 0.00000000000 0.00000000000 0.00000000000 0.00000000000 0.00000000000 0.00000000000 0.00000000000 0.00000000000 0.00000000000 0.00000000000 0.00000000000 0.00000000000 0.00000000000 0.00000000000 0.00000000000 0.00000000000 0.00000000000 0.00000000000 0.00000000000
# SelPars50:
1.50821678428
# SelPars95:
2.40813757479
# SelPars_dev50:
 0.00000000000 0.00000000000 0.00000000000 0.00000000000 0.00000000000 0.00000000000 0.00000000000 0.00000000000 0.00000000000 0.00000000000 0.00000000000 0.00000000000 0.00000000000 0.00000000000 0.00000000000 0.00000000000 0.00000000000 0.00000000000 0.00000000000 0.00000000000 0.00000000000 0.00000000000 0.00000000000 0.00000000000 0.00000000000 0.00000000000 0.00000000000 0.00000000000 0.00000000000
# SelPars_dev95:
 0.00000000000 0.00000000000 0.00000000000 0.00000000000 0.00000000000 0.00000000000 0.00000000000 0.00000000000 0.00000000000 0.00000000000 0.00000000000 0.00000000000 0.00000000000 0.00000000000 0.00000000000 0.00000000000 0.00000000000 0.00000000000 0.00000000000 0.00000000000 0.00000000000 0.00000000000 0.00000000000 0.00000000000 0.00000000000 0.00000000000 0.00000000000 0.00000000000 0.00000000000
