# Number of parameters = 80 Objective function value = 21679.8878402279  Maximum gradient component = 0.00244805415094243
# srv_sel50:
1.17427600060
# srv_sel95:
2.43250087958
# stNatLen:
 11.5027408787 10.8159343575 8.91613304307 7.62553326383 6.78702795878 6.19917073362 5.75862585736 5.41635221929 5.14592726015 4.93163680519 4.76352234557 4.63503615471 4.54182419824 4.48105826661 4.45106655431
# log_avg_fmort_dir:
0.650239553356
# fmort_dir_dev:
 -1.03429708883 -0.712528580327 -0.728635138971 -0.622330493207 -0.545083147812 -0.475118776572 -0.271077922925 -0.318929842134 -0.270863540174 -0.157025802775 -0.111124667525 -0.0901136194469 0.0511676876951 -0.0323860090332 0.157398815105 0.291784633196 0.258017192293 0.363491356549 0.229527688164 0.407791480900 0.401364395609 0.355394901877 0.450243071441 0.506858690851 0.449661456110 0.575310595082 0.553911620841 0.540454860582 -0.222863816562
# mean_log_rec:
13.6730077734
# rec_dev:
 -1.95541405427 -1.82139122311 -1.69219691994 -1.38226633980 -1.26149879940 -1.15891661687 -0.829099386190 -0.456367102169 -0.211839826763 -0.0407758721583 0.300519156445 0.665053666039 0.701840126130 0.501419514554 0.359603462943 0.392471790969 0.395145020327 0.346066203985 0.445535563198 0.461923773214 0.538514661306 0.648455636502 0.677062266967 0.747046473133 0.769341332351 0.665678434023 0.638061928467 0.778013589020 0.778013541100
# log_avg_NatM:
-0.515944756473
# m_dev:
 0.00000000000 0.00000000000 0.00000000000 0.00000000000 0.00000000000 0.00000000000 0.00000000000 0.00000000000 0.00000000000 0.00000000000 0.00000000000 0.00000000000 0.00000000000 0.00000000000 0.00000000000 0.00000000000 0.00000000000 0.00000000000 0.00000000000 0.00000000000 0.00000000000 0.00000000000 0.00000000000 0.00000000000 0.00000000000 0.00000000000 0.00000000000 0.00000000000 0.00000000000
# log_avg_GrowthK:
-1.18630400000
# log_avg_Linf:
3.44583300000
# GrowthK_dev:
 0.00000000000 0.00000000000 0.00000000000 0.00000000000 0.00000000000 0.00000000000 0.00000000000 0.00000000000 0.00000000000 0.00000000000 0.00000000000 0.00000000000 0.00000000000 0.00000000000 0.00000000000 0.00000000000 0.00000000000 0.00000000000 0.00000000000 0.00000000000 0.00000000000 0.00000000000 0.00000000000 0.00000000000 0.00000000000 0.00000000000 0.00000000000 0.00000000000 0.00000000000
# Linf_dev:
 0.00000000000 0.00000000000 0.00000000000 0.00000000000 0.00000000000 0.00000000000 0.00000000000 0.00000000000 0.00000000000 0.00000000000 0.00000000000 0.00000000000 0.00000000000 0.00000000000 0.00000000000 0.00000000000 0.00000000000 0.00000000000 0.00000000000 0.00000000000 0.00000000000 0.00000000000 0.00000000000 0.00000000000 0.00000000000 0.00000000000 0.00000000000 0.00000000000 0.00000000000
# SelPars50:
1.21506726318
# SelPars95:
1.75656803232
# SelPars_dev50:
 0.00000000000 0.00000000000 0.00000000000 0.00000000000 0.00000000000 0.00000000000 0.00000000000 0.00000000000 0.00000000000 0.00000000000 0.00000000000 0.00000000000 0.00000000000 0.00000000000 0.00000000000 0.00000000000 0.00000000000 0.00000000000 0.00000000000 0.00000000000 0.00000000000 0.00000000000 0.00000000000 0.00000000000 0.00000000000 0.00000000000 0.00000000000 0.00000000000 0.00000000000
# SelPars_dev95:
 0.00000000000 0.00000000000 0.00000000000 0.00000000000 0.00000000000 0.00000000000 0.00000000000 0.00000000000 0.00000000000 0.00000000000 0.00000000000 0.00000000000 0.00000000000 0.00000000000 0.00000000000 0.00000000000 0.00000000000 0.00000000000 0.00000000000 0.00000000000 0.00000000000 0.00000000000 0.00000000000 0.00000000000 0.00000000000 0.00000000000 0.00000000000 0.00000000000 0.00000000000
