#Simulated generalized assessment 
# 
#start/end year 
73 100 
#number of ages 
15 
#ages 
1 2 3 4 5 6 7 8 9 10 11 12 13 14 15 
#Number of length bins 
25 
#CPUE years 
28 
#years for CPUE 
73 74 75 76 77 78 79 80 81 82 83 84 85 86 87 88 89 90 91 92 93 94 95 96 97 98 99 100 
#survey years 
28 
#years for survey 
73 74 75 76 77 78 79 80 81 82 83 84 85 86 87 88 89 90 91 92 93 94 95 96 97 98 99 100 
#length freq from catch years 
28 
#years for length freq catch 
73 74 75 76 77 78 79 80 81 82 83 84 85 86 87 88 89 90 91 92 93 94 95 96 97 98 99 100 
#catch length sample sizes 
200 200 200 200 200 200 200 200 200 200 200 200 200 200 200 200 200 200 200 200 200 200 200 200 200 200 200 200 
#length freq from survey years 
28 
#years for length freq survey 
73 74 75 76 77 78 79 80 81 82 83 84 85 86 87 88 89 90 91 92 93 94 95 96 97 98 99 100 
#survey sample sizes 
200 200 200 200 200 200 200 200 200 200 200 200 200 200 200 200 200 200 200 200 200 200 200 200 200 200 200 200 
#total survey biomass 
50048.82 23343.32 12890.96 16334.23 13959.52 21994.85 29066.07 42764.61 50264.53 45749.36 61528.13 61479.76 65682.3 111917.4 75313.04 103722.9 66760.73 75480.13 88304.85 85286.01 102106.6 128838.5 183211.4 136246.4 128547.4 94800.07 95224.61 130653 
#survey CV 
0.2 0.2 0.2 0.2 0.2 0.2 0.2 0.2 0.2 0.2 0.2 0.2 0.2 0.2 0.2 0.2 0.2 0.2 0.2 0.2 0.2 0.2 0.2 0.2 0.2 0.2 0.2 0.2 
#total CPUE 
36539.75 26958.22 14998.63 9652.715 19953.67 28529.63 25119.29 35836.37 40884.04 35106.78 51557.76 56170.47 58401.83 81489.23 67200.83 78697.94 112377.6 85260.62 120285.4 156001.7 85004.79 111822.3 125223.2 151709.9 127848.8 129387.9 96804.13 92419.61 
#CPUE CV 
0.2 0.2 0.2 0.2 0.2 0.2 0.2 0.2 0.2 0.2 0.2 0.2 0.2 0.2 0.2 0.2 0.2 0.2 0.2 0.2 0.2 0.2 0.2 0.2 0.2 0.2 0.2 0.2 
#total catch biomass 
21676.68 14614.75 18121.09 9457.162 10058.06 14112.39 20405.7 23771.33 34458.66 36957.6 42514.87 43130.21 57994.64 81245.2 62868.06 50693.33 69603.52 76249.1 90377.44 101228.3 118293 91600.93 107811.1 112780.4 110112.4 107586.2 127397.6 147050.1 
#catch CV 
0.1 0.1 0.1 0.1 0.1 0.1 0.1 0.1 0.1 0.1 0.1 0.1 0.1 0.1 0.1 0.1 0.1 0.1 0.1 0.1 0.1 0.1 0.1 0.1 0.1 0.1 0.1 0.1 
#Length Bins 
0.7268035 2.18041 3.634017 5.087624 6.541231 7.994838 9.448445 10.90205 12.35566 13.80927 15.26287 16.71648 18.17009 19.62369 21.0773 22.53091 23.98451 25.43812 26.89173 28.34534 29.79894 31.25255 32.70616 34.15976 35.61337 
#catch length counts 
3.633739e-06 0.0003367624 0.01840265 0.5929589 11.26574 126.2125 833.9547 3253.583 7539.152 10696.88 10645.54 10478.24 11824.11 12061.96 10542.84 8225.635 5456.544 2992.007 1383.86 534.3976 163.5059 37.28044 6.015349 0.660811 0.04802341 
5.806757e-06 0.0005190404 0.02735619 0.8501542 15.57867 168.333 1072.752 4036.211 9015.658 12302.86 11670.12 10815.94 11679.17 11751.14 10312.28 7997.069 5157.746 2706.333 1183.505 428.2907 122.5339 26.20821 3.975953 0.4096329 0.02774502 
3.282547e-06 0.0002825071 0.01433623 0.428973 7.56876 78.75457 483.5965 1758.889 3862.128 5602.593 7131.292 10280.53 13504.83 13567.76 11203.77 8168.393 5029.829 2535.904 1057.66 359.9653 95.7608 18.94591 2.658236 0.2537673 0.01594692 
7.836495e-07 6.483149e-05 0.003162555 0.09096678 1.542924 15.43669 91.24412 321.3256 703.3798 1139.935 1945.701 3605.86 5654.554 7276.948 7807.148 6415.791 3804.545 1694.298 616.2646 188.1216 45.87343 8.354253 1.076545 0.09425798 0.005435595 
3.052561e-05 0.002423869 0.1134856 3.132992 50.99939 489.5069 2770.423 9246.043 18202.99 21181.21 14730.94 6571.723 2831.787 2541.222 3081.18 2982.112 2129.046 1131.707 448.4294 132.2211 29.10151 4.730708 0.5491904 0.04366056 0.002293873 
2.555787e-05 0.001945021 0.08727924 2.309335 36.02984 331.5055 1799.927 5786.853 11213.24 14231.51 15438.43 18461.64 19342.43 13581.66 6083.134 2028.256 781.8786 399.4773 182.6191 60.66636 13.94101 2.188653 0.2330851 0.01665502 0.0007851362 
8.53765e-05 0.006218748 0.2670881 6.763847 101.0005 889.3265 4618.43 14160.78 25779.4 28676.91 22203.69 17088.36 16355.72 15832.5 13178.12 8240.969 3437.761 923.5653 175.1991 30.3855 5.520886 0.843281 0.08921278 0.006130145 0.0002688656 
0.0001752724 0.01220364 0.5010169 12.1284 173.1204 1457.186 7235.244 21229.75 37157.51 40627.32 33324.94 28778.1 25900.74 18733.82 10682.48 5228.022 2136.528 667.616 151.6024 24.48515 2.849478 0.2563357 0.01902481 0.001107687 4.509261e-05 
0.0002471626 0.01643047 0.6440278 14.88499 202.858 1630.38 7732.485 21714.12 36730.46 40572.07 38069.95 40040.86 39532.47 30293.56 18581.68 9264.812 3445.896 900.8044 169.9792 24.61364 2.760098 0.2274337 0.01312763 0.0005261513 1.486776e-05 
0.0006207396 0.03935328 1.471091 32.42551 421.4338 3230.005 14604.8 39046.18 62438.17 63159.2 49940.73 43617.34 40549.74 32541.09 21769.14 11415.3 4235.946 1066.805 186.9553 23.90293 2.284359 0.1616686 0.008254023 0.0002942978 7.092567e-06 
0.0008161957 0.0492963 1.755585 36.86548 456.4817 3333.571 14370.79 36745.63 57081.03 59946.16 57315.81 60630.22 55685.9 38149.58 20591.34 9057.232 3007.198 703.9212 116.3504 14.01376 1.241375 0.07922647 0.003548781 0.0001093803 2.281266e-06 
0.001807218 0.1038852 3.521145 70.37263 829.3235 5763.693 23638.75 57409.93 84011.75 80321.69 65329.81 60398.01 54789.78 41190.11 25321.57 11863.76 3813.71 803.2239 113.0744 11.28217 0.8400333 0.04680691 0.001881667 5.2373e-05 9.785685e-07 
0.003153132 0.1723503 5.554813 105.5645 1182.971 7818.524 30508.08 70650.53 99659.68 95944.98 85383.65 83868.29 71572.88 46646.44 24350.68 10123.74 3058.156 632.4708 89.90594 9.023537 0.6449991 0.03237004 0.001122391 2.665928e-05 4.300625e-07 
0.004916634 0.2553275 7.818351 141.1643 1502.967 9438.472 35007.57 77209.6 104676.6 100206 93399.54 94378.9 80355.36 52733.14 27725.58 11179.43 3116.05 566.8943 67.82525 5.613945 0.3397277 0.01524195 0.0004908668 1.086095e-05 1.598059e-07 
0.009770205 0.4816812 14.00244 240.0158 2425.995 14463.21 50924.53 106590.8 136944.4 123516.9 107694 103075.4 85402.81 56001.66 29530.04 11703.75 3157.679 555.2456 64.42 5.12561 0.2881711 0.01145414 0.0003164055 5.983975e-06 7.666213e-08 
0.01461392 0.6835184 18.85047 306.5417 2939.589 16629.78 55611.59 111045.7 138899.3 130464 126729.3 125311.2 97873.63 57811.77 27163.33 9739.074 2410.92 389.9627 41.41218 3.003562 0.1545999 0.005683489 0.0001458319 2.538806e-06 2.936145e-08 
0.02538618 1.125763 29.43645 453.8574 4126.527 22134.03 70185.54 132931 157897.4 141318.6 131590.5 126317.5 98724.17 60471.06 29367.3 10430.7 2460.909 370.0167 35.78029 2.315837 0.1049474 0.003395536 7.737458e-05 1.209494e-06 1.26799e-08 
0.0426389 1.791848 44.40025 648.7358 5589.77 28417.82 85465.94 154026.1 176549.8 158686.2 151910.6 143886.7 108043.6 63348.85 29439.16 10027.04 2293.728 342.0307 33.81089 2.286353 0.1072708 0.003447942 7.426302e-05 1.056591e-06 9.877381e-09 
0.07363031 2.931004 68.7964 952.1731 7771.818 37433.71 106736.1 182972.2 202263.9 181706.7 176758.1 165993.9 123590.2 72728 33582.71 11137.14 2462.995 358.1094 35.13748 2.399545 0.114703 0.003760782 8.240096e-05 1.18344e-06 1.099164e-08 
0.1357906 5.118624 113.7697 1491.088 11525.17 52574.48 142052.8 231337.1 245403.9 216529.8 207946.2 189303.1 136362.9 77870.85 34639.5 10970.22 2315.526 323.6468 30.85335 2.063986 0.09696855 0.003128997 6.762809e-05 9.606821e-07 8.837981e-09 
0.1873091 6.684442 140.6578 1745.321 12773.31 55201.85 141677.6 221872.3 237325 231244.7 242556.1 219990.3 151779.6 82161.48 34426.08 10220.26 2016.486 263.0591 23.41527 1.468231 0.06511254 0.001998626 4.134444e-05 5.643216e-07 4.998833e-09 
0.3530898 11.92753 237.5786 2790.458 19330.73 79065.01 191917 283283.7 281899.7 250327.6 244065.5 217268.6 154692.2 87525.33 37025.79 10682.05 2009.615 248.4559 20.90569 1.233596 0.0511489 0.001460372 2.805483e-05 3.562276e-07 2.946431e-09 
0.5468346 17.48444 329.6414 3664.832 24033.98 93115.47 214706.2 304907.8 305258.9 290677.9 291878.5 245751.9 158203.4 80247.96 31039.71 8399.253 1515.046 183.0377 15.221 0.8845305 0.03555177 0.0009665148 1.744103e-05 2.061957e-07 1.579454e-09 
0.7595484 22.987 410.2104 4316.868 26801.78 98385.26 215746.9 296145.6 301765.9 309355.9 323197.2 274883.4 180851.2 93363.26 35523.59 9160.188 1547.377 173.847 13.46452 0.7355712 0.02813479 0.0007342426 1.274372e-05 1.442745e-07 1.049658e-09 
1.314272 37.65006 635.979 6335.108 37228.8 129323.5 268057.5 345969.1 325917.2 304357 296569.2 243107.8 157029.2 79114.24 28791.4 6987.544 1099.857 114.2227 8.118874 0.4053087 0.01417169 0.0003395388 5.445819e-06 5.739617e-08 3.913792e-10 
1.875301 50.85645 813.2489 7669.41 42681.55 140599 278087.4 351453.5 348209 357638 354031.1 275077.5 164421.7 76788.46 26311.08 6135.768 949.514 98.97774 7.104285 0.3522065 0.01186711 0.0002665083 3.936122e-06 3.788438e-08 2.354788e-10 
3.349826 86.0087 1302.161 11626.45 61258.03 191029.5 357482.9 426350.3 395914.9 381805.3 364225.2 282622.9 172341.7 80636.07 26650.48 5823.208 830.1752 79.21575 5.241565 0.2441534 0.007890092 0.0001719931 2.465675e-06 2.281603e-08 1.344172e-10 
4.593068 111.6673 1600.887 13536.18 67569.97 200033.7 358547.4 423948.1 421262.9 439525.5 413538.7 296999.3 163651.2 69444.6 21133.53 4301.747 574.4685 51.33607 3.161774 0.1358232 0.004021531 8.032765e-05 1.062108e-06 9.155512e-09 5.073896e-11 
#survey length counts 
6.510498e-06 0.0006033704 0.03297165 1.062392 20.18455 226.1294 1494.076 5827.206 13481.01 18971.25 18238.93 16631.68 17810.62 18087.72 16025.15 12597.69 8281.197 4430.449 1978.585 735.905 218.3133 48.85886 7.818715 0.8552748 0.06181674 
3.105761e-06 0.0002776104 0.01463156 0.4547099 8.332524 90.04654 574.2116 2167.745 4928.184 7322.178 9315.449 13411.94 17958.45 18409.29 15388.73 11371.51 7137.45 3673.465 1567.762 549.5072 151.8076 31.45734 4.65905 0.472566 0.03171271 
7.474396e-07 6.432719e-05 0.003264381 0.09767848 1.723497 17.93706 110.2643 403.374 912.1899 1498.193 2538.918 4743.25 7572.621 9889.171 10820.35 9151.859 5593.212 2554.01 949.8124 298.1077 75.49082 14.4117 1.961938 0.1826192 0.01125158 
2.660705e-05 0.002201206 0.1073771 3.088511 52.38102 523.8256 3088.818 10740.31 22029.23 26699.31 19313.69 8878.677 3759.259 3227.62 3958.574 3942.882 2901.175 1591.456 652.5665 199.6539 45.7725 7.800037 0.9564055 0.08084223 0.00453915 
2.127657e-05 0.001689454 0.0791004 2.183734 35.54831 341.2592 1933.086 6481.34 13071.01 17119.36 18797.73 22751.49 24631.8 18017.41 8371.526 2825.843 1062.302 542.6506 256.5625 89.13424 21.52153 3.563538 0.4019186 0.03055391 0.001539235 
6.355968e-05 0.004837056 0.2170538 5.743034 89.59953 824.282 4472.315 14325.25 27229.02 31542.83 25167.63 19571.69 18896.04 18571.7 15826.52 10267.52 4477.661 1255.702 245.0985 42.87229 7.961952 1.276748 0.1434845 0.01052202 0.0004940098 
0.0001339473 0.009756602 0.419035 10.61182 158.4611 1395.32 7247.364 22241.07 40674.65 46264.59 38924.6 34063.12 31446.76 23433.87 13646.71 6802.281 2856.457 924.4845 218.4415 36.80709 4.463842 0.4172987 0.03235122 0.001993237 8.67282e-05 
0.0001773664 0.01234944 0.5070029 12.27334 175.1917 1474.728 7325.142 21536.49 38082.76 43692.77 41955.93 45061.31 45913.32 36208.35 22717.99 11652.83 4501.369 1224.713 239.6618 35.94347 4.198833 0.3632741 0.0221279 0.0009387307 2.818027e-05 
0.0004142849 0.02754016 1.079495 24.9496 340.0175 2732.544 12954.98 36309.81 60820.59 64218.48 52456.13 46954.53 44890.25 36916.48 25302.33 13735.87 5320.512 1400.119 255.7153 34.02546 3.391947 0.2515906 0.01353604 0.0005113535 1.311807e-05 
0.0005398982 0.03422815 1.279507 28.20277 366.56 2809.797 12713.31 34107.41 55503.39 60703.8 59842 65449.39 62504.79 44252.38 24489.15 11091.15 3829.127 935.5193 161.223 20.24229 1.875368 0.1257889 0.005947933 0.0001942914 4.310786e-06 
0.001164868 0.0703553 2.505556 52.61393 651.4737 4757.137 20498.49 52293.23 80304.22 80257.31 67634.59 64589.79 60574.72 46790.81 29584.73 14419.5 4863.1 1076.097 158.6572 16.51544 1.282885 0.07493366 0.003177468 9.377426e-05 1.865341e-06 
0.001950905 0.1121448 3.801105 75.96811 895.2813 6222.682 25533.68 62167.39 92108.65 92839.33 86103.36 88262.52 78524.78 52874.13 28361.7 12207.51 3854.229 835.5705 124.3778 13.0692 0.9805562 0.05184498 0.001899924 4.783322e-05 8.205717e-07 
0.003024833 0.1653375 5.328794 101.2695 1134.858 7501.139 29281.68 67952.52 96837.86 97145.25 94584.01 99949.95 88660.44 60053.5 32535.6 13659.3 4001.43 767.0311 96.4642 8.359188 0.5289388 0.02490773 0.0008470347 1.989285e-05 3.118386e-07 
0.005765189 0.2993941 9.167708 165.5276 1762.354 11067.2 41044.93 90484.49 122411.1 116229.9 106722.1 107342.6 92669.53 62690.59 34141.48 14132.09 4013.965 744.1733 90.84226 7.588241 0.448131 0.01876868 0.0005482402 1.09974e-05 1.498813e-07 
0.008518825 0.419987 12.20901 209.2764 2115.383 12614.16 44463.11 93582.29 123408.7 122401.9 125870.5 131346 107282.6 65564.37 31821.24 11904.87 3102.896 529.7301 59.26447 4.515601 0.2440968 0.009454001 0.0002567033 4.747349e-06 5.850047e-08 
0.0149449 0.6989991 19.27741 313.4847 3006.177 17006.74 56876.58 113615.8 142378.2 134677.5 132817.7 134363.6 109474.5 69277.78 34885.48 12997.39 3240.551 515.6772 52.66735 3.588819 0.1709709 0.005826908 0.0001404331 2.33092e-06 2.603194e-08 
0.02543946 1.128126 29.49827 454.8136 4135.357 22185.06 70405.75 133894.7 162026.5 154094.7 156388.6 156150.6 122251.5 74085.89 35723.06 12764.43 3082.785 485.6099 50.60989 3.604138 0.1783957 0.006070727 0.0001388696 2.103061e-06 2.096461e-08 
0.04318295 1.814712 44.96686 657.0194 5661.354 28787.07 86656.35 156876.9 183449.2 175262.8 181653.4 179969.4 139530.8 84900.99 40794.53 14224.5 3322.838 509.993 52.70115 3.788762 0.1911825 0.00664382 0.0001548295 2.371392e-06 2.354045e-08 
0.07756458 3.087616 72.4725 1003.059 8187.445 39442.47 112560.5 193760.8 218066.3 206093.3 212333.7 204356.1 153329.1 90641.38 42038.08 14014.9 3125.416 460.9905 46.27005 3.259304 0.1617459 0.005535652 0.0001273367 1.930494e-06 1.899941e-08 
0.1066232 4.019164 89.33301 1170.852 9051.32 41320.6 112058.9 185719.6 211608.8 222261 250397.5 239951.7 172496.9 96773.67 42331.92 13242.89 2762.686 380.5507 35.67628 2.355569 0.1103298 0.003591886 7.910094e-05 1.15282e-06 1.093125e-08 
0.19623 7.002801 147.3568 1828.439 13381.4 57825.41 148356.2 231937.3 246537.4 237601.6 250192.9 235150.5 174113.7 102378.7 45445.25 13861.32 2761.289 360.7482 31.99673 1.990323 0.08725571 0.00264436 5.41031e-05 7.336808e-07 6.497081e-09 
0.305281 10.31254 205.4121 2412.742 16717.27 68438.35 166860 251381.1 270217.8 280826.3 304568.5 271041.6 181795.8 95798.11 38808.28 11082.48 2113.568 269.5566 23.63516 1.450455 0.06178152 0.001786229 3.437468e-05 4.344152e-07 3.564882e-09 
0.3997173 12.78056 240.9601 2679.063 17574.33 68183.07 158261.5 231526 256854.9 291788.3 330196.6 296271.8 202979.2 109242.4 43728.34 11933.23 2134.405 253.3031 20.68329 1.192559 0.04832003 0.001341315 2.484603e-05 3.010129e-07 2.348798e-09 
0.7092376 21.4644 383.0393 4030.941 25026.86 91875.03 201525.5 276965.1 283462.3 293122.8 309537.7 267511.3 179990.2 94752.56 36358.89 9351.949 1560.278 171.34 12.85153 0.6774889 0.02509651 0.0006394773 1.094389e-05 1.234133e-07 9.025938e-10 
0.9850357 28.21852 476.6733 4748.728 27920.25 97219.41 203775.6 275913.5 301285.2 345163 369646.9 302846.2 188742.7 92091.31 33234.56 8200.436 1342.751 147.8845 11.21592 0.5890094 0.02109347 0.0005049359 7.967014e-06 8.208876e-08 5.473432e-10 
1.677135 45.48242 727.3175 6859.249 38178.78 125858.5 249782.6 320263.2 331163.8 360919.1 374322 306252.4 195043.5 95763.6 33463.49 7754.483 1171.242 118.1074 8.249564 0.4064481 0.01394844 0.0003241641 4.97e-06 4.930428e-08 3.120134e-10 
2.252671 57.83907 875.7104 7820.283 41239.51 129125.7 246150.6 316177 355762.1 419724.1 427564.2 323919 186626 83096.55 26724.09 5767.703 816.1959 77.13798 5.021326 0.2284259 0.007186592 0.0001530351 2.163206e-06 1.998393e-08 1.189513e-10 
3.27771 79.68862 1142.464 9661.252 48255.98 143255.6 260015.4 322676.8 359388.7 419988.7 422569.8 323172.8 190860 85168.9 26405.31 5335.574 692.9405 59.1902 3.452486 0.1409513 0.004012394 7.786136e-05 1.005595e-06 8.484212e-09 4.608709e-11 
