# Number of parameters = 78 Objective function value = 21649.6258870076  Maximum gradient component = 0.00269621841287819
# srv_sel50:
1.38768996404
# srv_sel95:
2.72787006432
# stNatLen:
 11.3383771010 10.7797132509 8.97610468831 7.66008570368 6.79996400258 6.20266974634 5.75781196291 5.41349000650 5.14211282667 4.92742597698 4.75919740055 4.63073079727 4.53758656771 4.47688119865 4.44689698741
# log_avg_fmort_dir:
0.692948062626
# fmort_dir_dev:
 -1.02519658332 -0.725305135071 -0.704224590295 -0.650288116241 -0.401818181278 -0.419579556140 -0.222009998560 -0.164925436863 -0.192353653898 -0.186386722189 -0.111463102381 -0.0186231303562 -0.0172484569293 -0.0223416406714 0.150229255474 0.215975032554 0.281276891215 0.210105887279 0.310320104284 0.334944906798 0.444029665949 0.421420669903 0.400133216418 0.426738013255 0.558639323652 0.460982522978 0.469240790123 0.177728024309
# mean_log_rec:
13.7370260700
# rec_dev:
 -2.04945673676 -1.56203710906 -1.41048977584 -1.22780621954 -0.951981835177 -0.800699195157 -0.702653301339 -0.521113619275 -0.100925728226 0.0535957189356 0.224684149580 0.564094169752 0.644144924782 0.471759338605 0.385955774651 0.368038011717 0.377358885907 0.409598944708 0.298423140363 0.385189621768 0.442072226409 0.457509445608 0.638733639817 0.734042985092 0.689611265854 0.695807008068 0.743272129503 0.743272139259
# log_avg_NatM:
-0.493991789260
# m_dev:
 0.00000000000 0.00000000000 0.00000000000 0.00000000000 0.00000000000 0.00000000000 0.00000000000 0.00000000000 0.00000000000 0.00000000000 0.00000000000 0.00000000000 0.00000000000 0.00000000000 0.00000000000 0.00000000000 0.00000000000 0.00000000000 0.00000000000 0.00000000000 0.00000000000 0.00000000000 0.00000000000 0.00000000000 0.00000000000 0.00000000000 0.00000000000 0.00000000000
# log_avg_GrowthK:
-1.18630400000
# log_avg_Linf:
3.44583300000
# GrowthK_dev:
 0.00000000000 0.00000000000 0.00000000000 0.00000000000 0.00000000000 0.00000000000 0.00000000000 0.00000000000 0.00000000000 0.00000000000 0.00000000000 0.00000000000 0.00000000000 0.00000000000 0.00000000000 0.00000000000 0.00000000000 0.00000000000 0.00000000000 0.00000000000 0.00000000000 0.00000000000 0.00000000000 0.00000000000 0.00000000000 0.00000000000 0.00000000000 0.00000000000
# Linf_dev:
 0.00000000000 0.00000000000 0.00000000000 0.00000000000 0.00000000000 0.00000000000 0.00000000000 0.00000000000 0.00000000000 0.00000000000 0.00000000000 0.00000000000 0.00000000000 0.00000000000 0.00000000000 0.00000000000 0.00000000000 0.00000000000 0.00000000000 0.00000000000 0.00000000000 0.00000000000 0.00000000000 0.00000000000 0.00000000000 0.00000000000 0.00000000000 0.00000000000
# SelPars50:
1.53097141591
# SelPars95:
2.49893358499
# SelPars_dev50:
 0.00000000000 0.00000000000 0.00000000000 0.00000000000 0.00000000000 0.00000000000 0.00000000000 0.00000000000 0.00000000000 0.00000000000 0.00000000000 0.00000000000 0.00000000000 0.00000000000 0.00000000000 0.00000000000 0.00000000000 0.00000000000 0.00000000000 0.00000000000 0.00000000000 0.00000000000 0.00000000000 0.00000000000 0.00000000000 0.00000000000 0.00000000000 0.00000000000
# SelPars_dev95:
 0.00000000000 0.00000000000 0.00000000000 0.00000000000 0.00000000000 0.00000000000 0.00000000000 0.00000000000 0.00000000000 0.00000000000 0.00000000000 0.00000000000 0.00000000000 0.00000000000 0.00000000000 0.00000000000 0.00000000000 0.00000000000 0.00000000000 0.00000000000 0.00000000000 0.00000000000 0.00000000000 0.00000000000 0.00000000000 0.00000000000 0.00000000000 0.00000000000
