#Simulated generalized assessment 
# 
#start/end year 
69 96 
#number of ages 
15 
#ages 
1 2 3 4 5 6 7 8 9 10 11 12 13 14 15 
#Number of length bins 
25 
#CPUE years 
28 
#years for CPUE 
69 70 71 72 73 74 75 76 77 78 79 80 81 82 83 84 85 86 87 88 89 90 91 92 93 94 95 96 
#survey years 
28 
#years for survey 
69 70 71 72 73 74 75 76 77 78 79 80 81 82 83 84 85 86 87 88 89 90 91 92 93 94 95 96 
#length freq from catch years 
28 
#years for length freq catch 
69 70 71 72 73 74 75 76 77 78 79 80 81 82 83 84 85 86 87 88 89 90 91 92 93 94 95 96 
#catch length sample sizes 
200 200 200 200 200 200 200 200 200 200 200 200 200 200 200 200 200 200 200 200 200 200 200 200 200 200 200 200 
#length freq from survey years 
28 
#years for length freq survey 
69 70 71 72 73 74 75 76 77 78 79 80 81 82 83 84 85 86 87 88 89 90 91 92 93 94 95 96 
#survey sample sizes 
200 200 200 200 200 200 200 200 200 200 200 200 200 200 200 200 200 200 200 200 200 200 200 200 200 200 200 200 
#total survey biomass 
11092.4 11112.77 15957.48 15128.49 26257.09 26098.07 30101.02 39944.24 45892.72 60571.75 79408.1 83482.74 109996.9 121057.2 76475.82 80842.4 73811.12 85828.17 58043.26 58665.24 101970.1 124222.9 84465.82 118389.6 122026.8 159673.4 122518.6 111293.2 
#survey CV 
0.2 0.2 0.2 0.2 0.2 0.2 0.2 0.2 0.2 0.2 0.2 0.2 0.2 0.2 0.2 0.2 0.2 0.2 0.2 0.2 0.2 0.2 0.2 0.2 0.2 0.2 0.2 0.2 
#total CPUE 
5289.22 6115.894 13951.88 14960.92 14955.24 17246.79 30114.27 30157.69 47091.25 63810.85 57078.62 59088.35 90835.5 81249.64 99243.02 115597.1 118705.1 58281.81 88128.5 92834.77 92617.24 111212.2 123331.4 113110.9 201309.7 127603.5 103657.7 65946.07 
#CPUE CV 
0.2 0.2 0.2 0.2 0.2 0.2 0.2 0.2 0.2 0.2 0.2 0.2 0.2 0.2 0.2 0.2 0.2 0.2 0.2 0.2 0.2 0.2 0.2 0.2 0.2 0.2 0.2 0.2 
#total catch biomass 
6063.363 5800.279 6187.837 9728.647 13219.65 17484.84 21206.56 25046.02 27898.27 35613.74 54873.54 62610.78 82302.81 102790 108492.1 91761.28 81698.83 80265.78 84781.52 81039.04 82027.97 77612.51 87303.02 101119.5 116325.2 122087.8 116184.9 99121.21 
#catch CV 
0.05 0.05 0.05 0.05 0.05 0.05 0.05 0.05 0.05 0.05 0.05 0.05 0.05 0.05 0.05 0.05 0.05 0.05 0.05 0.05 0.05 0.05 0.05 0.05 0.05 0.05 0.05 0.05 
#Length Bins 
0.7268035 2.18041 3.634017 5.087624 6.541231 7.994838 9.448445 10.90205 12.35566 13.80927 15.26287 16.71648 18.17009 19.62369 21.0773 22.53091 23.98451 25.43812 26.89173 28.34534 29.79894 31.25255 32.70616 34.15976 35.61337 
#catch length counts 
1.324579e-37 1.838429e-29 3.084345e-22 6.254991e-16 1.533337e-10 4.543559e-06 0.01627429 7.046205 368.7703 2332.98 1800.573 1053.534 5773.935 4926.906 3784.338 3770.294 1684.95 675.4579 156.6785 20.28811 1.087728 0.01741323 6.206988e-05 3.997587e-08 4.072244e-12 
1.601953e-37 2.223405e-29 3.730224e-22 7.564818e-16 1.854426e-10 5.495004e-06 0.01968221 8.521717 445.9928 2821.521 2177.886 1222.654 6249.135 5084.074 4004.778 3667.167 1582.829 581.3083 121.9418 13.58154 0.5902931 0.007242583 1.904293e-05 8.849115e-09 6.425054e-13 
4.032109e-37 5.596302e-29 9.388957e-22 1.904062e-15 4.667583e-10 1.38309e-05 0.04954004 21.44913 1122.562 7101.699 5455.597 1679.472 6741.014 5227.422 4231.342 3553.503 1474.06 490.3887 91.46039 8.649282 0.3023397 0.002833595 5.486987e-06 1.837626e-09 9.503139e-14 
6.869421e-37 9.534303e-29 1.599577e-21 3.24391e-15 7.952064e-10 2.356342e-05 0.08440034 36.54243 1912.485 12099.08 9314.508 3607.188 14699.09 10148.53 4736.287 3344.343 1315.719 391.9417 63.86393 5.030729 0.1396125 0.0009942307 1.416608e-06 3.420747e-10 1.260477e-14 
6.463369e-37 8.970731e-29 1.505026e-21 3.052163e-15 7.482018e-10 2.217059e-05 0.07941144 34.38241 1799.439 11384.07 8815.546 5335.39 22542.56 15202.69 9634.357 5902.385 1396.931 319.7963 44.75707 2.888017 0.06260713 0.0003355883 3.507243e-07 6.107218e-11 1.605443e-15 
1.365655e-36 1.895439e-28 3.179993e-21 6.448961e-15 1.580887e-09 4.684457e-05 0.1677896 72.64712 3802.061 24053.22 18500.03 5765.158 18832.81 13346.18 13681.22 8267.947 2209.415 374.6535 32.23454 1.575586 0.02621975 0.000104517 7.955645e-08 9.962304e-12 1.86796e-16 
1.43064e-36 1.985634e-28 3.331313e-21 6.755836e-15 1.656114e-09 4.907368e-05 0.1757739 76.10404 3982.983 25198.26 19506.6 10181.05 35950.83 21233.19 11955.25 7094.544 2618.935 461.1314 32.66575 0.9726937 0.0108611 3.132053e-05 1.719752e-08 1.539545e-12 2.052302e-17 
2.255836e-36 3.130952e-28 5.252822e-21 1.065262e-14 2.611364e-09 7.737948e-05 0.2771607 120.001 6280.376 39732.36 30646.73 11411.49 34144.81 22002.03 20719.47 9709.897 2138.239 384.6955 30.22762 0.7349499 0.005141927 9.316033e-06 3.49498e-09 2.202821e-13 2.074539e-18 
2.401169e-36 3.332664e-28 5.591235e-21 1.133891e-14 2.779601e-09 8.236465e-05 0.2950168 127.7321 6684.99 42292.9 32793.95 16616.99 49770.63 27974.67 19798.32 9680.376 2741.536 345.6407 20.62102 0.4877829 0.002806192 3.355393e-06 7.791063e-10 3.178427e-14 2.032702e-19 
4.310633e-36 5.982874e-28 1.003751e-20 2.035587e-14 4.990003e-09 0.0001478629 0.5296209 229.3076 12001.05 75924.2 58581.32 19816.35 48760.64 29467.88 26504.81 10544.48 2276.622 294.9388 14.99845 0.2530498 0.001207689 1.17414e-06 1.938893e-10 5.115173e-15 2.075208e-20 
6.483983e-36 8.999341e-28 1.509826e-20 3.061897e-14 7.50588e-09 0.000222413 0.796647 344.9207 18051.78 114205.5 88384.01 34767.3 82405.97 41183.98 25823.67 10223.75 2344.973 233.714 9.878362 0.138876 0.0004784795 3.462416e-07 4.446071e-11 8.810252e-16 2.511816e-21 
5.38931e-36 7.480007e-28 1.254926e-20 2.544965e-14 6.238683e-09 0.0001848636 0.6621513 286.6886 15004.15 94929.75 74392.87 48590.72 118739 60431.69 40780.37 12358.21 2010.734 185.1948 6.506039 0.06966242 0.0001863389 9.864738e-08 8.997711e-12 1.298493e-16 2.752069e-22 
1.166159e-35 1.618552e-27 2.715457e-20 5.506892e-14 1.34995e-08 0.0004000148 1.432788 620.3477 32466.53 205401.9 158763.9 50508.32 94691.67 60825.84 53970.32 15556.4 2280.789 146.5333 3.849702 0.03278198 6.519913e-05 2.538306e-08 1.689312e-12 1.735614e-17 2.590001e-23 
1.207911e-35 1.6765e-27 2.812677e-20 5.704052e-14 1.398281e-08 0.0004143363 1.484085 642.5577 33628.93 212773.4 167113.5 100487.8 202069.8 84967.24 43995.4 14416.59 2507.932 143.4934 2.769051 0.01620372 2.356388e-05 6.720789e-09 3.214096e-13 2.365173e-18 2.523035e-24 
1.080812e-35 1.500096e-27 2.516722e-20 5.103862e-14 1.251152e-08 0.0003707391 1.327927 574.9466 30090.45 190397.2 150935.5 107823 207556.1 119098.2 81854.35 16836.74 1879.522 111.867 2.050984 0.009084166 8.964568e-06 1.751237e-09 5.925232e-14 3.107165e-19 2.351101e-25 
7.179111e-36 9.964133e-28 1.67169e-20 3.390154e-14 8.310563e-09 0.0002462572 0.8820532 381.8986 19987.09 126486.8 102402.1 100252.3 185553.5 117400.4 83108.53 20879.3 2433.111 90.68525 1.272566 0.005042838 3.960081e-06 5.455763e-10 1.244672e-14 4.432639e-20 2.324197e-26 
1.216184e-35 1.687984e-27 2.831943e-20 5.743123e-14 1.407859e-08 0.0004171744 1.494251 646.959 33859.29 214240.1 168255.7 79856.66 123889.2 97259.96 70163.42 17958.71 2206.42 86.10087 0.926459 0.002489342 1.513562e-06 1.665136e-10 2.852744e-15 7.166072e-21 2.564339e-27 
7.923464e-36 1.099725e-27 1.845016e-20 3.741656e-14 9.172229e-09 0.0002717899 0.9735072 421.495 22059.46 139636.6 115729.6 128408.5 197024.5 88919.17 47269.59 13328.95 1649.333 63.79438 0.665209 0.001487294 6.348026e-07 4.851162e-11 6.136678e-16 1.167497e-21 3.112288e-28 
1.344627e-35 1.866254e-27 3.131029e-20 6.349663e-14 1.556545e-08 0.0004612328 1.652061 715.2853 37435.27 236894.4 187899.4 98008.24 134935.7 111046 60287.62 9844.527 938.2782 35.25009 0.3428727 0.0006907765 2.484528e-07 1.441428e-11 1.278368e-16 1.677872e-22 3.16025e-29 
9.064704e-36 1.258121e-27 2.110759e-20 4.280577e-14 1.049333e-08 0.0003109366 1.113724 482.2042 25236.85 159808.3 135818.9 159346.3 207020.2 93888.08 44482.62 10148.94 797.8465 19.44213 0.1538549 0.0002703012 8.278664e-08 3.967009e-12 2.787207e-17 2.751346e-23 3.717029e-30 
1.239629e-35 1.720523e-27 2.886534e-20 5.853833e-14 1.434998e-08 0.0004252162 1.523055 659.4304 34512.16 218467 177803.4 121825.1 154870.9 125837.2 53800.39 7492.127 548.0313 12.80954 0.07119436 8.853512e-05 2.127734e-08 8.231509e-13 4.629301e-18 3.601795e-24 3.765713e-31 
1.607378e-35 2.230935e-27 3.742856e-20 7.590436e-14 1.860706e-08 0.0005513612 1.974886 855.0576 44750.7 283339.5 233670.8 171680.8 184715 96333.71 40741.8 7243.905 407.2686 6.853426 0.03228193 3.071016e-05 5.1071e-09 1.398483e-13 5.858351e-19 3.486266e-25 2.802088e-32 
1.373888e-35 1.906866e-27 3.199164e-20 6.48784e-14 1.590418e-08 0.0004712698 1.688012 730.851 38250.56 242376.4 211072.2 224953.2 236922.8 122695.6 39345.27 4995.333 275.7892 4.207954 0.01437919 1.017905e-05 1.29673e-09 2.586967e-14 7.550995e-20 3.124594e-26 1.785676e-33 
1.91325e-35 2.655465e-27 4.455094e-20 9.034841e-14 2.214785e-08 0.0006562813 2.350693 1017.769 53266.85 337408 283257.1 209593.4 217160.9 143452.9 43515.71 4552.882 177.3695 2.125599 0.006197994 3.380293e-06 3.085661e-10 4.45213e-15 9.541377e-21 2.866713e-27 1.162256e-34 
2.247935e-35 3.119986e-27 5.234424e-20 1.061531e-13 2.602217e-08 0.0007710846 2.7619 1195.808 62585.57 396707.5 344556.2 300617.2 269117.4 131836.7 39048.58 4383.306 145.4736 1.258821 0.002622374 1.098554e-06 7.78821e-11 8.342252e-16 1.278238e-21 2.723922e-28 7.893703e-36 
2.138425e-35 2.967993e-27 4.979423e-20 1.009817e-13 2.475448e-08 0.0007335204 2.627351 1137.553 59537.89 377798.1 343812.7 357042.5 319839.1 161974.2 37271.9 3181.088 96.50909 0.7321996 0.001143934 3.339411e-07 1.674853e-11 1.316874e-16 1.503387e-22 2.362963e-29 4.951307e-37 
1.841258e-35 2.555544e-27 4.287456e-20 8.694874e-14 2.131446e-08 0.0006315865 2.26224 979.4731 51265.63 325714.9 309315.4 354051.5 325133.9 178030.2 38884.83 2865.52 64.47871 0.3818934 0.0004916067 1.118962e-07 4.05223e-12 2.215475e-17 1.759836e-23 1.958842e-30 2.957246e-38 
1.6268e-35 2.257891e-27 3.788081e-20 7.682151e-14 1.883189e-08 0.0005580233 1.998749 865.3904 45294.44 287742.8 271819.1 307208.9 296589.1 169127.5 37954.87 2821.474 57.94231 0.2813883 0.0002883407 5.452557e-08 1.680219e-12 7.679232e-18 4.929424e-24 4.315942e-31 5.06192e-39 
#survey length counts 
5.287566e-37 7.338792e-29 1.231235e-21 2.496919e-15 6.120903e-10 1.813736e-05 0.06496506 28.12763 1472.088 9312.888 7145.834 1959.481 8458.42 7157.313 5066.833 4964.311 2151.46 841.0024 188.6272 23.50654 1.204364 0.01838026 6.267878e-05 3.885752e-08 3.832468e-12 
1.094122e-36 1.518569e-28 2.547715e-21 5.166715e-15 1.266559e-09 3.753047e-05 0.134428 58.2027 3046.098 19270.52 14764.29 2776.148 8647.104 6980.337 5197.016 4699.435 1968.15 701.1369 140.8708 15.04427 0.6262106 0.007358736 1.857457e-05 8.32263e-09 5.855556e-13 
1.586244e-36 2.201602e-28 3.693645e-21 7.490637e-15 1.836241e-09 5.441119e-05 0.194892 84.38152 4416.193 27938.22 21431.94 5163.98 18248.77 13300.12 5820.958 4385.126 1751.496 561.9495 99.44062 8.925972 0.2976973 0.002677565 4.996491e-06 1.618528e-09 8.12562e-14 
1.265613e-36 1.756588e-28 2.94704e-21 5.976539e-15 1.465078e-09 4.341294e-05 0.1554981 67.32531 3523.539 22291.19 17160.57 6629.985 27007.18 19138.49 11544.73 7763.093 1885.74 458.0382 70.14408 5.205611 0.1367785 0.0009319451 1.281017e-06 2.999981e-10 1.075977e-14 
2.321259e-36 3.221754e-28 5.405161e-21 1.096156e-14 2.687097e-09 7.96236e-05 0.2851988 123.4812 6462.516 40883.97 31371.45 7301.606 22004.92 16121.07 16108.26 10717.96 2968.791 555.5759 51.83667 2.908093 0.05909972 0.000301165 3.026219e-07 5.108254e-11 1.308615e-15 
2.124821e-36 2.949111e-28 4.947746e-21 1.003393e-14 2.4597e-09 7.28854e-05 0.2610637 113.0316 5915.622 37424.58 28850.77 11509.25 40958.08 25529.56 13986.79 8909.363 3448.055 680.2364 54.15454 1.865015 0.02526169 9.33796e-05 6.789438e-08 8.209456e-12 1.497082e-16 
2.994992e-36 4.156851e-28 6.97398e-21 1.414309e-14 3.467012e-09 0.0001027339 0.3679762 159.321 8338.226 52750.77 40590.02 12617.52 38155.16 25423.09 23978.72 12461.5 2834.93 556.7812 50.36072 1.460048 0.01253318 2.897242e-05 1.438155e-08 1.225863e-12 1.580991e-17 
2.86405e-36 3.975112e-28 6.669075e-21 1.352475e-14 3.315433e-09 9.824235e-05 0.3518881 152.3554 7973.676 50445.22 38995.75 17295.94 54371.85 31956.74 22628.13 11992.96 3624.386 513.2154 34.27921 0.9755595 0.007046744 1.085476e-05 3.329534e-09 1.834137e-13 1.607024e-18 
4.774498e-36 6.626689e-28 1.111765e-20 2.254636e-14 5.526975e-09 0.0001637744 0.5866132 253.9833 13292.47 84093.76 64784.03 20314.98 52650.19 32759.51 30251.89 13262.47 3016.018 437.1608 25.79367 0.5206875 0.00311908 3.951753e-06 8.674461e-10 3.08863e-14 1.713606e-19 
6.754791e-36 9.375204e-28 1.572885e-20 3.189779e-14 7.819368e-09 0.0002317022 0.8299195 359.3265 18805.72 118974.3 91927.3 34639.85 88146.23 46067.03 29436.38 12651.65 3139.484 353.7803 17.22949 0.2951051 0.001283936 1.210093e-06 2.074044e-10 5.564751e-15 2.168237e-20 
5.322217e-36 7.386886e-28 1.239303e-20 2.513282e-14 6.161016e-09 0.0001825622 0.653908 283.1196 14817.35 93746.28 73284.94 47207.88 125410.6 66193.87 46449.76 15570.26 2705.191 281.6382 11.62975 0.1519766 0.0005167075 3.584116e-07 4.369739e-11 8.554748e-16 2.483861e-21 
1.152355e-35 1.599392e-27 2.683313e-20 5.441704e-14 1.33397e-08 0.0003952796 1.415827 613.0043 32082.21 202968.7 156710.8 49245.54 99980.15 64970.5 61858.92 19693.49 3155.493 231.5787 7.09756 0.07446432 0.0001893237 9.683741e-08 8.640312e-12 1.206044e-16 2.467873e-22 
1.172714e-35 1.62765e-27 2.73072e-20 5.537845e-14 1.357538e-08 0.0004022632 1.440841 623.8346 32649.03 206568.9 161840.8 97038.29 213258.1 93636.97 50386.98 17846 3488.447 231.9148 5.310619 0.03827098 7.124669e-05 2.680075e-08 1.721883e-12 1.724023e-17 2.524472e-23 
1.043085e-35 1.447733e-27 2.428873e-20 4.925705e-14 1.207479e-08 0.000357798 1.281574 554.8774 29040.1 183745.1 145214.8 104284.4 219129.8 127750.8 95724.13 21919.32 2650.532 182.5786 4.068452 0.0225304 2.856687e-05 7.359486e-09 3.349461e-13 2.393067e-18 2.487634e-24 
6.854446e-36 9.513519e-28 1.59609e-20 3.236839e-14 7.934729e-09 0.0002351205 0.8421635 364.6277 19083.19 120759.9 97337.07 96796.28 195449 124947.3 96987.31 26712.25 3553.043 154.2616 2.582951 0.01292351 1.319746e-05 2.408549e-09 7.394609e-14 3.588944e-19 2.587666e-25 
1.157816e-35 1.606972e-27 2.696029e-20 5.467492e-14 1.340291e-08 0.0003971528 1.422537 615.9093 32234.27 203952.4 159868.3 77259.68 130463.2 103054.5 82572.16 23073.69 3242.83 150.1003 1.978569 0.00668022 5.278439e-06 7.73779e-10 1.790263e-14 6.130834e-20 3.014509e-26 
7.42363e-36 1.030351e-27 1.728627e-20 3.505622e-14 8.593619e-09 0.0002546446 0.9120957 394.9059 20667.87 130816.1 107879 123762.1 208289.4 96433.39 55209.08 17001.2 2432.217 111.9424 1.447913 0.00413918 2.308501e-06 2.349576e-10 4.022585e-15 1.046278e-20 3.836068e-27 
1.262375e-35 1.752094e-27 2.9395e-20 5.961248e-14 1.46133e-08 0.0004330187 1.551003 671.5306 35145.3 222393.6 176021.6 94825.01 141656.2 118839.1 73182.8 13138.01 1408.618 63.35714 0.7708489 0.002002633 9.500323e-07 7.380985e-11 8.867981e-16 1.592197e-21 4.133723e-28 
8.423014e-36 1.169059e-27 1.961339e-20 3.977555e-14 9.750509e-09 0.0002889254 1.034884 448.069 23450.3 148474.9 125528 154459.2 219905.3 102485.5 52878.48 13485.66 1249.202 36.05564 0.3547804 0.0008089798 3.288755e-07 2.121819e-11 2.027035e-16 2.740104e-22 5.098189e-29 
1.13927e-35 1.581232e-27 2.652845e-20 5.379915e-14 1.318823e-08 0.0003907914 1.399751 606.0439 31718.07 200763.1 162948.9 117182.9 160701.9 135415.9 65966.1 10147.7 856.9529 24.47615 0.1710285 0.0002748234 8.783289e-08 4.594996e-12 3.527172e-17 3.769117e-23 5.436874e-30 
1.472285e-35 2.043434e-27 3.428285e-20 6.952493e-14 1.704322e-08 0.0005050217 1.808906 783.1937 40989.52 259497 213395.1 165775 194822.4 105066.5 49164.75 9937.222 663.8427 13.47595 0.08035874 9.992118e-05 2.212652e-08 8.197445e-13 4.700331e-18 3.854373e-24 4.285856e-31 
1.249941e-35 1.734835e-27 2.910546e-20 5.902528e-14 1.446935e-08 0.0004287534 1.535725 664.916 34799.57 220463.3 191210.4 217526.2 249011.9 135038.4 48822.67 6932.638 452.8566 8.555348 0.03720256 3.44255e-05 5.867819e-09 1.587675e-13 6.343504e-19 3.620386e-25 2.869712e-32 
1.746833e-35 2.424489e-27 4.067583e-20 8.248976e-14 2.022139e-08 0.0005991969 2.146226 929.2418 48633.45 308010.2 257914.8 203533.3 226937.7 159254.7 54976.09 6550.146 302.9812 4.4658 0.01672701 1.202241e-05 1.470726e-09 2.883137e-14 8.476365e-20 3.514355e-26 1.974384e-33 
2.028691e-35 2.815689e-27 4.723903e-20 9.57998e-14 2.348419e-08 0.0006958796 2.492528 1079.179 56481.18 357930.5 310034.9 290919.3 282602.9 146446.9 48764.89 6344.475 254.4635 2.731027 0.007300436 4.039701e-06 3.855708e-10 5.622465e-15 1.182249e-20 3.479964e-27 1.399788e-34 
1.931399e-35 2.680655e-27 4.497354e-20 9.120544e-14 2.235794e-08 0.0006625066 2.372991 1027.424 53773.35 341099.5 309520.9 347440.8 335461.6 182840.9 47902.15 4696.539 172.5233 1.647926 0.00333165 1.286755e-06 8.697704e-11 9.334886e-16 1.466053e-21 3.185213e-28 9.258572e-36 
1.653763e-35 2.295314e-27 3.850866e-20 7.809479e-14 1.914402e-08 0.0005672723 2.031877 879.7335 46044.56 292402.9 276962.6 343826.8 337845 201495.8 50314.49 4335.106 118.5941 0.8835202 0.001481504 4.487912e-07 2.194131e-11 1.6377e-16 1.791447e-22 2.762536e-29 5.800066e-37 
1.454928e-35 2.019345e-27 3.387869e-20 6.870531e-14 1.68423e-08 0.0004990681 1.787581 773.9619 40509.48 257484.5 249210.4 307368.2 300967.9 183029.5 44286.51 3658.961 85.66438 0.4859388 0.0005940795 1.361121e-07 5.128256e-12 2.881085e-17 2.283329e-23 2.478227e-30 3.615864e-38 
1.758509e-35 2.440695e-27 4.094771e-20 8.304114e-14 2.035656e-08 0.0006032021 2.160572 935.4539 48960.92 310804.8 283701.8 277209.9 266425.3 156080.6 37256.82 3041.777 68.92574 0.3587704 0.0003704119 6.77264e-08 2.021596e-12 9.188767e-18 6.000585e-24 5.381437e-31 6.422657e-39 
