#Simulated generalized assessment 
# 
#start/end year 
72 100 
#number of ages 
15 
#ages 
1 2 3 4 5 6 7 8 9 10 11 12 13 14 15 
#Number of length bins 
25 
#CPUE years 
29 
#years for CPUE 
72 73 74 75 76 77 78 79 80 81 82 83 84 85 86 87 88 89 90 91 92 93 94 95 96 97 98 99 100 
#survey years 
29 
#years for survey 
72 73 74 75 76 77 78 79 80 81 82 83 84 85 86 87 88 89 90 91 92 93 94 95 96 97 98 99 100 
#length freq from catch years 
29 
#years for length freq catch 
72 73 74 75 76 77 78 79 80 81 82 83 84 85 86 87 88 89 90 91 92 93 94 95 96 97 98 99 100 
#catch length sample sizes 
200 200 200 200 200 200 200 200 200 200 200 200 200 200 200 200 200 200 200 200 200 200 200 200 200 200 200 200 200 
#length freq from survey years 
29 
#years for length freq survey 
72 73 74 75 76 77 78 79 80 81 82 83 84 85 86 87 88 89 90 91 92 93 94 95 96 97 98 99 100 
#survey sample sizes 
200 200 200 200 200 200 200 200 200 200 200 200 200 200 200 200 200 200 200 200 200 200 200 200 200 200 200 200 200 
#total survey biomass 
19510.67 20299.52 11566.34 27097.4 24898.71 61670.25 77538.05 57758.53 101388.5 67547.46 189231 210276.7 187429.5 281543.7 298051.8 195510.7 142064 177874.1 213277.7 176874.4 228905.7 207967 245695.4 160211 247121.7 259877.5 390157.6 176574.4 231627 
#survey CV 
0.2 0.2 0.2 0.2 0.2 0.2 0.2 0.2 0.2 0.2 0.2 0.2 0.2 0.2 0.2 0.2 0.2 0.2 0.2 0.2 0.2 0.2 0.2 0.2 0.2 0.2 0.2 0.2 0.2 
#total CPUE 
17853.05 22012.53 13323.06 16629.37 33915.06 35791.87 46739.8 75348.65 75818.5 106320.1 126951.1 125555.4 171066.6 179575.3 177332.9 222689.5 212219.8 168323 167625.8 181399.3 138666.6 229606.7 185828 177496.7 203506.4 272268.1 239882 179405.5 135000 
#CPUE CV 
0.2 0.2 0.2 0.2 0.2 0.2 0.2 0.2 0.2 0.2 0.2 0.2 0.2 0.2 0.2 0.2 0.2 0.2 0.2 0.2 0.2 0.2 0.2 0.2 0.2 0.2 0.2 0.2 0.2 
#total catch biomass 
3611.135 4116.804 3319.366 2630.155 5327.098 9425.159 13432.12 14772.11 22813.88 34198.7 48442.63 50322.67 70728.99 88696.14 125389.5 87499.53 102718.8 96296.36 85362.79 71358.79 93460.25 75421.2 108074.1 82474.12 78763.54 96670.08 115866.9 132702.7 85643.81 
#catch CV 
0.1 0.1 0.1 0.1 0.1 0.1 0.1 0.1 0.1 0.1 0.1 0.1 0.1 0.1 0.1 0.1 0.1 0.1 0.1 0.1 0.1 0.1 0.1 0.1 0.1 0.1 0.1 0.1 0.1 
#Length Bins 
0.6062379 1.818714 3.03119 4.243665 5.456141 6.668617 7.881093 9.093569 10.30604 11.51852 12.731 13.94347 15.15595 16.36842 17.5809 18.79338 20.00585 21.21833 22.4308 23.64328 24.85575 26.06823 27.28071 28.49318 29.70566 
#catch length counts 
3.085366e-07 1.451207e-05 0.0004726488 0.01065943 0.1664626 1.800072 13.47925 69.9026 251.1703 626.4176 1091.993 1366.414 1341.532 1260.579 1312.123 1355.911 1251.481 1086.189 966.0538 880.3513 784.9498 661.0028 508.0792 339.727 186.795 
3.928105e-07 1.847591e-05 0.0006017484 0.01357095 0.2119302 2.291736 17.16072 88.99054 319.6994 796.7702 1385.152 1715.484 1629.061 1427.454 1398.088 1446.055 1405.689 1293.286 1158.172 1007.665 855.9299 705.1004 538.2849 357.5483 195.0141 
8.928637e-12 4.209527e-10 1.383856e-08 3.235971e-07 5.76691e-06 9.300576e-05 0.001607852 0.0271082 0.3650605 3.552466 24.22066 114.8478 378.8651 874.6386 1436.388 1746.97 1712.139 1530.948 1362.954 1204.619 1025.241 825.2587 612.0983 398.6456 215.0151 
9.673362e-08 4.549883e-06 0.0001481867 0.003341984 0.0521898 0.564356 4.22578 21.91022 78.66349 195.5645 336.6941 401.7981 335.5266 214.9722 181.9766 334.3861 659.4886 1003.201 1179.115 1146.477 994.2558 798.4783 585.0469 374.0533 198.1729 
1.980368e-06 9.314698e-05 0.003033736 0.0684184 1.06845 11.55372 86.51205 448.5596 1610.501 4004.351 6897.066 8239.042 6858.275 4051.116 1812.219 738.8446 382.2552 346.4583 489.5485 684.3038 781.7683 723.5838 556.3836 357.3044 187.3531 
1.94511e-06 9.148861e-05 0.002979724 0.06720035 1.049431 11.34818 84.97637 440.6676 1583.169 3946.298 6864.806 8521.067 8142.183 7173.591 6811.618 6223.653 4533.712 2457.698 1061.634 522.2001 447.4123 470.969 423.5968 298.9414 163.0388 
3.324255e-06 0.0001563569 0.005092442 0.1148475 1.793508 19.39426 145.2233 753.033 2704.518 6732.828 11653.47 14191.08 12704.5 9557.829 7585.395 6767.915 5908.201 4692.3 3297.519 1946.867 963.7918 475.8966 295.8629 201.8794 116.435 
2.18302e-06 0.0001026788 0.00334418 0.07541977 1.177791 12.73626 95.37206 494.6091 1777.417 4434.982 7745.583 9758.885 9786.712 9567.962 10215.7 10333.87 8772.697 6457.1 4536.84 3102.622 1923.667 1020.867 472.9593 210.4569 94.25791 
6.554047e-06 0.0003082708 0.01004018 0.2264314 3.536049 38.23729 286.3165 1484.595 5331.15 13264.12 22905.9 27647.54 23958.17 16350.06 10955.68 8782.013 7869.63 7010.937 5833.338 4316.616 2796.223 1590.871 785.7243 331.3524 120.1438 
7.522107e-06 0.0003538037 0.01152315 0.2598763 4.058345 43.88542 328.6161 1704.073 6121.395 15251.04 26478.97 32628.96 30433.77 25394.16 22839.91 20824.03 16326.6 10872.01 7007.249 4865.958 3423.863 2173.97 1167.345 516.503 186.1009 
1.217222e-05 0.0005725224 0.01864668 0.4205298 6.567177 71.01478 531.7561 2757.352 9903.221 24655.68 42687.9 52042.97 46777.66 35554.08 28530.57 25281.53 21449.5 16540.9 11793.17 7717.935 4636.848 2633.985 1403.162 655.0793 250.1054 
1.477807e-05 0.000695089 0.02263859 0.5105576 7.973089 86.21768 645.5932 3347.605 12022.68 29927.66 51782.98 62976.31 56096.24 41507.02 31707.39 26592.72 21196.01 15250.64 10510.77 7096.332 4481.927 2538.879 1270.885 556.7571 207.7727 
2.146995e-05 0.001009843 0.03288992 0.7417511 11.58351 125.2594 937.9387 4863.579 17468.18 43492.76 75321.23 91918.01 82891.23 63475.09 51090.26 44195.85 35108.18 24428.66 15862.94 10029.24 6057.049 3386.916 1698.96 736.7922 267.111 
2.343053e-05 0.001102059 0.03589334 0.8094858 12.64129 136.6979 1023.594 5307.817 19064.88 47479.77 82304.55 100811.1 92108.89 73079.67 62016.72 55838.18 45642.04 32748.46 21805.36 13754.04 8015.127 4250.663 2034.579 856.6763 305.1396 
2.885375e-05 0.001357141 0.0442012 0.996849 15.56723 168.3379 1260.512 6536.305 23476.81 58461.37 101299.8 123885.1 112581.7 88100.54 73511.81 66004.18 54892.59 40869.37 28550.88 18798.65 11258.48 5998.743 2812.417 1140.818 390.7523 
1.747266e-05 0.0008218296 0.02676645 0.6036514 9.426893 101.939 763.3271 3958.374 14220.22 35437.54 61587.3 76177.78 71983.61 62069.5 58527.6 56119.43 47299.43 34985.28 24379.63 16322.36 10117.23 5603.616 2701.433 1104.552 373.8448 
2.38601e-05 0.001122264 0.0365514 0.8243266 12.87304 139.2038 1042.352 5404.967 19412.1 48327.43 83657.58 101922.4 91393.34 69031.05 54975.33 48823.93 42253.53 34011.96 25898.46 18284.75 11611.63 6557.386 3243.969 1364.363 471.8186 
1.939283e-05 0.000912145 0.02970797 0.6699899 10.46286 113.1413 847.2029 4393.167 15779.9 39301.73 68148.55 83567.51 76656.92 61432.29 52785.08 47743.06 38950.42 28129.41 19574.84 13644.95 9090.107 5452.548 2825.602 1227.586 435.5786 
1.696928e-05 0.000798153 0.02599532 0.5862604 9.155305 99.00204 741.3323 3844.261 13809.49 34406.22 59742.08 73647.49 68810.74 57793.84 52959.94 50346.78 42894.32 32400.26 22949.77 15445.04 9702.324 5633.91 2952.232 1330.877 491.7414 
1.820098e-05 0.0008560865 0.02788218 0.6288137 9.819832 106.1878 795.1327 4123.113 14809.25 36877.93 63902.95 78161.8 71074.88 55761.84 46901.15 42908.02 37069.24 29396.19 22167.43 15715.68 10122.42 5836.108 2982.798 1321.204 489.6521 
1.624613e-05 0.0007641395 0.02488752 0.5612768 8.765149 94.78298 709.7384 3680.399 13220.45 32934.61 57159.3 70333.74 65297.4 53974.47 48419.72 45306.12 38155.16 28717.03 20796.09 14783.2 9888.604 5958.737 3130.887 1394.974 513.6463 
1.89888e-05 0.0008931415 0.02908903 0.6560314 10.24488 110.784 829.5506 4301.604 15450.62 38477.78 66693.71 81662.19 74535.08 59043.21 50279.68 46181.46 39616.02 30941.16 22972.06 16223.02 10632.11 6369.452 3402.98 1556.711 585.4728 
2.139466e-05 0.001006302 0.03277458 0.7391498 11.54289 124.8202 934.6507 4846.55 17407.31 43344.13 75083.8 91723.46 83030.68 64296.04 52834.35 46979.66 39024.37 29380.54 21272.15 15022.94 9969.938 6014.003 3212.017 1472.824 559.6958 
2.276679e-05 0.00107084 0.03487656 0.7865547 12.28318 132.8255 994.5956 5157.415 18524.2 46128.78 79932.13 97761.54 88863.59 69560.83 57966.22 51729.39 42453.24 31047.73 21557.23 14599.79 9399.583 5591.935 2983.872 1373.792 524.5791 
2.191009e-05 0.001030545 0.03356417 0.7569571 11.82098 127.8274 957.1706 4963.367 17827.48 44396.26 76946.77 94189.5 85872.77 67764.81 57158.36 51510.08 42609.35 31387.35 21785.82 14506.53 9033.908 5168.844 2672.312 1208.427 458.5391 
2.424918e-05 0.001140564 0.03714744 0.8377688 13.08297 141.474 1059.356 5493.232 19730.46 49133.41 85144.16 104163 94772.43 74396.9 62339.35 56084.87 46634.65 34748.93 24464.67 16455.69 10245.89 5778.039 2907.119 1273.798 470.6166 
2.478675e-05 0.001165849 0.03797095 0.8563411 13.37301 144.6106 1082.849 5615.189 20170.42 50247.91 87204.62 107292.1 99571.51 82230.81 73691.52 68907.91 57911.89 43164.42 30405.46 20569.07 12928.8 7342.956 3687.721 1594.616 576.565 
2.244394e-05 0.001055655 0.03438198 0.7754008 12.109 130.9421 980.4966 5084.385 18263.04 45489.66 78901.51 96864.65 89228.05 72381.95 63626.14 59496.87 51230.86 39894.83 29405.89 20463.14 13025.86 7449.722 3762.295 1630.68 587.2916 
2.07612e-05 0.0009765067 0.03180418 0.717265 11.20113 121.1248 906.9867 4703.244 16894.64 42087.77 73045.4 89884.19 83463.14 69058.36 62179.5 58723.64 50385.89 38985.6 28888.47 20609.55 13609.21 8053.69 4162.396 1827.02 661.7898 
#survey length counts 
2.688077e-06 0.0001264342 0.004117879 0.09286862 1.450278 15.68276 117.4332 608.96 2187.49 5449.741 9460.307 11651.24 10856.54 9091.9 8441.977 8487.816 8172.747 7493.677 6700.062 5824.991 4946.272 4074.127 3110.1 2065.804 1126.725 
4.896232e-11 2.307609e-09 7.575992e-08 1.762557e-06 3.087307e-05 0.0004776587 0.007853848 0.1288132 1.718902 16.68528 113.6866 538.9763 1777.859 4103.875 6737.956 8190.059 8017.443 7157.255 6362.868 5619.404 4781.161 3848.111 2854.038 1858.739 1002.531 
4.889904e-07 2.299975e-05 0.0007490868 0.0168938 0.2638205 2.852831 21.3614 110.7566 397.6455 988.5807 1701.965 2030.727 1692.909 1067.644 840.4155 1457.289 2846.879 4326.415 5084.305 4943.076 4286.35 3442.09 2521.935 1612.39 854.2369 
8.909332e-06 0.000419052 0.01364825 0.3078025 4.806771 51.97819 389.2025 2017.989 7245.318 18014.43 31025.62 37051.42 30806.34 18116.43 7980.017 3125.779 1530.143 1345.052 1888.791 2638.243 3013.701 2789.341 2144.781 1377.35 722.2137 
7.982322e-06 0.00037545 0.01222816 0.275776 4.306643 46.57044 348.7225 1808.352 6496.211 16187.07 28119.05 34719.27 32595.88 27580.34 25024.68 22331.88 16143.75 8731.366 3766.484 1848.455 1580.796 1663.304 1495.916 1055.693 575.7605 
1.341262e-05 0.0006308651 0.02054686 0.4633838 7.236401 78.25142 585.9413 3038.272 10911.45 27158.8 46973.6 57041.59 50545.96 36914.29 27893.56 24015.54 20684.53 16358.88 11477.57 6771.288 3350.837 1654.138 1028.195 701.5361 404.609 
8.344552e-06 0.0003924875 0.01278306 0.2882906 4.502079 48.68399 364.5541 1890.556 6793.038 16941.74 29532.82 36949.82 36247.01 33909.38 34757.48 34521.93 29133.16 21390.69 15004.57 10250.79 6352.729 3370.728 1561.513 694.8133 311.1819 
2.342149e-05 0.001101634 0.0358795 0.8091733 12.63639 136.6444 1023.176 5305.292 19050.7 47394.08 81812.07 98590.66 84920.51 56808.95 36443.53 27965.67 24581.13 21778.64 18091.21 13379.31 8664.659 4929.038 2434.282 1026.545 372.2061 
2.331568e-05 0.001096657 0.03571741 0.8055181 12.57933 136.028 1018.58 5281.864 18972.34 47255.98 81962.04 100603.2 92578.11 74706.27 64406.02 57317.73 44564.11 29588.36 19036.3 13203.34 9285.502 5894.833 3165.164 1400.434 504.5863 
3.198411e-05 0.001504378 0.04899661 1.104998 17.25612 186.6006 1397.255 7245.207 26020.62 64772.23 112073.4 136300.5 121433.5 90013.12 69409.73 59810.21 50218.26 38598.92 27483.16 17974.4 10795.54 6131.644 3266.234 1524.841 582.1714 
4.511983e-05 0.002122219 0.06911929 1.558815 24.34313 263.2363 1971.094 10220.65 36705.26 91355.08 157972.6 191664.1 169254.7 122107.2 89363.39 72557.48 57099.83 40912.89 28146.05 18984.85 11985.57 6788.402 3397.863 1488.519 555.4857 
5.88859e-05 0.002769709 0.0902076 2.03441 31.77023 343.5502 2572.487 13339.2 47907.41 119260.8 206397.3 251217.4 224428.4 167411.9 129386.9 108843.7 85563.8 59332.77 38466.96 24298.38 14668.4 8200.736 4113.437 1783.844 646.6965 
6.202996e-05 0.00291759 0.095024 2.143032 33.46653 361.8935 2709.85 14051.68 50469.03 125665.2 217669.1 265825.6 240355.7 185462.2 151267.7 132823.6 107596.8 76971.72 51178.66 32256.04 18790.03 9963.373 4768.673 2007.841 715.167 
6.70716e-05 0.003154725 0.1027473 2.317212 36.1866 391.3072 2930.096 15193.67 54569.65 135865.3 235267.7 286992.3 258463 197360 158848.4 139319.4 114886.9 85303.68 59520.88 39166.11 23450.15 12493.39 5857.1 2375.819 813.7604 
4.55816e-05 0.002143939 0.06982669 1.574769 24.5923 265.9318 1991.31 10326.13 37093.53 92414.62 160441.7 197668 184297.3 153918.6 139751.9 131308.9 109918 81106.16 56446.69 37763.87 23399.74 12958.71 6246.93 2554.174 864.4755 
5.772899e-05 0.002715293 0.08843532 1.99444 31.14605 336.8004 2521.941 13077.04 46964.84 116904.3 202251.4 245857.2 218677.3 161377.6 123783.2 107034.5 91709.66 73593.25 55970.68 39495.01 25075.43 14159.47 7004.509 2945.947 1018.752 
5.351065e-05 0.002516883 0.08197323 1.848704 28.87018 312.1906 2337.678 12121.86 43538.44 108415.1 187835.8 229608.4 208297 162127.9 133767.3 117986.2 95397.12 68684.9 47723.72 33238.13 22134.66 13275.37 6879.21 2988.632 1060.436 
4.558103e-05 0.002143912 0.06982581 1.574749 24.59198 265.9282 1991.276 10325.82 37090.5 92388.12 160266.3 196845.2 181608.6 147834.2 130250.4 121111.7 102405.8 77151.27 54576.67 36703.5 23048.97 13382.22 7012.08 3161.011 1167.945 
5.023692e-05 0.002362902 0.07695818 1.735602 27.10392 293.0908 2194.654 11380.11 40872.71 101761.8 176203.9 214901 193422.9 147572.1 119120 106101.3 90781.68 71764.4 54043.34 38289 24654.85 14213.19 7263.935 3217.434 1192.407 
4.548548e-05 0.002139418 0.06967944 1.571448 24.54043 265.3706 1987.097 10304.08 37011.33 92180.37 159833.9 195974.1 179708.5 143980 124024 113339.8 94670.43 71050.93 51379.41 36495.47 24403.97 14703.69 7725.386 3442.006 1267.381 
4.912678e-05 0.002310687 0.07525756 1.697249 26.50498 286.6141 2146.159 11128.7 39970.45 99522.43 172374 210454.5 190139.2 146555.2 119994 107497.5 91395.93 71174.9 52775.34 37246.51 24403.57 14618.05 7809.609 3572.495 1343.595 
5.517307e-05 0.002595075 0.0845199 1.906138 29.76708 321.889 2410.292 12498.22 44887.8 111751.2 193451.7 235703 211369.7 159490.5 126025.3 109161.3 89806.62 67400.66 48731.16 34390.79 22816.49 13761.71 7349.699 3370.053 1280.667 
5.892749e-05 0.002771665 0.09027132 2.035847 31.79267 343.7931 2574.311 13348.78 47943.44 119366.6 206691.1 252098.2 226916.3 172957.6 138593.6 120563.5 98028.96 71473.5 49555.63 33536.41 21583.99 12838.97 6850.606 3154.01 1204.346 
6.144486e-05 0.00289007 0.09412768 2.122818 33.15085 358.4799 2684.287 13919.08 49992.24 124472.5 215566.2 263083.2 237324.1 182012.8 147320.5 129296 105936.6 77788.74 53912.43 35869.8 22329.64 12774.26 6603.971 2986.27 1133.136 
6.917994e-05 0.003253891 0.1059771 2.390052 37.32409 403.6076 3022.2 15671.26 56284.9 140135.2 242656.9 295983.5 266486.4 203320 163402.7 143076.4 117802.4 87492.38 61505.54 41337.62 25729.02 14507.48 7298.766 3197.992 1181.518 
6.373386e-05 0.002997734 0.09763423 2.201899 34.38583 371.835 2784.304 14437.99 51860.04 129163.3 223964.3 274627.7 251908 201985.2 174192 159287.9 132838.5 98751.06 69470.97 46963.29 29509.66 16758.07 8415.722 3639 1315.746 
5.921072e-05 0.002784987 0.09070519 2.045632 31.94549 345.4459 2586.696 13413.19 48177.4 119975.2 207923.4 254446.2 231778.8 182629.9 154314.1 140896.1 120310.7 93428.47 68776.35 47829.24 30437.12 17405.55 8789.844 3809.688 1372.056 
5.152019e-05 0.002423262 0.07892404 1.779937 27.79629 300.5782 2250.733 11671.17 41922 104412.9 181057.7 222062 203854.1 163868.8 142122.5 131344 111855.4 86328.43 63892.28 45553.52 30072.66 17794.74 9196.548 4036.635 1462.159 
6.29401e-05 0.002960399 0.09641825 2.174476 33.95755 367.2029 2749.593 14257.48 51204.29 127457.1 220508.1 268047 238386.5 175759.3 134185.9 114493.3 95647.92 74360.45 55649.54 39972.83 26659.93 16098.34 8559.451 3865.528 1431.57 
