# Number of parameters = 80 Objective function value = 28080.1142808041  Maximum gradient component = 0.000115276561773042
# srv_sel50:
0.887162884579
# srv_sel95:
1.00879218892
# stNatLen:
 11.0795160862 10.4832232980 9.83232884915 9.13657917512 8.49946875244 7.96317138861 7.52494070414 7.16997201932 6.88369570613 6.65453327414 6.47387584802 6.33550936055 6.23507567021 6.16967065238 6.13744478903
# log_avg_fmort_dir:
-0.618198768872
# fmort_dir_dev:
 -1.04988045430 -0.686790693938 -0.703213788220 -0.669192317260 -0.770454769882 -0.640960410516 -0.214531876289 -0.305229072409 -0.212992301412 -0.0216893959103 -0.145195899358 0.0953811055537 0.313596902488 0.308418087749 0.380222978243 0.448470997417 0.513876921951 0.284108143747 0.187079562129 0.196422068978 0.366561176257 0.348520509392 0.307385781082 0.167539376642 0.291337457839 0.254133753691 0.248869606350 0.219235470577 0.488971079405
# mean_log_rec:
13.2206944115
# rec_dev:
 -3.23256404368 -3.87011441649 -2.36848339618 -1.14708342890 -0.874412219792 -0.726443004259 -0.521488875560 -0.115413081369 0.0387052639082 0.284075936090 0.559752068104 0.788459635088 0.756701152335 0.543075185487 0.515448543856 0.594069062661 0.428315045117 0.336028514499 0.497920963199 0.690338861522 0.639142060544 0.663740209965 0.718615960825 0.844365813809 0.790142678315 0.700676455825 0.760176410742 0.853126324798 0.853126319552
# log_avg_NatM:
-0.847910951852
# m_dev:
 0.00000000000 0.00000000000 0.00000000000 0.00000000000 0.00000000000 0.00000000000 0.00000000000 0.00000000000 0.00000000000 0.00000000000 0.00000000000 0.00000000000 0.00000000000 0.00000000000 0.00000000000 0.00000000000 0.00000000000 0.00000000000 0.00000000000 0.00000000000 0.00000000000 0.00000000000 0.00000000000 0.00000000000 0.00000000000 0.00000000000 0.00000000000 0.00000000000 0.00000000000
# log_avg_GrowthK:
-1.02151300000
# log_avg_Linf:
3.36611700000
# GrowthK_dev:
 0.00000000000 0.00000000000 0.00000000000 0.00000000000 0.00000000000 0.00000000000 0.00000000000 0.00000000000 0.00000000000 0.00000000000 0.00000000000 0.00000000000 0.00000000000 0.00000000000 0.00000000000 0.00000000000 0.00000000000 0.00000000000 0.00000000000 0.00000000000 0.00000000000 0.00000000000 0.00000000000 0.00000000000 0.00000000000 0.00000000000 0.00000000000 0.00000000000 0.00000000000
# Linf_dev:
 0.00000000000 0.00000000000 0.00000000000 0.00000000000 0.00000000000 0.00000000000 0.00000000000 0.00000000000 0.00000000000 0.00000000000 0.00000000000 0.00000000000 0.00000000000 0.00000000000 0.00000000000 0.00000000000 0.00000000000 0.00000000000 0.00000000000 0.00000000000 0.00000000000 0.00000000000 0.00000000000 0.00000000000 0.00000000000 0.00000000000 0.00000000000 0.00000000000 0.00000000000
# SelPars50:
0.523082832490
# SelPars95:
2.34140987485
# SelPars_dev50:
 0.00000000000 0.00000000000 0.00000000000 0.00000000000 0.00000000000 0.00000000000 0.00000000000 0.00000000000 0.00000000000 0.00000000000 0.00000000000 0.00000000000 0.00000000000 0.00000000000 0.00000000000 0.00000000000 0.00000000000 0.00000000000 0.00000000000 0.00000000000 0.00000000000 0.00000000000 0.00000000000 0.00000000000 0.00000000000 0.00000000000 0.00000000000 0.00000000000 0.00000000000
# SelPars_dev95:
 0.00000000000 0.00000000000 0.00000000000 0.00000000000 0.00000000000 0.00000000000 0.00000000000 0.00000000000 0.00000000000 0.00000000000 0.00000000000 0.00000000000 0.00000000000 0.00000000000 0.00000000000 0.00000000000 0.00000000000 0.00000000000 0.00000000000 0.00000000000 0.00000000000 0.00000000000 0.00000000000 0.00000000000 0.00000000000 0.00000000000 0.00000000000 0.00000000000 0.00000000000
