# Number of parameters = 77 Objective function value = 23475.5091661406  Maximum gradient component = 0.223236357535058
# srv_sel50:
0.999781739139
# srv_sel95:
1.00191508003
# stNatLen:
 11.4380103431 10.5735712104 9.29670576275 8.24866711359 7.48381086794 6.91935417030 6.48974152345 6.15460415906 5.88961288585 5.67965984997 5.51501269348 5.38923172693 5.29802183613 5.23858270982 5.20923322398
# log_avg_fmort_dir:
0.709245014177
# fmort_dir_dev:
 -0.350446244105 -0.305991000797 -0.248983365627 -0.161657485207 -0.149532859255 -0.188432725763 -0.195732575389 -0.225603560516 -0.0574087535891 -0.103264689680 -0.114521156151 -0.0297410632989 -0.160861888036 0.0529585968104 0.0320880891075 -0.0636254344030 0.0409286698379 0.116929287672 0.0821266347492 0.241665423339 0.111224479150 0.244056038647 0.206770727237 0.191333606446 0.292870460623 0.285884524492 0.372091328052 0.0848749356534
# mean_log_rec:
13.3992169249
# rec_dev:
 -1.69327008242 -1.50509329893 -1.27506897808 -1.13841111509 -1.02329538756 -0.896870859370 -0.678036715516 -0.379919022525 -0.313125265982 -0.173996910150 -0.0229381410683 0.0981245999868 0.199669676653 0.225580257814 0.327603628401 0.463784570380 0.477210596028 0.484839574152 0.553618644198 0.564788997240 0.602362614658 0.611580661136 0.679736651320 0.753827314390 0.760805253638 0.783125730299 0.756683504145 0.756683502260
# log_avg_NatM:
-1.36598700000
# m_dev:
 0.00000000000 0.00000000000 0.00000000000 0.00000000000 0.00000000000 0.00000000000 0.00000000000 0.00000000000 0.00000000000 0.00000000000 0.00000000000 0.00000000000 0.00000000000 0.00000000000 0.00000000000 0.00000000000 0.00000000000 0.00000000000 0.00000000000 0.00000000000 0.00000000000 0.00000000000 0.00000000000 0.00000000000 0.00000000000 0.00000000000 0.00000000000 0.00000000000
# log_avg_GrowthK:
-1.19807800000
# log_avg_Linf:
3.45748100000
# GrowthK_dev:
 0.00000000000 0.00000000000 0.00000000000 0.00000000000 0.00000000000 0.00000000000 0.00000000000 0.00000000000 0.00000000000 0.00000000000 0.00000000000 0.00000000000 0.00000000000 0.00000000000 0.00000000000 0.00000000000 0.00000000000 0.00000000000 0.00000000000 0.00000000000 0.00000000000 0.00000000000 0.00000000000 0.00000000000 0.00000000000 0.00000000000 0.00000000000 0.00000000000
# Linf_dev:
 0.00000000000 0.00000000000 0.00000000000 0.00000000000 0.00000000000 0.00000000000 0.00000000000 0.00000000000 0.00000000000 0.00000000000 0.00000000000 0.00000000000 0.00000000000 0.00000000000 0.00000000000 0.00000000000 0.00000000000 0.00000000000 0.00000000000 0.00000000000 0.00000000000 0.00000000000 0.00000000000 0.00000000000 0.00000000000 0.00000000000 0.00000000000 0.00000000000
# SelPars50:
1.03329880742
# SelPars95:
1.15455340302
# SelPars_dev50:
 0.00000000000 0.00000000000 0.00000000000 0.00000000000 0.00000000000 0.00000000000 0.00000000000 0.00000000000 0.00000000000 0.00000000000 0.00000000000 0.00000000000 0.00000000000 0.00000000000 0.00000000000 0.00000000000 0.00000000000 0.00000000000 0.00000000000 0.00000000000 0.00000000000 0.00000000000 0.00000000000 0.00000000000 0.00000000000 0.00000000000 0.00000000000 0.00000000000
# SelPars_dev95:
 0.00000000000 0.00000000000 0.00000000000 0.00000000000 0.00000000000 0.00000000000 0.00000000000 0.00000000000 0.00000000000 0.00000000000 0.00000000000 0.00000000000 0.00000000000 0.00000000000 0.00000000000 0.00000000000 0.00000000000 0.00000000000 0.00000000000 0.00000000000 0.00000000000 0.00000000000 0.00000000000 0.00000000000 0.00000000000 0.00000000000 0.00000000000 0.00000000000
