# Number of parameters = 80 Objective function value = 19271.5588638878  Maximum gradient component = 0.0345921500587676
# srv_sel50:
1.35186537827
# srv_sel95:
2.59063608943
# stNatLen:
 11.8134390647 10.1656408838 8.65062460048 7.63569866772 6.92917790558 6.40031074041 5.98791231119 5.65945993975 5.39565731881 5.18421882735 5.01697135030 4.88835601413 4.79459756522 4.73322573302 4.70280021390
# log_avg_fmort_dir:
0.667713375800
# fmort_dir_dev:
 -0.993260164662 -0.571367616340 -0.332420859347 -0.375772467382 -0.629317772836 -0.232122698234 -0.204726491086 -0.264784863844 -0.190001064249 -0.101070470711 -0.218298670804 -0.206652520968 -0.0596247187083 0.0445158404166 0.102500641792 0.119245562251 0.210082155885 0.161984050850 0.142289100867 0.125076178947 0.0910281233773 0.167510309401 0.325591144651 0.385537172172 0.423776139208 0.401873853287 0.454681745032 0.344014965718 0.879713395317
# mean_log_rec:
14.4620492941
# rec_dev:
 -2.11235506574 -1.89157133711 -1.75164672325 -1.01268834979 -0.897310166859 -0.935890495297 -0.551859918599 -0.375050299664 -0.187937226075 0.0296562184989 0.363782456112 0.610237601354 0.675235760025 0.545089694557 0.439133014790 0.452365155986 0.386493564547 0.392346411776 0.384541699531 0.374428048286 0.490813960834 0.557166766595 0.506840155458 0.532012351949 0.622567749172 0.632829460975 0.579784879098 0.570492321863 0.570492310982
# log_avg_NatM:
0.353248737643
# m_dev:
 0.00000000000 0.00000000000 0.00000000000 0.00000000000 0.00000000000 0.00000000000 0.00000000000 0.00000000000 0.00000000000 0.00000000000 0.00000000000 0.00000000000 0.00000000000 0.00000000000 0.00000000000 0.00000000000 0.00000000000 0.00000000000 0.00000000000 0.00000000000 0.00000000000 0.00000000000 0.00000000000 0.00000000000 0.00000000000 0.00000000000 0.00000000000 0.00000000000 0.00000000000
# log_avg_GrowthK:
-1.19613400000
# log_avg_Linf:
3.45239700000
# GrowthK_dev:
 0.00000000000 0.00000000000 0.00000000000 0.00000000000 0.00000000000 0.00000000000 0.00000000000 0.00000000000 0.00000000000 0.00000000000 0.00000000000 0.00000000000 0.00000000000 0.00000000000 0.00000000000 0.00000000000 0.00000000000 0.00000000000 0.00000000000 0.00000000000 0.00000000000 0.00000000000 0.00000000000 0.00000000000 0.00000000000 0.00000000000 0.00000000000 0.00000000000 0.00000000000
# Linf_dev:
 0.00000000000 0.00000000000 0.00000000000 0.00000000000 0.00000000000 0.00000000000 0.00000000000 0.00000000000 0.00000000000 0.00000000000 0.00000000000 0.00000000000 0.00000000000 0.00000000000 0.00000000000 0.00000000000 0.00000000000 0.00000000000 0.00000000000 0.00000000000 0.00000000000 0.00000000000 0.00000000000 0.00000000000 0.00000000000 0.00000000000 0.00000000000 0.00000000000 0.00000000000
# SelPars50:
1.04509958524
# SelPars95:
1.16569219975
# SelPars_dev50:
 0.00000000000 0.00000000000 0.00000000000 0.00000000000 0.00000000000 0.00000000000 0.00000000000 0.00000000000 0.00000000000 0.00000000000 0.00000000000 0.00000000000 0.00000000000 0.00000000000 0.00000000000 0.00000000000 0.00000000000 0.00000000000 0.00000000000 0.00000000000 0.00000000000 0.00000000000 0.00000000000 0.00000000000 0.00000000000 0.00000000000 0.00000000000 0.00000000000 0.00000000000
# SelPars_dev95:
 0.00000000000 0.00000000000 0.00000000000 0.00000000000 0.00000000000 0.00000000000 0.00000000000 0.00000000000 0.00000000000 0.00000000000 0.00000000000 0.00000000000 0.00000000000 0.00000000000 0.00000000000 0.00000000000 0.00000000000 0.00000000000 0.00000000000 0.00000000000 0.00000000000 0.00000000000 0.00000000000 0.00000000000 0.00000000000 0.00000000000 0.00000000000 0.00000000000 0.00000000000
