# Number of parameters = 77 Objective function value = 18677.5902363290  Maximum gradient component = 0.0249624084186459
# srv_sel50:
0.995572122467
# srv_sel95:
1.01372106229
# stNatLen:
 10.6715214943 9.16345621884 7.74854072441 6.79815596034 6.13935320855 5.64730535812 5.26389705882 4.95853468393 4.71320717445 4.51651159526 4.36088906432 4.24120636526 4.15397441410 4.09690009119 4.06861997520
# log_avg_fmort_dir:
0.596050469744
# fmort_dir_dev:
 -0.717294808795 -0.308350032776 -0.239659234150 -0.268047934176 -0.472857622328 -0.174453463224 -0.163974466464 -0.0954915600108 -0.0319903197123 0.0888342619866 -0.0792435949365 -0.0583005023975 -0.0184578741462 0.0401815392215 0.188288300665 0.267978166970 0.126651168959 0.186272717446 0.287697959201 0.0978675922778 0.204714082862 0.268631832953 0.248094397087 0.304772372608 0.206997467974 0.232921744811 0.200446143495 -0.322228335401
# mean_log_rec:
13.6531947783
# rec_dev:
 -2.32342590369 -2.02325392626 -1.84566069213 -1.18184667744 -1.02890048446 -1.04954993642 -0.656132669161 -0.452709978364 -0.264402893659 -0.0514339035091 0.300988396123 0.537022487951 0.696176988335 0.644143310187 0.513295728901 0.429239378407 0.476588808972 0.389501598907 0.283542523364 0.437413889146 0.551038984177 0.607100685799 0.642611135992 0.650488205484 0.778489432646 0.881278624443 1.02919844360 1.02919844268
# log_avg_NatM:
-1.06669500000
# m_dev:
 0.00000000000 0.00000000000 0.00000000000 0.00000000000 0.00000000000 0.00000000000 0.00000000000 0.00000000000 0.00000000000 0.00000000000 0.00000000000 0.00000000000 0.00000000000 0.00000000000 0.00000000000 0.00000000000 0.00000000000 0.00000000000 0.00000000000 0.00000000000 0.00000000000 0.00000000000 0.00000000000 0.00000000000 0.00000000000 0.00000000000 0.00000000000 0.00000000000
# log_avg_GrowthK:
-1.19613400000
# log_avg_Linf:
3.45239700000
# GrowthK_dev:
 0.00000000000 0.00000000000 0.00000000000 0.00000000000 0.00000000000 0.00000000000 0.00000000000 0.00000000000 0.00000000000 0.00000000000 0.00000000000 0.00000000000 0.00000000000 0.00000000000 0.00000000000 0.00000000000 0.00000000000 0.00000000000 0.00000000000 0.00000000000 0.00000000000 0.00000000000 0.00000000000 0.00000000000 0.00000000000 0.00000000000 0.00000000000 0.00000000000
# Linf_dev:
 0.00000000000 0.00000000000 0.00000000000 0.00000000000 0.00000000000 0.00000000000 0.00000000000 0.00000000000 0.00000000000 0.00000000000 0.00000000000 0.00000000000 0.00000000000 0.00000000000 0.00000000000 0.00000000000 0.00000000000 0.00000000000 0.00000000000 0.00000000000 0.00000000000 0.00000000000 0.00000000000 0.00000000000 0.00000000000 0.00000000000 0.00000000000 0.00000000000
# SelPars50:
1.00574165967
# SelPars95:
1.11897349802
# SelPars_dev50:
 0.00000000000 0.00000000000 0.00000000000 0.00000000000 0.00000000000 0.00000000000 0.00000000000 0.00000000000 0.00000000000 0.00000000000 0.00000000000 0.00000000000 0.00000000000 0.00000000000 0.00000000000 0.00000000000 0.00000000000 0.00000000000 0.00000000000 0.00000000000 0.00000000000 0.00000000000 0.00000000000 0.00000000000 0.00000000000 0.00000000000 0.00000000000 0.00000000000
# SelPars_dev95:
 0.00000000000 0.00000000000 0.00000000000 0.00000000000 0.00000000000 0.00000000000 0.00000000000 0.00000000000 0.00000000000 0.00000000000 0.00000000000 0.00000000000 0.00000000000 0.00000000000 0.00000000000 0.00000000000 0.00000000000 0.00000000000 0.00000000000 0.00000000000 0.00000000000 0.00000000000 0.00000000000 0.00000000000 0.00000000000 0.00000000000 0.00000000000 0.00000000000
