# Number of parameters = 79 Objective function value = 22785.8939102315  Maximum gradient component = 0.000969414693432781
# srv_sel50:
0.331721837642
# srv_sel95:
1.73688034893
# stNatLen:
 10.3988731982 9.77546175814 8.55111216891 7.54627921885 6.80272612028 6.25124620786 5.83146958589 5.50438984853 5.24612370845 5.04176956314 4.88171075206 4.75957634083 4.67110887882 4.61352014782 4.58512027185
# log_avg_fmort_dir:
0.695875136163
# fmort_dir_dev:
 -0.162769180873 -0.224434575297 -0.196167881101 -0.233942684110 -0.179008732025 -0.0966939495931 0.101680097359 0.0302638786673 -0.395959722691 -0.0879328955286 0.176261840651 -0.0591955303877 0.00274551364469 0.166368918828 0.192099168028 0.304421124051 0.115211979979 0.206682633823 0.261125900535 0.0843958360566 0.145234499541 0.00372550392846 0.136696083302 0.104750928430 0.0412377824241 0.237132888159 0.199054673892 0.176438293466 -1.04942239316
# mean_log_rec:
12.4058759011
# rec_dev:
 -1.86488998567 -1.65344961339 -1.42225394588 -1.14787996370 -1.09446670981 -1.33248974147 -0.986619282327 -0.179135638422 -0.223853793130 -0.242779647951 0.381273842823 0.636232855741 0.557019487973 0.324673768072 0.259534390812 0.382123859784 0.334988467511 0.372464314742 0.336928696272 0.437093673078 0.588785574174 0.508445058705 0.625683955879 0.723981042491 0.627027277629 0.569108315604 0.617806229578 0.932323769522 0.932323741368
# log_avg_NatM:
-0.940144300000
# m_dev:
 0.00000000000 0.00000000000 0.00000000000 0.00000000000 0.00000000000 0.00000000000 0.00000000000 0.00000000000 0.00000000000 0.00000000000 0.00000000000 0.00000000000 0.00000000000 0.00000000000 0.00000000000 0.00000000000 0.00000000000 0.00000000000 0.00000000000 0.00000000000 0.00000000000 0.00000000000 0.00000000000 0.00000000000 0.00000000000 0.00000000000 0.00000000000 0.00000000000 0.00000000000
# log_avg_GrowthK:
-1.02151300000
# log_avg_Linf:
3.36611700000
# GrowthK_dev:
 0.00000000000 0.00000000000 0.00000000000 0.00000000000 0.00000000000 0.00000000000 0.00000000000 0.00000000000 0.00000000000 0.00000000000 0.00000000000 0.00000000000 0.00000000000 0.00000000000 0.00000000000 0.00000000000 0.00000000000 0.00000000000 0.00000000000 0.00000000000 0.00000000000 0.00000000000 0.00000000000 0.00000000000 0.00000000000 0.00000000000 0.00000000000 0.00000000000 0.00000000000
# Linf_dev:
 0.00000000000 0.00000000000 0.00000000000 0.00000000000 0.00000000000 0.00000000000 0.00000000000 0.00000000000 0.00000000000 0.00000000000 0.00000000000 0.00000000000 0.00000000000 0.00000000000 0.00000000000 0.00000000000 0.00000000000 0.00000000000 0.00000000000 0.00000000000 0.00000000000 0.00000000000 0.00000000000 0.00000000000 0.00000000000 0.00000000000 0.00000000000 0.00000000000 0.00000000000
# SelPars50:
1.68023743355
# SelPars95:
2.72379550755
# SelPars_dev50:
 0.00000000000 0.00000000000 0.00000000000 0.00000000000 0.00000000000 0.00000000000 0.00000000000 0.00000000000 0.00000000000 0.00000000000 0.00000000000 0.00000000000 0.00000000000 0.00000000000 0.00000000000 0.00000000000 0.00000000000 0.00000000000 0.00000000000 0.00000000000 0.00000000000 0.00000000000 0.00000000000 0.00000000000 0.00000000000 0.00000000000 0.00000000000 0.00000000000 0.00000000000
# SelPars_dev95:
 0.00000000000 0.00000000000 0.00000000000 0.00000000000 0.00000000000 0.00000000000 0.00000000000 0.00000000000 0.00000000000 0.00000000000 0.00000000000 0.00000000000 0.00000000000 0.00000000000 0.00000000000 0.00000000000 0.00000000000 0.00000000000 0.00000000000 0.00000000000 0.00000000000 0.00000000000 0.00000000000 0.00000000000 0.00000000000 0.00000000000 0.00000000000 0.00000000000 0.00000000000
