# Number of parameters = 79 Objective function value = 21723.2501174648  Maximum gradient component = 0.000619717889333995
# srv_sel50:
1.06209924773
# srv_sel95:
2.08908329723
# stNatLen:
 11.3640320029 10.8632743230 9.00213755285 7.73046124018 6.90729049523 6.33244480891 5.90282360904 5.56965395942 5.30676554354 5.09865082291 4.93551077561 4.81091480162 4.72058951526 4.66175354379 4.63273702859
# log_avg_fmort_dir:
0.609656013728
# fmort_dir_dev:
 -0.728348733304 -0.721738877267 -0.698798277023 -0.578660050355 -0.420841077337 -0.327942779518 -0.329535847022 -0.213845510346 -0.258022669411 -0.268992274614 -0.0838418738320 -0.00575835162271 -0.0784450187851 0.125530536176 0.185165417019 0.266103019255 0.195131004971 0.261346798853 0.294485271593 0.281923519791 0.432455497164 0.430804390178 0.387698382570 0.462498454228 0.394938101448 0.521016462890 0.632663899714 0.506123499997 -0.663112915407
# mean_log_rec:
13.5786554925
# rec_dev:
 -2.04381693737 -1.84816458539 -1.66678777328 -1.37823303482 -1.27958796151 -1.11996700259 -0.729592550571 -0.426129217067 -0.210498569391 -0.0779827143320 0.239270028860 0.632111992859 0.725644930921 0.474876242699 0.351567265632 0.385576228235 0.392321606105 0.346805978079 0.376697081582 0.504563568170 0.540086142911 0.613400864713 0.663488669257 0.749555481332 0.833534531974 0.733035862025 0.608120670412 0.805051599690 0.805051600865
# log_avg_NatM:
-1.05607500000
# m_dev:
 0.00000000000 0.00000000000 0.00000000000 0.00000000000 0.00000000000 0.00000000000 0.00000000000 0.00000000000 0.00000000000 0.00000000000 0.00000000000 0.00000000000 0.00000000000 0.00000000000 0.00000000000 0.00000000000 0.00000000000 0.00000000000 0.00000000000 0.00000000000 0.00000000000 0.00000000000 0.00000000000 0.00000000000 0.00000000000 0.00000000000 0.00000000000 0.00000000000 0.00000000000
# log_avg_GrowthK:
-1.18630400000
# log_avg_Linf:
3.44583300000
# GrowthK_dev:
 0.00000000000 0.00000000000 0.00000000000 0.00000000000 0.00000000000 0.00000000000 0.00000000000 0.00000000000 0.00000000000 0.00000000000 0.00000000000 0.00000000000 0.00000000000 0.00000000000 0.00000000000 0.00000000000 0.00000000000 0.00000000000 0.00000000000 0.00000000000 0.00000000000 0.00000000000 0.00000000000 0.00000000000 0.00000000000 0.00000000000 0.00000000000 0.00000000000 0.00000000000
# Linf_dev:
 0.00000000000 0.00000000000 0.00000000000 0.00000000000 0.00000000000 0.00000000000 0.00000000000 0.00000000000 0.00000000000 0.00000000000 0.00000000000 0.00000000000 0.00000000000 0.00000000000 0.00000000000 0.00000000000 0.00000000000 0.00000000000 0.00000000000 0.00000000000 0.00000000000 0.00000000000 0.00000000000 0.00000000000 0.00000000000 0.00000000000 0.00000000000 0.00000000000 0.00000000000
# SelPars50:
1.04062586496
# SelPars95:
1.15666575754
# SelPars_dev50:
 0.00000000000 0.00000000000 0.00000000000 0.00000000000 0.00000000000 0.00000000000 0.00000000000 0.00000000000 0.00000000000 0.00000000000 0.00000000000 0.00000000000 0.00000000000 0.00000000000 0.00000000000 0.00000000000 0.00000000000 0.00000000000 0.00000000000 0.00000000000 0.00000000000 0.00000000000 0.00000000000 0.00000000000 0.00000000000 0.00000000000 0.00000000000 0.00000000000 0.00000000000
# SelPars_dev95:
 0.00000000000 0.00000000000 0.00000000000 0.00000000000 0.00000000000 0.00000000000 0.00000000000 0.00000000000 0.00000000000 0.00000000000 0.00000000000 0.00000000000 0.00000000000 0.00000000000 0.00000000000 0.00000000000 0.00000000000 0.00000000000 0.00000000000 0.00000000000 0.00000000000 0.00000000000 0.00000000000 0.00000000000 0.00000000000 0.00000000000 0.00000000000 0.00000000000 0.00000000000
