# Number of parameters = 109 Objective function value = 22403.8096543633  Maximum gradient component = 0.000833299227089840
# srv_sel50:
2.08265671853
# srv_sel95:
3.52859831759
# stNatLen:
 11.4026560168 10.8961385879 9.36437520777 8.13594616654 7.30355907208 6.71714155052 6.27692760199 5.93452894342 5.66378929684 5.44912037273 5.28062768924 5.15179791708 5.05829705595 4.99730883015 4.96716113634
# log_avg_fmort_dir:
0.813382685435
# fmort_dir_dev:
 -0.322884411624 -0.550599188505 -0.774783018310 -0.635341738829 -0.402161149392 -0.436377492128 -0.409111480086 -0.392163850267 -0.499138382988 -0.215876866130 -0.159825634033 -0.198986325919 0.0365959224685 0.0763749606533 0.279114219893 0.220507034190 0.285253546012 0.270041502713 0.171394167905 -0.0320463284834 0.244110374045 0.392114779873 0.460659112666 0.519559375952 0.192072026694 0.507135455653 0.396512685375 0.380224906346 0.597625796256
# mean_log_rec:
14.7723670860
# rec_dev:
 -2.50361466963 -1.75871699562 -1.46032293019 -1.48368719146 -1.02624337393 -0.918488690370 -0.605283509030 -0.213168455648 0.00238044275493 -0.0187434562600 0.423900849277 0.622496453556 0.496363457029 0.115039437956 0.275898865333 0.273807588808 0.196914156437 0.456696294838 0.621065165921 0.640531676187 0.517580419713 0.580997478007 0.671578207502 1.04419949450 0.699188147920 0.569569004636 0.618046590803 0.581007767009 0.581007773957
# log_avg_NatM:
0.272831390062
# m_dev:
 -0.968494338267 -0.456595721322 -0.324481670977 0.0130897514136 -0.345988315792 -0.0381832099362 -0.167580807459 -0.0851378866470 0.200584232779 0.162116428600 -0.0882788004293 0.193142057147 0.116651116382 0.0554176984764 -0.228151093497 0.0137607244529 0.0973953686885 -0.0785333105163 0.00293734546776 0.299113460048 0.290290757117 0.120931634110 0.210419156302 0.0114551825792 0.374615647990 0.182030024003 0.145661720906 0.209205228885 0.0826076194951
# log_avg_GrowthK:
-1.18630400000
# log_avg_Linf:
3.44583300000
# GrowthK_dev:
 0.00000000000 0.00000000000 0.00000000000 0.00000000000 0.00000000000 0.00000000000 0.00000000000 0.00000000000 0.00000000000 0.00000000000 0.00000000000 0.00000000000 0.00000000000 0.00000000000 0.00000000000 0.00000000000 0.00000000000 0.00000000000 0.00000000000 0.00000000000 0.00000000000 0.00000000000 0.00000000000 0.00000000000 0.00000000000 0.00000000000 0.00000000000 0.00000000000 0.00000000000
# Linf_dev:
 0.00000000000 0.00000000000 0.00000000000 0.00000000000 0.00000000000 0.00000000000 0.00000000000 0.00000000000 0.00000000000 0.00000000000 0.00000000000 0.00000000000 0.00000000000 0.00000000000 0.00000000000 0.00000000000 0.00000000000 0.00000000000 0.00000000000 0.00000000000 0.00000000000 0.00000000000 0.00000000000 0.00000000000 0.00000000000 0.00000000000 0.00000000000 0.00000000000 0.00000000000
# SelPars50:
1.96140466865
# SelPars95:
3.06453874742
# SelPars_dev50:
 0.00000000000 0.00000000000 0.00000000000 0.00000000000 0.00000000000 0.00000000000 0.00000000000 0.00000000000 0.00000000000 0.00000000000 0.00000000000 0.00000000000 0.00000000000 0.00000000000 0.00000000000 0.00000000000 0.00000000000 0.00000000000 0.00000000000 0.00000000000 0.00000000000 0.00000000000 0.00000000000 0.00000000000 0.00000000000 0.00000000000 0.00000000000 0.00000000000 0.00000000000
# SelPars_dev95:
 0.00000000000 0.00000000000 0.00000000000 0.00000000000 0.00000000000 0.00000000000 0.00000000000 0.00000000000 0.00000000000 0.00000000000 0.00000000000 0.00000000000 0.00000000000 0.00000000000 0.00000000000 0.00000000000 0.00000000000 0.00000000000 0.00000000000 0.00000000000 0.00000000000 0.00000000000 0.00000000000 0.00000000000 0.00000000000 0.00000000000 0.00000000000 0.00000000000 0.00000000000
