# Number of parameters = 79 Objective function value = 19370.3578058464  Maximum gradient component = 0.0430001584770542
# srv_sel50:
0.998413256466
# srv_sel95:
1.00640577981
# stNatLen:
 10.9702389534 9.71986331854 8.37221280183 7.45270077285 6.81591520298 6.34099012861 5.97127346755 5.67699001978 5.44065400690 5.25122172103 5.10138619676 4.98619043677 4.90226409529 4.84738467274 4.82022433659
# log_avg_fmort_dir:
0.654170371055
# fmort_dir_dev:
 -0.277900339882 -0.283012230058 -0.199608735029 -0.169962425125 -0.513863944608 -0.141647004845 -0.0517791660736 -0.229550874445 -0.167199634925 -0.0170162811966 -0.0719372309534 0.0431401819466 -0.169532455418 -0.0177610840907 0.0825225591441 0.100545390164 0.0447001814766 0.157311170731 0.122364158632 0.251656292554 0.219695914232 0.178221463381 0.229960263838 0.191891875170 0.262626720507 0.264667914779 0.369971258925 0.245452092378 -0.453956031210
# mean_log_rec:
13.6487714631
# rec_dev:
 -2.29685392528 -2.05437763202 -1.92042765996 -1.23311976923 -0.984028175398 -1.03065083988 -0.709936611162 -0.441903666926 -0.216061168013 -0.0131151992769 0.298163064594 0.448841441711 0.652886333816 0.560218712216 0.460031399407 0.444011642990 0.448029788707 0.388926275979 0.381580274398 0.389767956027 0.492917536922 0.590835866062 0.659940932935 0.793975125890 0.819221566585 0.811966169442 0.702594938629 0.778282810222 0.778282810617
# log_avg_NatM:
-1.06669500000
# m_dev:
 0.00000000000 0.00000000000 0.00000000000 0.00000000000 0.00000000000 0.00000000000 0.00000000000 0.00000000000 0.00000000000 0.00000000000 0.00000000000 0.00000000000 0.00000000000 0.00000000000 0.00000000000 0.00000000000 0.00000000000 0.00000000000 0.00000000000 0.00000000000 0.00000000000 0.00000000000 0.00000000000 0.00000000000 0.00000000000 0.00000000000 0.00000000000 0.00000000000 0.00000000000
# log_avg_GrowthK:
-1.19613400000
# log_avg_Linf:
3.45239700000
# GrowthK_dev:
 0.00000000000 0.00000000000 0.00000000000 0.00000000000 0.00000000000 0.00000000000 0.00000000000 0.00000000000 0.00000000000 0.00000000000 0.00000000000 0.00000000000 0.00000000000 0.00000000000 0.00000000000 0.00000000000 0.00000000000 0.00000000000 0.00000000000 0.00000000000 0.00000000000 0.00000000000 0.00000000000 0.00000000000 0.00000000000 0.00000000000 0.00000000000 0.00000000000 0.00000000000
# Linf_dev:
 0.00000000000 0.00000000000 0.00000000000 0.00000000000 0.00000000000 0.00000000000 0.00000000000 0.00000000000 0.00000000000 0.00000000000 0.00000000000 0.00000000000 0.00000000000 0.00000000000 0.00000000000 0.00000000000 0.00000000000 0.00000000000 0.00000000000 0.00000000000 0.00000000000 0.00000000000 0.00000000000 0.00000000000 0.00000000000 0.00000000000 0.00000000000 0.00000000000 0.00000000000
# SelPars50:
1.00616009762
# SelPars95:
1.12158553628
# SelPars_dev50:
 0.00000000000 0.00000000000 0.00000000000 0.00000000000 0.00000000000 0.00000000000 0.00000000000 0.00000000000 0.00000000000 0.00000000000 0.00000000000 0.00000000000 0.00000000000 0.00000000000 0.00000000000 0.00000000000 0.00000000000 0.00000000000 0.00000000000 0.00000000000 0.00000000000 0.00000000000 0.00000000000 0.00000000000 0.00000000000 0.00000000000 0.00000000000 0.00000000000 0.00000000000
# SelPars_dev95:
 0.00000000000 0.00000000000 0.00000000000 0.00000000000 0.00000000000 0.00000000000 0.00000000000 0.00000000000 0.00000000000 0.00000000000 0.00000000000 0.00000000000 0.00000000000 0.00000000000 0.00000000000 0.00000000000 0.00000000000 0.00000000000 0.00000000000 0.00000000000 0.00000000000 0.00000000000 0.00000000000 0.00000000000 0.00000000000 0.00000000000 0.00000000000 0.00000000000 0.00000000000
