# Number of parameters = 106 Objective function value = 26751.9775545145  Maximum gradient component = 0.000534462637450521
# srv_sel50:
4.67614087689
# srv_sel95:
10.7640982642
# stNatLen:
 13.3511627475 12.4810378916 11.5860737379 10.7483409406 10.0474401838 9.48972460285 9.04903627597 8.69888512240 8.41952284811 8.19722728501 8.02256450019 7.88904068910 7.79222304595 7.72921539052 7.69822138846
# log_avg_fmort_dir:
-0.360604460157
# fmort_dir_dev:
 -0.0786977099168 -0.503630580294 -0.736042320586 -0.970616287858 -0.806656904586 -0.462673116864 -0.424099055451 -0.122128087264 -0.311612108152 -0.139511347297 0.0873404652959 0.191940745589 0.401160274535 0.451263543017 0.399432696223 0.310428294211 0.0733438212732 0.0276375932826 0.199860569582 0.363189375886 0.429312036232 0.192723637841 0.363120296317 0.388305452380 0.368478301233 0.146203523990 0.0997603927749 0.0621664986051
# mean_log_rec:
15.8548560469
# rec_dev:
 -3.12203671112 -4.17000076361 -2.16904240974 -0.708474003601 -0.557980955997 -0.320259657340 0.0158960330406 0.117195116173 0.438847887428 0.378027126083 0.329590912500 0.446514531477 0.398075119909 0.376848730076 0.658040450731 0.778470535065 0.709700071936 0.481525275661 0.523699015367 0.530956225929 0.496726454217 0.423048055384 0.472564600641 0.562296488755 0.820164278791 0.696784584780 0.696411500400 0.696411507062
# log_avg_NatM:
0.0905937767005
# m_dev:
 -0.491065520879 -0.587466715124 -1.12298975394 -0.511812962816 -0.0490833322774 0.161786500259 -0.141822431006 0.107308733279 -0.0743383936104 0.252067905805 0.231951226006 0.0710492569638 0.146944997922 0.164667144019 -0.0313535179384 0.0746016206230 0.210809698272 0.313634900997 0.0427780224666 0.117464368594 0.164279509656 0.140518440653 0.0643104434912 0.121612266212 -0.0559281180780 0.254760323900 0.202239043915 0.223076342632
# log_avg_GrowthK:
-1.02151300000
# log_avg_Linf:
3.36611700000
# GrowthK_dev:
 0.00000000000 0.00000000000 0.00000000000 0.00000000000 0.00000000000 0.00000000000 0.00000000000 0.00000000000 0.00000000000 0.00000000000 0.00000000000 0.00000000000 0.00000000000 0.00000000000 0.00000000000 0.00000000000 0.00000000000 0.00000000000 0.00000000000 0.00000000000 0.00000000000 0.00000000000 0.00000000000 0.00000000000 0.00000000000 0.00000000000 0.00000000000 0.00000000000
# Linf_dev:
 0.00000000000 0.00000000000 0.00000000000 0.00000000000 0.00000000000 0.00000000000 0.00000000000 0.00000000000 0.00000000000 0.00000000000 0.00000000000 0.00000000000 0.00000000000 0.00000000000 0.00000000000 0.00000000000 0.00000000000 0.00000000000 0.00000000000 0.00000000000 0.00000000000 0.00000000000 0.00000000000 0.00000000000 0.00000000000 0.00000000000 0.00000000000 0.00000000000
# SelPars50:
3.96008048062
# SelPars95:
8.52981068780
# SelPars_dev50:
 0.00000000000 0.00000000000 0.00000000000 0.00000000000 0.00000000000 0.00000000000 0.00000000000 0.00000000000 0.00000000000 0.00000000000 0.00000000000 0.00000000000 0.00000000000 0.00000000000 0.00000000000 0.00000000000 0.00000000000 0.00000000000 0.00000000000 0.00000000000 0.00000000000 0.00000000000 0.00000000000 0.00000000000 0.00000000000 0.00000000000 0.00000000000 0.00000000000
# SelPars_dev95:
 0.00000000000 0.00000000000 0.00000000000 0.00000000000 0.00000000000 0.00000000000 0.00000000000 0.00000000000 0.00000000000 0.00000000000 0.00000000000 0.00000000000 0.00000000000 0.00000000000 0.00000000000 0.00000000000 0.00000000000 0.00000000000 0.00000000000 0.00000000000 0.00000000000 0.00000000000 0.00000000000 0.00000000000 0.00000000000 0.00000000000 0.00000000000 0.00000000000
