#Simulated generalized assessment 
# 
#start/end year 
73 100 
#number of ages 
15 
#ages 
1 2 3 4 5 6 7 8 9 10 11 12 13 14 15 
#Number of length bins 
25 
#CPUE years 
28 
#years for CPUE 
73 74 75 76 77 78 79 80 81 82 83 84 85 86 87 88 89 90 91 92 93 94 95 96 97 98 99 100 
#survey years 
28 
#years for survey 
73 74 75 76 77 78 79 80 81 82 83 84 85 86 87 88 89 90 91 92 93 94 95 96 97 98 99 100 
#length freq from catch years 
28 
#years for length freq catch 
73 74 75 76 77 78 79 80 81 82 83 84 85 86 87 88 89 90 91 92 93 94 95 96 97 98 99 100 
#catch length sample sizes 
200 200 200 200 200 200 200 200 200 200 200 200 200 200 200 200 200 200 200 200 200 200 200 200 200 200 200 200 
#length freq from survey years 
28 
#years for length freq survey 
73 74 75 76 77 78 79 80 81 82 83 84 85 86 87 88 89 90 91 92 93 94 95 96 97 98 99 100 
#survey sample sizes 
200 200 200 200 200 200 200 200 200 200 200 200 200 200 200 200 200 200 200 200 200 200 200 200 200 200 200 200 
#total survey biomass 
4670.045 9334.497 7998.2 16306.74 18394.84 19480.85 21191.72 23963.23 54415.99 81293.56 133024.1 128740.6 206415.4 163123.8 120648.7 155250.1 149664.7 162326 147218.1 164279.5 172471.3 158786.9 205448.9 189956.6 172230.1 205517.9 217346.9 187713.1 
#survey CV 
0.2 0.2 0.2 0.2 0.2 0.2 0.2 0.2 0.2 0.2 0.2 0.2 0.2 0.2 0.2 0.2 0.2 0.2 0.2 0.2 0.2 0.2 0.2 0.2 0.2 0.2 0.2 0.2 
#total CPUE 
3966.744 4671.907 9829.511 10365.74 14751.18 20961.84 25753.9 14386.06 37962.72 50894.13 67451.22 126819.9 113004.1 169667.6 117065.5 63436.74 80099.43 117629.4 87517.07 82737.45 91345.73 139730.3 112975 102993.7 111293.4 121314.5 180308.4 125807 
#CPUE CV 
0.2 0.2 0.2 0.2 0.2 0.2 0.2 0.2 0.2 0.2 0.2 0.2 0.2 0.2 0.2 0.2 0.2 0.2 0.2 0.2 0.2 0.2 0.2 0.2 0.2 0.2 0.2 0.2 
#total catch biomass 
2254.099 2579.348 4206.786 5670.25 9111.876 10464.78 15845 16282.57 18727.39 33378.97 51531.34 56055.11 72353.13 86484.48 96789.8 112949.9 79036.09 82898.1 87661.56 84851.73 74275.03 99847.45 100367.8 100769.4 115849.6 124478.6 91803.63 95365.41 
#catch CV 
0.1 0.1 0.1 0.1 0.1 0.1 0.1 0.1 0.1 0.1 0.1 0.1 0.1 0.1 0.1 0.1 0.1 0.1 0.1 0.1 0.1 0.1 0.1 0.1 0.1 0.1 0.1 0.1 
#Length Bins 
0.6062379 1.818714 3.03119 4.243665 5.456141 6.668617 7.881093 9.093569 10.30604 11.51852 12.731 13.94347 15.15595 16.36842 17.5809 18.79338 20.00585 21.21833 22.4308 23.64328 24.85575 26.06823 27.28071 28.49318 29.70566 
#catch length counts 
7.40022e-07 3.480707e-05 0.001133643 0.02556653 0.3992584 4.317427 32.32901 167.6435 602.1835 1500.026 2602.49 3198.171 2955.083 2409.021 2103.088 1878.988 1441.478 902.0342 488.7895 244.797 112.7309 45.96393 16.25913 4.925146 1.250753 
7.59802e-07 3.573742e-05 0.001163944 0.0262499 0.4099301 4.432827 33.19312 172.1244 618.2795 1540.124 2672.075 3283.767 3034.437 2474.249 2160.625 1930.656 1481.042 926.4371 501.3768 250.3316 114.6239 46.32655 16.19744 4.840224 1.211468 
1.772046e-06 8.334851e-05 0.002714606 0.06122123 0.9560569 10.33838 77.41268 401.3975 1441.422 3586.431 6194.198 7479.723 6489.618 4430.222 2904.25 2098.776 1481.062 902.6814 483.3339 239.659 109.1935 43.9372 15.27617 4.529524 1.122378 
1.676651e-06 7.88616e-05 0.002568471 0.05792552 0.9045908 9.781898 73.24715 379.827 1364.367 3398.704 5897.268 7249.993 6707.212 5478.856 4771.418 4188.892 3062.803 1722.42 772.1015 305.973 117.0459 43.07426 14.46288 4.230628 1.040222 
3.016726e-06 0.0001418923 0.004621338 0.1042229 1.627589 17.60006 131.7879 683.3532 2454.089 6107.664 10559.58 12802.61 11275.06 8060.343 5769.897 4502.338 3280.647 2009.02 1057.198 497.2518 204.5185 70.5291 20.36391 5.08201 1.115386 
3.760503e-06 0.0001768759 0.005760733 0.1299191 2.028874 21.93942 164.2817 851.8645 3059.575 7617.739 13191.93 16095.78 14502.45 11060.15 8770.14 7290.308 5278.268 3025.849 1421.496 601.2624 241.0245 88.40725 28.00535 7.368706 1.575331 
4.437018e-06 0.000208696 0.00679709 0.1532916 2.393869 25.88635 193.8366 1005.127 3610.166 8989.883 15576.88 19046.98 17294.63 13471.76 11035.91 9421.215 6983.626 4151.38 2060.329 914.7119 366.9305 128.169 38.27116 9.797051 2.127716 
5.130253e-06 0.0002413024 0.007859059 0.1772417 2.767884 29.93079 224.1213 1162.164 4174.172 10394.03 18007.73 22009.36 19952.69 15477.78 12609.7 10743.81 7992.67 4804.435 2438.805 1120.664 468.4688 170.5227 52.46937 13.50713 2.877864 
7.575341e-06 0.0003563075 0.0116047 0.2617154 4.087062 44.19579 330.9354 1716.002 6162.846 15340.5 26539.97 32260.82 28679.8 21070.82 15784.42 12689.15 9231.083 5505.024 2784.156 1280.508 540.3975 200.781 63.71023 17.0025 3.744138 
1.202684e-05 0.0005656844 0.01842397 0.4155071 6.488739 70.1665 525.4018 2724.354 9784.016 24352.07 42115.37 51122.08 45215.91 32722.4 23867.94 18722.14 13329.85 7692.413 3685.671 1590.208 639.8704 232.4992 73.53297 19.81716 4.450064 
1.453099e-05 0.0006834678 0.0222601 0.5020216 7.839789 84.77633 634.8032 3291.713 11822.76 29438.08 50990.86 62270.7 56285.22 43300.65 34790.85 29199.59 21259.43 12249.95 5771.452 2413.231 930.0495 321.0525 96.23184 24.7878 5.415056 
2.017706e-05 0.0009490314 0.03090933 0.6970837 10.88596 117.7163 881.4544 4570.643 16415.45 40865.6 70730.08 86118.66 77017.33 57552.39 44305.32 36303.97 26554.88 15782.43 7879.617 3527.257 1422.943 495.8799 145.674 36.08051 7.514209 
2.795422e-05 0.001314832 0.0428232 0.9657717 15.08191 163.0896 1221.207 6332.364 22742.52 56615.12 97979.34 119249.2 106492.8 79243.88 60552.39 49231.7 35671.29 20858.62 10168.7 4468.801 1813.003 652.7069 200.6938 51.65898 10.93541 
3.157583e-05 0.001485175 0.04837117 1.090892 17.03586 184.219 1379.43 7152.952 25691.75 63977.76 110863.6 135601.1 123252 96256.7 79088.75 67494.22 49738.87 29165.07 14162.19 6163.089 2464.003 873.4761 266.2212 68.90478 14.89415 
2.879359e-05 0.001354311 0.04410904 0.9947707 15.53478 167.9873 1257.896 6522.93 23431.48 58375.22 101332.6 124778.9 116093.6 96238.78 85672.34 77009.26 58428.53 35399.92 18055.78 8301.543 3447.5 1239.891 377.2354 96.73877 20.71679 
2.195119e-05 0.001032478 0.03362714 0.7583774 11.84317 128.0677 958.9819 4972.998 17865.48 44524.47 77398.12 95818.21 90781.72 78594.84 73770.64 68612.38 53414.02 33617.42 18204.04 8977.501 3971.305 1508.256 481.4706 128.1363 28.0318 
2.413886e-05 0.001135376 0.03697844 0.8339575 13.02345 140.8304 1054.538 5468.266 19641.05 48913.38 84780.53 103799.1 94681.14 74705.92 62552.7 54828.25 42391.07 27349.03 15532.78 8118.017 3809.576 1539.345 524.8324 148.9035 34.44837 
2.372284e-05 0.001115808 0.03634114 0.8195848 12.799 138.4035 1036.369 5374.135 19304.14 48086.05 83426.47 102516.5 94704.23 77143.82 67201.46 59747.3 45347.82 27793.81 14630.28 7175.659 3310.059 1373.676 493.2125 148.7653 36.63619 
2.196796e-05 0.001033267 0.03365282 0.7589564 11.8522 128.1652 959.7063 4976.634 17876.81 44535.64 77301.08 95151.39 88418.97 73097.7 64943.17 58570.36 45000.14 28051.52 15043.72 7394.671 3316.814 1312.576 452.3972 134.7292 33.80918 
2.081128e-05 0.0009788625 0.03188091 0.7189954 11.22815 121.417 909.1748 4714.593 16935.43 42189.58 73223.23 90104.93 83645.16 68988.16 61146.54 55171.71 42592.74 26853.6 14683.35 7388.939 3381.962 1352.648 463.8126 135.1633 32.96889 
2.520961e-05 0.001185739 0.03861873 0.8709502 13.60114 147.0773 1101.313 5710.784 20511.67 51076.9 88498.93 108202.5 98216.89 76479.81 62773.51 54097.56 41119.33 25832.81 14145.68 7163.176 3318.667 1350.751 472.1667 139.6429 34.22463 
2.679901e-05 0.001260496 0.04105354 0.9258613 14.45866 156.3504 1170.754 6070.962 21806.71 54315.34 94202.81 115612.5 106335.3 85662.2 73535.48 64769.64 48893.02 29751.98 15446.25 7406.835 3319.173 1336.831 469.1456 140.383 34.9166 
2.662533e-05 0.001252327 0.04078748 0.919861 14.36496 155.3372 1163.169 6031.672 21666.16 53970.98 93644.62 115111.5 106465 86995.27 76147.75 68055.16 52043.77 32285.56 17188.4 8367.637 3708.194 1443.04 486.0471 140.9926 34.57052 
2.852676e-05 0.001341761 0.04370029 0.9855522 15.39082 166.4304 1246.233 6462.355 23212.52 57816.21 100270.2 123038.7 113106.3 91025.53 78160.32 69204.29 53008.14 33242.05 18058.42 9020.074 4097.774 1625.094 551.0617 158.222 37.88032 
2.932506e-05 0.00137931 0.04492321 1.013132 15.82152 171.0879 1281.112 6643.281 23863.27 59445.63 103154.6 126853.4 117490.7 96346.01 84729.72 75977.74 58277.21 36362.2 19602.66 9757.643 4462.405 1799.522 623.9145 182.918 44.37541 
2.894082e-05 0.001361237 0.04433459 0.9998574 15.61422 168.8463 1264.329 6556.3 23551.52 58675.91 101865.9 125489.4 116933.3 97340.11 87278.35 79285.06 61396.68 38809.27 21295.27 10764.8 4957.408 2001.837 695.8687 205.7481 50.62928 
2.769088e-05 0.001302446 0.0424198 0.9566741 14.93985 161.554 1209.725 6273.167 22534.76 56145.83 97494.42 120202.8 112322.4 94150.43 85173.24 77875.22 60678.16 38749.15 21610.48 11137.63 5225.407 2145.597 756.0912 225.6882 55.90969 
2.247566e-05 0.001057147 0.03443058 0.7764969 12.12613 131.1276 981.896 5091.851 18292.84 45593.31 79281.88 98271.59 93493.14 81731.48 77626.67 72866.97 57364.64 36885.93 20754.59 10821.21 5148.489 2149.829 771.982 234.7218 59.08081 
#survey length counts 
1.588501e-06 7.471544e-05 0.002433433 0.05488007 0.8570311 9.267582 69.39521 359.8378 1292.354 3217.241 5568.246 6779.048 6060.694 4526.276 3486.874 2874.963 2140.734 1324.446 711.6377 353.2051 161.1083 64.98298 22.69656 6.77825 1.695934 
3.686699e-06 0.0001734046 0.005647672 0.1273693 1.989053 21.50873 161.0543 835.0796 2998.583 7458.912 12869.29 15478.05 13227.74 8592.338 5047.203 3245.656 2160.745 1290.224 684.3666 337.1895 153.0294 61.4511 21.34297 6.324591 1.566623 
3.523337e-06 0.0001657208 0.005397417 0.1217254 1.900917 20.55574 153.9204 798.1307 2866.49 7136.075 12351.52 15040.7 13456.35 10061.26 7731.333 6267.374 4451.685 2479.542 1105.052 435.109 165.4555 60.6665 20.33438 5.943374 1.460758 
6.226737e-06 0.0002928757 0.009538769 0.2151234 3.359458 36.32771 272.0175 1410.449 5064.838 12600.97 21756.86 26241.39 22667.75 15257.06 9710.748 6815.998 4737.772 2854.254 1489.813 696.6682 285.4818 98.25324 28.33594 7.065786 1.549892 
7.85028e-06 0.0003692394 0.01202588 0.2712141 4.235396 45.79977 342.9447 1778.248 6386.038 15892.51 27470.68 33277.47 29213.19 20672.07 14481.55 10973.96 7659.107 4336.927 2023.473 850.2947 339.0559 123.9922 39.22185 10.31269 2.203838 
9.081293e-06 0.0004271403 0.01391168 0.3137435 4.899555 52.98172 396.7232 2057.116 7387.705 18387.24 31796.23 38580.39 34073.06 24555.37 17796.05 13929.95 9985.651 5867.451 2892.285 1276.466 509.8491 177.6605 52.98018 13.55176 2.941709 
1.047208e-05 0.0004925561 0.01604223 0.3617928 5.649913 61.09578 457.4806 2372.156 8519.064 21202.66 36661.96 44470.87 39232.41 28183.93 20320.74 15865.06 11408.43 6776.834 3416.096 1560.425 649.6014 235.9234 72.50827 18.65306 3.972574 
1.548781e-05 0.0007284719 0.02372585 0.5350779 8.356006 90.35823 676.5929 3508.256 12598.32 31347.5 54150.27 65432.55 56912.74 39151.42 26030.82 18961.15 13232.1 7779.044 3904.482 1784.781 750.0184 278.0249 88.11666 23.50025 5.172933 
2.482014e-05 0.00116742 0.0380221 0.8574944 13.391 144.8044 1084.279 5622.159 20189.11 50231.83 86748.83 104716.2 90733.45 61654.53 39943.67 28279.15 19260.2 10949.29 5206.538 2231.954 893.7133 323.8354 102.2777 27.54345 6.182409 
2.998341e-05 0.001410275 0.04593173 1.035877 16.1767 174.9279 1309.846 6791.878 24391.24 60703.59 104946.6 127218.2 111965.1 79842.16 56730.16 43527.38 30597.67 17423.46 8154.668 3388.675 1299.529 447.292 133.8686 34.45364 7.522871 
4.132428e-05 0.001943695 0.06330487 1.427685 22.29534 241.0922 1805.275 9360.721 33615.43 83649.12 144539.6 174855.1 152737.1 106474.3 72637.68 54114.63 38068.6 22324.49 11065.08 4923.512 1977.801 687.625 201.7504 49.93176 10.39377 
5.779298e-05 0.002718303 0.08853334 1.996651 31.18056 337.1731 2524.719 13091.17 47011.64 116982 202119.5 244432.1 213252.5 148083.4 100209.6 73951.46 51484.28 29698.85 14372.8 6276.556 2534.531 910.0924 279.4666 71.88346 15.21004 
6.585097e-05 0.003097312 0.1008774 2.275041 35.52803 384.1852 2876.751 14916.73 53570.4 133332 230570.4 279790.1 247178.2 178276.4 129306.8 101066.6 72002.87 41732.17 20126.53 8703.999 3463.419 1224.469 372.6805 96.38398 20.82415 
5.95431e-05 0.00280062 0.09121437 2.057115 32.12481 347.3846 2601.204 13488.21 48443.96 120610.2 208826.6 254612.9 228839 173401.9 136450.4 113640 83868.18 50306.45 25489.51 11650.27 4818.167 1728.926 525.3907 134.6348 28.81906 
4.575034e-05 0.002151876 0.07008518 1.580598 24.68332 266.9157 1998.663 10363.97 37225.28 92701.71 160658.8 196607.6 179037.3 140597.2 116753.6 101252.3 76901.6 47941.08 25785.31 12643.84 5572.53 2112.265 673.5805 179.1504 39.17619 
5.082438e-05 0.002390534 0.07785812 1.755898 27.42086 296.5177 2220.304 11512.9 41346.67 102912.3 177993.5 216122.9 191377.7 139077 102593.3 82384.14 61586.41 39242.68 22119.13 11494.76 5375.763 2168.377 738.5995 209.4346 48.43521 
5.000748e-05 0.002352111 0.0766067 1.727675 26.98013 291.752 2184.625 11328.02 40684.39 101280.7 175286.7 213378 190683.8 142205 109192.4 89515.2 65933.53 39971.27 20888.65 10180.45 4676.204 1936.383 694.5098 209.364 51.54331 
4.674505e-05 0.002198662 0.07160897 1.614964 25.21998 272.7185 2042.106 10589.06 38031.12 94682.5 163914.2 199756.4 179229.7 135200.8 105785 88124.2 65768.72 40557.45 21594.17 10550.29 4713.418 1861.298 640.7918 190.7089 47.83831 
4.467308e-05 0.002101207 0.06843492 1.543381 24.10211 260.6303 1951.589 10119.68 36345.18 90483.54 156633.9 190831.9 171056.6 128699.1 100339.8 83523.65 62598.41 39030.5 21184.06 10595.7 4830.983 1928.297 660.491 192.3579 46.90168 
5.440769e-05 0.002559075 0.08334741 1.879695 29.35413 317.4231 2376.84 12324.53 44260.7 110157.4 190470.4 231017.1 203737 146260.6 105504.5 82911.94 60792.25 37696.95 20479.5 10306.13 4756.084 1931.874 674.5878 199.3875 48.84949 
5.772921e-05 0.002715304 0.08843567 1.994448 31.14617 336.8018 2521.953 13077.12 46965.47 116909.1 202281.1 245985.1 219007.1 161601.9 121954 98662.38 72146.35 43401.04 22365.83 10655.15 4753.502 1910.006 669.5038 200.2086 49.77844 
5.817405e-05 0.002736227 0.08911712 2.009817 31.38617 339.3971 2541.389 13177.96 47328.41 117820.3 203910.4 248215.6 221800 165397.7 127072.7 104453.7 77442.56 47495.9 25096.96 12140.56 5357.729 2080.295 699.8487 202.8689 49.72111 
6.355244e-05 0.0029892 0.09735629 2.195631 34.28792 370.7754 2776.344 14396.2 51702.55 128698.1 222659.5 270675.6 240705 177054.4 133107 107894.7 79937.94 49517.26 26687.57 13244.62 5992.172 2371.245 803.1611 230.4508 55.15013 
6.577865e-05 0.00309391 0.1007666 2.272543 35.48902 383.7636 2873.604 14900.61 53515.36 133223.1 230573.6 280699.6 250916.1 187303 144161.3 118721.5 88239.19 54414.07 29104.92 14392.31 6553.766 2636.981 913.2141 267.5587 64.88372 
6.466306e-05 0.003041439 0.09905767 2.234001 34.88714 377.2553 2824.873 14648 52609.19 130977.8 226759.6 276396.2 248166.1 187584 147316.5 123276.8 92639.12 57893.71 31521.6 15832.75 7261.676 2926.078 1016.001 300.2045 73.84353 
6.171087e-05 0.002902582 0.09453519 2.132008 33.29437 360.0318 2695.906 13979.29 50207.95 125004.3 216450.3 263983.3 237515.7 180587.6 143158.5 120743 91354.43 57683.3 31921.33 16348.58 7640.165 3130.749 1102.066 328.7535 81.41141 
5.069874e-05 0.002384624 0.07766565 1.751557 27.35309 295.7855 2214.84 11484.96 41251.74 102729.8 178045.1 217917.9 198555.1 156183.6 130112.4 113395.7 86954.86 55327.48 30892.31 16005.39 7585.133 3160.874 1133.828 344.5294 86.68829 
5.425916e-05 0.002552089 0.08311988 1.874564 29.274 316.557 2370.362 12291.11 44143.04 109888 190164.6 231402.6 206530.4 153572 117778.8 97633.31 74468.56 48510.87 28197.16 15191.1 7394.413 3137.276 1143.198 353.1223 90.39366 
