# Number of parameters = 79 Objective function value = 20738.5277439817  Maximum gradient component = 18.5570572101874
# srv_sel50:
0.999545108011
# srv_sel95:
1.00156778392
# stNatLen:
 10.6470768895 9.53642939523 8.13049185413 7.17261915496 6.52745195339 6.05475287050 5.69076261910 5.40307887641 5.17317383183 4.98951081165 4.84458411627 4.73338814888 4.65250393245 4.59968188959 4.57359821084
# log_avg_fmort_dir:
0.298400934014
# fmort_dir_dev:
 0.0745815607893 0.172136780360 0.170026387536 0.146559882451 0.237844713293 0.363447462933 0.306998711363 0.232831344153 0.254107200848 0.356998866445 0.281969107625 0.390914856618 0.300036148451 0.431012828360 0.479353562249 0.484724760393 0.466723042561 0.605039146680 0.528819153550 0.525358698548 0.478189672737 0.582910175130 0.622270742441 0.665280961525 0.577773278323 0.635407449497 0.570555764260 0.574067944866 -11.5159402040
# mean_log_rec:
13.3245335319
# rec_dev:
 -2.40892512510 -2.08907533446 -1.71187148254 -1.39697181102 -1.44579804334 -1.35544048627 -0.877556364221 -0.444368826390 -0.196132121361 0.0270070241369 0.354759415391 0.536878892556 0.731739862226 0.564780234820 0.439019160920 0.455062780319 0.504254003882 0.429286810533 0.440297414193 0.500294907095 0.617265868533 0.692265442178 0.752484709285 0.775446401884 0.825247363447 0.819042781048 0.745776960278 0.857605870612 0.857623691365
# log_avg_NatM:
-1.36837500000
# m_dev:
 0.00000000000 0.00000000000 0.00000000000 0.00000000000 0.00000000000 0.00000000000 0.00000000000 0.00000000000 0.00000000000 0.00000000000 0.00000000000 0.00000000000 0.00000000000 0.00000000000 0.00000000000 0.00000000000 0.00000000000 0.00000000000 0.00000000000 0.00000000000 0.00000000000 0.00000000000 0.00000000000 0.00000000000 0.00000000000 0.00000000000 0.00000000000 0.00000000000 0.00000000000
# log_avg_GrowthK:
-1.19613400000
# log_avg_Linf:
3.45239700000
# GrowthK_dev:
 0.00000000000 0.00000000000 0.00000000000 0.00000000000 0.00000000000 0.00000000000 0.00000000000 0.00000000000 0.00000000000 0.00000000000 0.00000000000 0.00000000000 0.00000000000 0.00000000000 0.00000000000 0.00000000000 0.00000000000 0.00000000000 0.00000000000 0.00000000000 0.00000000000 0.00000000000 0.00000000000 0.00000000000 0.00000000000 0.00000000000 0.00000000000 0.00000000000 0.00000000000
# Linf_dev:
 0.00000000000 0.00000000000 0.00000000000 0.00000000000 0.00000000000 0.00000000000 0.00000000000 0.00000000000 0.00000000000 0.00000000000 0.00000000000 0.00000000000 0.00000000000 0.00000000000 0.00000000000 0.00000000000 0.00000000000 0.00000000000 0.00000000000 0.00000000000 0.00000000000 0.00000000000 0.00000000000 0.00000000000 0.00000000000 0.00000000000 0.00000000000 0.00000000000 0.00000000000
# SelPars50:
1.01129315617
# SelPars95:
1.19487556541
# SelPars_dev50:
 0.00000000000 0.00000000000 0.00000000000 0.00000000000 0.00000000000 0.00000000000 0.00000000000 0.00000000000 0.00000000000 0.00000000000 0.00000000000 0.00000000000 0.00000000000 0.00000000000 0.00000000000 0.00000000000 0.00000000000 0.00000000000 0.00000000000 0.00000000000 0.00000000000 0.00000000000 0.00000000000 0.00000000000 0.00000000000 0.00000000000 0.00000000000 0.00000000000 0.00000000000
# SelPars_dev95:
 0.00000000000 0.00000000000 0.00000000000 0.00000000000 0.00000000000 0.00000000000 0.00000000000 0.00000000000 0.00000000000 0.00000000000 0.00000000000 0.00000000000 0.00000000000 0.00000000000 0.00000000000 0.00000000000 0.00000000000 0.00000000000 0.00000000000 0.00000000000 0.00000000000 0.00000000000 0.00000000000 0.00000000000 0.00000000000 0.00000000000 0.00000000000 0.00000000000 0.00000000000
