# Number of parameters = 78 Objective function value = 21982.3856067774  Maximum gradient component = 0.00135392364518051
# srv_sel50:
1.84471649363
# srv_sel95:
3.99804198174
# stNatLen:
 11.6595152882 10.2390474941 8.80040030527 7.71961541784 6.92987040029 6.34525817670 5.90045956001 5.55406589281 5.28075602439 5.06468110363 4.89557596701 4.76662166144 4.67325525012 4.61248978626 4.58252401160
# log_avg_fmort_dir:
0.861476583599
# fmort_dir_dev:
 -0.524038759581 -0.319583679445 -0.363161799535 -0.266100303334 -0.381620592250 -0.160320129137 0.0208342405511 -0.0689659455452 -0.343346331604 -0.253312982980 0.102592910861 -0.228152102023 -0.106302441838 0.178039449693 0.190765523909 0.264121334582 0.138366226862 0.143552939667 0.261215693052 0.147629509037 0.266766025287 0.212036666008 0.204143729127 0.150996205050 0.166260590608 0.334868684512 0.202450984529 0.0302643539351
# mean_log_rec:
13.5797850913
# rec_dev:
 -1.65698606890 -1.33562457215 -1.17692462547 -0.978701573049 -1.00059058899 -1.21822842249 -0.817736457759 -0.0637762290396 -0.200368006914 -0.171020913175 0.471319539408 0.638135263292 0.524396814641 0.289676174067 0.250766526474 0.358738901779 0.287346972806 0.347515576443 0.262284045666 0.313947142120 0.492502360426 0.503619600616 0.686280418331 0.683649197590 0.518397335032 0.530368678030 0.730506461060 0.730506450142
# log_avg_NatM:
0.189717822760
# m_dev:
 0.00000000000 0.00000000000 0.00000000000 0.00000000000 0.00000000000 0.00000000000 0.00000000000 0.00000000000 0.00000000000 0.00000000000 0.00000000000 0.00000000000 0.00000000000 0.00000000000 0.00000000000 0.00000000000 0.00000000000 0.00000000000 0.00000000000 0.00000000000 0.00000000000 0.00000000000 0.00000000000 0.00000000000 0.00000000000 0.00000000000 0.00000000000 0.00000000000
# log_avg_GrowthK:
-1.02151300000
# log_avg_Linf:
3.36611700000
# GrowthK_dev:
 0.00000000000 0.00000000000 0.00000000000 0.00000000000 0.00000000000 0.00000000000 0.00000000000 0.00000000000 0.00000000000 0.00000000000 0.00000000000 0.00000000000 0.00000000000 0.00000000000 0.00000000000 0.00000000000 0.00000000000 0.00000000000 0.00000000000 0.00000000000 0.00000000000 0.00000000000 0.00000000000 0.00000000000 0.00000000000 0.00000000000 0.00000000000 0.00000000000
# Linf_dev:
 0.00000000000 0.00000000000 0.00000000000 0.00000000000 0.00000000000 0.00000000000 0.00000000000 0.00000000000 0.00000000000 0.00000000000 0.00000000000 0.00000000000 0.00000000000 0.00000000000 0.00000000000 0.00000000000 0.00000000000 0.00000000000 0.00000000000 0.00000000000 0.00000000000 0.00000000000 0.00000000000 0.00000000000 0.00000000000 0.00000000000 0.00000000000 0.00000000000
# SelPars50:
2.16205048487
# SelPars95:
3.27200997737
# SelPars_dev50:
 0.00000000000 0.00000000000 0.00000000000 0.00000000000 0.00000000000 0.00000000000 0.00000000000 0.00000000000 0.00000000000 0.00000000000 0.00000000000 0.00000000000 0.00000000000 0.00000000000 0.00000000000 0.00000000000 0.00000000000 0.00000000000 0.00000000000 0.00000000000 0.00000000000 0.00000000000 0.00000000000 0.00000000000 0.00000000000 0.00000000000 0.00000000000 0.00000000000
# SelPars_dev95:
 0.00000000000 0.00000000000 0.00000000000 0.00000000000 0.00000000000 0.00000000000 0.00000000000 0.00000000000 0.00000000000 0.00000000000 0.00000000000 0.00000000000 0.00000000000 0.00000000000 0.00000000000 0.00000000000 0.00000000000 0.00000000000 0.00000000000 0.00000000000 0.00000000000 0.00000000000 0.00000000000 0.00000000000 0.00000000000 0.00000000000 0.00000000000 0.00000000000
