# Number of parameters = 79 Objective function value = 19403.2524882967  Maximum gradient component = 9.74615633082863
# srv_sel50:
0.999834960908
# srv_sel95:
1.00050381799
# stNatLen:
 10.7696026986 9.33129132421 7.93301425098 6.99233061740 6.34321637838 5.85981808635 5.48378242228 5.18459076289 4.94436929827 4.75184427514 4.59956379343 4.48247856892 4.39715675081 4.34133700697 4.31367611127
# log_avg_fmort_dir:
0.548934492499
# fmort_dir_dev:
 -0.596503963634 -0.259043013715 -0.215940601396 -0.187783703499 -0.464943683417 -0.123036778514 -0.0137015466432 -0.0950599731561 -0.117812159855 -0.0334711332610 -0.176783479315 -0.00200337782860 0.00329388343566 0.0935984115170 0.195688521365 0.189957369824 0.204289686947 0.176898119470 0.198917670149 0.286517478713 0.286114590508 0.209686129303 0.327541183889 0.326486338654 0.325750142368 0.385143431442 0.432083675610 0.206276295866 -1.56215951483
# mean_log_rec:
13.6709986743
# rec_dev:
 -2.33546503720 -2.10844902085 -1.96953858170 -1.21693946558 -0.972472571480 -1.00955712319 -0.705880301667 -0.534473145963 -0.283129186073 0.0114677305550 0.410714066701 0.558322210701 0.665908401848 0.583782650489 0.483276399774 0.478917175440 0.371092945249 0.301671430113 0.335971977388 0.404841681521 0.509030398694 0.621975830867 0.641611621973 0.715926679198 0.773589086265 0.715552524099 0.667769708793 0.942236982631 0.942244931389
# log_avg_NatM:
-1.06669500000
# m_dev:
 0.00000000000 0.00000000000 0.00000000000 0.00000000000 0.00000000000 0.00000000000 0.00000000000 0.00000000000 0.00000000000 0.00000000000 0.00000000000 0.00000000000 0.00000000000 0.00000000000 0.00000000000 0.00000000000 0.00000000000 0.00000000000 0.00000000000 0.00000000000 0.00000000000 0.00000000000 0.00000000000 0.00000000000 0.00000000000 0.00000000000 0.00000000000 0.00000000000 0.00000000000
# log_avg_GrowthK:
-1.19613400000
# log_avg_Linf:
3.45239700000
# GrowthK_dev:
 0.00000000000 0.00000000000 0.00000000000 0.00000000000 0.00000000000 0.00000000000 0.00000000000 0.00000000000 0.00000000000 0.00000000000 0.00000000000 0.00000000000 0.00000000000 0.00000000000 0.00000000000 0.00000000000 0.00000000000 0.00000000000 0.00000000000 0.00000000000 0.00000000000 0.00000000000 0.00000000000 0.00000000000 0.00000000000 0.00000000000 0.00000000000 0.00000000000 0.00000000000
# Linf_dev:
 0.00000000000 0.00000000000 0.00000000000 0.00000000000 0.00000000000 0.00000000000 0.00000000000 0.00000000000 0.00000000000 0.00000000000 0.00000000000 0.00000000000 0.00000000000 0.00000000000 0.00000000000 0.00000000000 0.00000000000 0.00000000000 0.00000000000 0.00000000000 0.00000000000 0.00000000000 0.00000000000 0.00000000000 0.00000000000 0.00000000000 0.00000000000 0.00000000000 0.00000000000
# SelPars50:
1.00617980426
# SelPars95:
1.18210907351
# SelPars_dev50:
 0.00000000000 0.00000000000 0.00000000000 0.00000000000 0.00000000000 0.00000000000 0.00000000000 0.00000000000 0.00000000000 0.00000000000 0.00000000000 0.00000000000 0.00000000000 0.00000000000 0.00000000000 0.00000000000 0.00000000000 0.00000000000 0.00000000000 0.00000000000 0.00000000000 0.00000000000 0.00000000000 0.00000000000 0.00000000000 0.00000000000 0.00000000000 0.00000000000 0.00000000000
# SelPars_dev95:
 0.00000000000 0.00000000000 0.00000000000 0.00000000000 0.00000000000 0.00000000000 0.00000000000 0.00000000000 0.00000000000 0.00000000000 0.00000000000 0.00000000000 0.00000000000 0.00000000000 0.00000000000 0.00000000000 0.00000000000 0.00000000000 0.00000000000 0.00000000000 0.00000000000 0.00000000000 0.00000000000 0.00000000000 0.00000000000 0.00000000000 0.00000000000 0.00000000000 0.00000000000
