# Number of parameters = 77 Objective function value = 21982.6444677055  Maximum gradient component = 8.40328759648380e-05
# srv_sel50:
0.0100001899706
# srv_sel95:
2.69879218925
# stNatLen:
 10.3370845849 9.74073835489 8.52799587923 7.52486067300 6.77956452466 6.22592287311 5.80421349191 5.47552535151 5.21595436298 5.01055816306 4.84968226224 4.72692539171 4.63800786002 4.58012657733 4.55158369144
# log_avg_fmort_dir:
0.778431545623
# fmort_dir_dev:
 -0.181620006807 -0.214759852070 -0.334238997790 -0.198812406867 -0.193357308424 -0.146152152110 0.0369159793547 -0.0697666576344 -0.360786243903 -0.0855499747146 0.203600840701 -0.0597245568660 -0.0917932567664 0.0735025491815 0.0671072554254 0.176793834141 -0.0360651288862 0.0615774596802 0.182308818323 0.0201518145736 0.141054709496 0.0754711310632 0.145466811022 0.0312458540346 0.0252542851465 0.0894048676314 0.243016193521 0.399754139543
# mean_log_rec:
12.3470126005
# rec_dev:
 -1.85671174051 -1.54908641958 -1.29981714086 -1.01968263411 -1.00398579361 -1.23704406947 -0.899687812576 -0.0885241298605 -0.169336496715 -0.188439993879 0.480427198776 0.742816418326 0.649569834781 0.387136754470 0.281689134315 0.399464897292 0.334087470878 0.358735528813 0.319046456670 0.432259375111 0.571392418091 0.533283681897 0.679930266102 0.710508302004 0.604361867479 0.552271885615 0.637667377043 0.637667363506
# log_avg_NatM:
-0.940144300000
# m_dev:
 0.00000000000 0.00000000000 0.00000000000 0.00000000000 0.00000000000 0.00000000000 0.00000000000 0.00000000000 0.00000000000 0.00000000000 0.00000000000 0.00000000000 0.00000000000 0.00000000000 0.00000000000 0.00000000000 0.00000000000 0.00000000000 0.00000000000 0.00000000000 0.00000000000 0.00000000000 0.00000000000 0.00000000000 0.00000000000 0.00000000000 0.00000000000 0.00000000000
# log_avg_GrowthK:
-1.02151300000
# log_avg_Linf:
3.36611700000
# GrowthK_dev:
 0.00000000000 0.00000000000 0.00000000000 0.00000000000 0.00000000000 0.00000000000 0.00000000000 0.00000000000 0.00000000000 0.00000000000 0.00000000000 0.00000000000 0.00000000000 0.00000000000 0.00000000000 0.00000000000 0.00000000000 0.00000000000 0.00000000000 0.00000000000 0.00000000000 0.00000000000 0.00000000000 0.00000000000 0.00000000000 0.00000000000 0.00000000000 0.00000000000
# Linf_dev:
 0.00000000000 0.00000000000 0.00000000000 0.00000000000 0.00000000000 0.00000000000 0.00000000000 0.00000000000 0.00000000000 0.00000000000 0.00000000000 0.00000000000 0.00000000000 0.00000000000 0.00000000000 0.00000000000 0.00000000000 0.00000000000 0.00000000000 0.00000000000 0.00000000000 0.00000000000 0.00000000000 0.00000000000 0.00000000000 0.00000000000 0.00000000000 0.00000000000
# SelPars50:
1.70158718219
# SelPars95:
2.75056111794
# SelPars_dev50:
 0.00000000000 0.00000000000 0.00000000000 0.00000000000 0.00000000000 0.00000000000 0.00000000000 0.00000000000 0.00000000000 0.00000000000 0.00000000000 0.00000000000 0.00000000000 0.00000000000 0.00000000000 0.00000000000 0.00000000000 0.00000000000 0.00000000000 0.00000000000 0.00000000000 0.00000000000 0.00000000000 0.00000000000 0.00000000000 0.00000000000 0.00000000000 0.00000000000
# SelPars_dev95:
 0.00000000000 0.00000000000 0.00000000000 0.00000000000 0.00000000000 0.00000000000 0.00000000000 0.00000000000 0.00000000000 0.00000000000 0.00000000000 0.00000000000 0.00000000000 0.00000000000 0.00000000000 0.00000000000 0.00000000000 0.00000000000 0.00000000000 0.00000000000 0.00000000000 0.00000000000 0.00000000000 0.00000000000 0.00000000000 0.00000000000 0.00000000000 0.00000000000
