# Number of parameters = 215 Objective function value = 94307.9  Maximum gradient component = 0.000407254
# srv_sel50:
2.45019544367
# srv_sel95:
9.14394014608
# stNatLen:
 8.04632267861 7.64708190238 7.26690990828 6.95815141481 6.68136457632 6.40874406315 6.12918652261 5.85541303049 5.60693809838 5.39360666848 5.21724971219 5.07647982664 4.97016475326 4.89810912833 4.86027792639
# log_avg_fmort_dir:
-0.291145193292
# fmort_dir_dev:
 -1.86725362472 -1.33090445405 -1.26555718800 -1.21744649428 -1.23423237682 -1.23466979981 -1.29507843358 -1.20236180992 -1.23543590743 -1.26217068687 -1.25030031050 -1.25117850836 -1.38686843493 -1.29859488826 -1.36448163794 -1.31007363374 -1.22125671352 -1.32879781947 -1.30193843245 -1.29976229860 -1.24801759596 -1.34150194498 -1.33190640644 -1.31444616557 -1.22281639370 -1.31043563114 -1.30219948358 -1.33805819152 -1.32012570079 -1.26964558824 -1.30724223945 -1.37065054500 -1.28412988635 -1.30055372396 -1.28356113525 -1.29407267385 -1.26552391429 -1.26500947575 -1.27353308830 -1.21197676350 -1.19444879039 -1.02849705695 -0.895646442883 -0.687733539563 -0.605942618453 -0.570444373621 -0.379941033943 -0.285724400989 -0.247346866841 -0.0752965835732 -0.0673123724152 -0.000624371944881 0.00589115961027 0.182481452765 0.261139342887 0.275195718752 0.335131567721 0.371314034281 0.489834112997 0.448568837798 0.424753637535 0.487816263663 0.538647997360 0.577606354550 0.607094523980 0.750979612124 0.836432427857 0.801390146709 0.873323014959 1.01064970441 1.08168775098 1.18571891404 1.29987477039 1.41474593424 1.34879916221 1.57007939188 1.59379141181 1.66330546299 1.78948315985 1.94917639384 1.85620373560 1.95923333426 1.86827799305 2.03870538195 1.95680765215 1.99181933716 1.90869558430 1.98936954313 2.04261404738 1.99687521694 2.12522647251 2.12173992405 2.11758345126 2.15959238460 2.12206317076 1.85422697264 1.76878198851
# mean_log_rec:
8.10468186592
# rec_dev:
 -0.0462526509017 -0.0755256451195 -0.0967555300238 -0.111545407053 -0.118909931151 -0.123209150117 -0.134844048898 -0.149284085613 -0.147501449350 -0.130357204252 -0.120999263198 -0.128033596636 -0.142540378005 -0.155693297752 -0.160142061966 -0.155540953071 -0.151822395069 -0.151860826223 -0.149364168898 -0.129565407651 -0.104684622026 -0.0977894133646 -0.102394576089 -0.113529904202 -0.121736743300 -0.126485343128 -0.140417754946 -0.156639613552 -0.163107533024 -0.165547094815 -0.171872842422 -0.172133613446 -0.166525986090 -0.168716945868 -0.176460844069 -0.188691545855 -0.212679187891 -0.240501357430 -0.258088344489 -0.267145188185 -0.280077125387 -0.295212956021 -0.296959644261 -0.292788134528 -0.297461388978 -0.306602703574 -0.321648053112 -0.341191854784 -0.346365844764 -0.333944872955 -0.315007593735 -0.305923960969 -0.292785912703 -0.275654882732 -0.257756295502 -0.230498037246 -0.228416984140 -0.249829507624 -0.258555263259 -0.243924020438 -0.231685525783 -0.227821415344 -0.223420786774 -0.242390204432 -0.268308156457 -0.254553698676 -0.181276265622 -0.0842507601996 -0.0161114793701 0.0203265619750 0.0304188096980 0.0301467631216 0.0777754788195 0.138563249016 0.185310088363 0.234454312094 0.293512605594 0.349456191432 0.424928880131 0.454258347964 0.475439456999 0.480003513867 0.472667576087 0.460146873266 0.478144713026 0.485812936345 0.506361201520 0.517868266142 0.507806114948 0.518695917320 0.555921226219 0.601910933941 0.604403265605 0.688079735009 0.937473597961 1.43271630264 1.43271631541
# log_avg_NatM:
-1.14665100000
# m_dev:
 0.00000000000 0.00000000000 0.00000000000 0.00000000000 0.00000000000 0.00000000000 0.00000000000 0.00000000000 0.00000000000 0.00000000000 0.00000000000 0.00000000000 0.00000000000 0.00000000000 0.00000000000 0.00000000000 0.00000000000 0.00000000000 0.00000000000 0.00000000000 0.00000000000 0.00000000000 0.00000000000 0.00000000000 0.00000000000 0.00000000000 0.00000000000 0.00000000000 0.00000000000 0.00000000000 0.00000000000 0.00000000000 0.00000000000 0.00000000000 0.00000000000 0.00000000000 0.00000000000 0.00000000000 0.00000000000 0.00000000000 0.00000000000 0.00000000000 0.00000000000 0.00000000000 0.00000000000 0.00000000000 0.00000000000 0.00000000000 0.00000000000 0.00000000000 0.00000000000 0.00000000000 0.00000000000 0.00000000000 0.00000000000 0.00000000000 0.00000000000 0.00000000000 0.00000000000 0.00000000000 0.00000000000 0.00000000000 0.00000000000 0.00000000000 0.00000000000 0.00000000000 0.00000000000 0.00000000000 0.00000000000 0.00000000000 0.00000000000 0.00000000000 0.00000000000 0.00000000000 0.00000000000 0.00000000000 0.00000000000 0.00000000000 0.00000000000 0.00000000000 0.00000000000 0.00000000000 0.00000000000 0.00000000000 0.00000000000 0.00000000000 0.00000000000 0.00000000000 0.00000000000 0.00000000000 0.00000000000 0.00000000000 0.00000000000 0.00000000000 0.00000000000 0.00000000000 0.00000000000
# log_avg_GrowthK:
-0.967584000000
# log_avg_Linf:
3.40453700000
# GrowthK_dev:
 0.00000000000 0.00000000000 0.00000000000 0.00000000000 0.00000000000 0.00000000000 0.00000000000 0.00000000000 0.00000000000 0.00000000000 0.00000000000 0.00000000000 0.00000000000 0.00000000000 0.00000000000 0.00000000000 0.00000000000 0.00000000000 0.00000000000 0.00000000000 0.00000000000 0.00000000000 0.00000000000 0.00000000000 0.00000000000 0.00000000000 0.00000000000 0.00000000000 0.00000000000 0.00000000000 0.00000000000 0.00000000000 0.00000000000 0.00000000000 0.00000000000 0.00000000000 0.00000000000 0.00000000000 0.00000000000 0.00000000000 0.00000000000 0.00000000000 0.00000000000 0.00000000000 0.00000000000 0.00000000000 0.00000000000 0.00000000000 0.00000000000 0.00000000000 0.00000000000 0.00000000000 0.00000000000 0.00000000000 0.00000000000 0.00000000000 0.00000000000 0.00000000000 0.00000000000 0.00000000000 0.00000000000 0.00000000000 0.00000000000 0.00000000000 0.00000000000 0.00000000000 0.00000000000 0.00000000000 0.00000000000 0.00000000000 0.00000000000 0.00000000000 0.00000000000 0.00000000000 0.00000000000 0.00000000000 0.00000000000 0.00000000000 0.00000000000 0.00000000000 0.00000000000 0.00000000000 0.00000000000 0.00000000000 0.00000000000 0.00000000000 0.00000000000 0.00000000000 0.00000000000 0.00000000000 0.00000000000 0.00000000000 0.00000000000 0.00000000000 0.00000000000 0.00000000000 0.00000000000
# Linf_dev:
 0.00000000000 0.00000000000 0.00000000000 0.00000000000 0.00000000000 0.00000000000 0.00000000000 0.00000000000 0.00000000000 0.00000000000 0.00000000000 0.00000000000 0.00000000000 0.00000000000 0.00000000000 0.00000000000 0.00000000000 0.00000000000 0.00000000000 0.00000000000 0.00000000000 0.00000000000 0.00000000000 0.00000000000 0.00000000000 0.00000000000 0.00000000000 0.00000000000 0.00000000000 0.00000000000 0.00000000000 0.00000000000 0.00000000000 0.00000000000 0.00000000000 0.00000000000 0.00000000000 0.00000000000 0.00000000000 0.00000000000 0.00000000000 0.00000000000 0.00000000000 0.00000000000 0.00000000000 0.00000000000 0.00000000000 0.00000000000 0.00000000000 0.00000000000 0.00000000000 0.00000000000 0.00000000000 0.00000000000 0.00000000000 0.00000000000 0.00000000000 0.00000000000 0.00000000000 0.00000000000 0.00000000000 0.00000000000 0.00000000000 0.00000000000 0.00000000000 0.00000000000 0.00000000000 0.00000000000 0.00000000000 0.00000000000 0.00000000000 0.00000000000 0.00000000000 0.00000000000 0.00000000000 0.00000000000 0.00000000000 0.00000000000 0.00000000000 0.00000000000 0.00000000000 0.00000000000 0.00000000000 0.00000000000 0.00000000000 0.00000000000 0.00000000000 0.00000000000 0.00000000000 0.00000000000 0.00000000000 0.00000000000 0.00000000000 0.00000000000 0.00000000000 0.00000000000 0.00000000000
# SelPars50:
3.28081269560
# SelPars95:
5.03843642673
# SelPars_dev50:
 0.00000000000 0.00000000000 0.00000000000 0.00000000000 0.00000000000 0.00000000000 0.00000000000 0.00000000000 0.00000000000 0.00000000000 0.00000000000 0.00000000000 0.00000000000 0.00000000000 0.00000000000 0.00000000000 0.00000000000 0.00000000000 0.00000000000 0.00000000000 0.00000000000 0.00000000000 0.00000000000 0.00000000000 0.00000000000 0.00000000000 0.00000000000 0.00000000000 0.00000000000 0.00000000000 0.00000000000 0.00000000000 0.00000000000 0.00000000000 0.00000000000 0.00000000000 0.00000000000 0.00000000000 0.00000000000 0.00000000000 0.00000000000 0.00000000000 0.00000000000 0.00000000000 0.00000000000 0.00000000000 0.00000000000 0.00000000000 0.00000000000 0.00000000000 0.00000000000 0.00000000000 0.00000000000 0.00000000000 0.00000000000 0.00000000000 0.00000000000 0.00000000000 0.00000000000 0.00000000000 0.00000000000 0.00000000000 0.00000000000 0.00000000000 0.00000000000 0.00000000000 0.00000000000 0.00000000000 0.00000000000 0.00000000000 0.00000000000 0.00000000000 0.00000000000 0.00000000000 0.00000000000 0.00000000000 0.00000000000 0.00000000000 0.00000000000 0.00000000000 0.00000000000 0.00000000000 0.00000000000 0.00000000000 0.00000000000 0.00000000000 0.00000000000 0.00000000000 0.00000000000 0.00000000000 0.00000000000 0.00000000000 0.00000000000 0.00000000000 0.00000000000 0.00000000000 0.00000000000
# SelPars_dev95:
 0.00000000000 0.00000000000 0.00000000000 0.00000000000 0.00000000000 0.00000000000 0.00000000000 0.00000000000 0.00000000000 0.00000000000 0.00000000000 0.00000000000 0.00000000000 0.00000000000 0.00000000000 0.00000000000 0.00000000000 0.00000000000 0.00000000000 0.00000000000 0.00000000000 0.00000000000 0.00000000000 0.00000000000 0.00000000000 0.00000000000 0.00000000000 0.00000000000 0.00000000000 0.00000000000 0.00000000000 0.00000000000 0.00000000000 0.00000000000 0.00000000000 0.00000000000 0.00000000000 0.00000000000 0.00000000000 0.00000000000 0.00000000000 0.00000000000 0.00000000000 0.00000000000 0.00000000000 0.00000000000 0.00000000000 0.00000000000 0.00000000000 0.00000000000 0.00000000000 0.00000000000 0.00000000000 0.00000000000 0.00000000000 0.00000000000 0.00000000000 0.00000000000 0.00000000000 0.00000000000 0.00000000000 0.00000000000 0.00000000000 0.00000000000 0.00000000000 0.00000000000 0.00000000000 0.00000000000 0.00000000000 0.00000000000 0.00000000000 0.00000000000 0.00000000000 0.00000000000 0.00000000000 0.00000000000 0.00000000000 0.00000000000 0.00000000000 0.00000000000 0.00000000000 0.00000000000 0.00000000000 0.00000000000 0.00000000000 0.00000000000 0.00000000000 0.00000000000 0.00000000000 0.00000000000 0.00000000000 0.00000000000 0.00000000000 0.00000000000 0.00000000000 0.00000000000 0.00000000000
