# Number of parameters = 78 Objective function value = 19306.3520609954  Maximum gradient component = 0.000756584026464376
# srv_sel50:
2.40810799974
# srv_sel95:
5.95693930919
# stNatLen:
 11.9604542120 10.1239884041 8.71141933260 7.71645167398 7.00122148589 6.46700194560 6.05468115451 5.72978785030 5.47128936544 5.26573243740 5.10420367021 4.98067388361 4.89105508072 4.83264780216 4.80381701391
# log_avg_fmort_dir:
0.488079695781
# fmort_dir_dev:
 -0.357336039500 -0.0118098491244 0.186065934048 -0.0559926431824 -0.205915251466 -0.107329520412 -0.0933650698589 -0.250224578578 -0.343603667726 0.0467014732060 -0.134216684057 -0.0165510376133 -0.0805546717156 0.0765124316824 0.166930596105 0.202743407933 0.211459891568 0.100285443535 0.205013595062 0.0722433058980 0.0747783422639 0.0119087741389 0.0859132469610 -0.0735785262481 -0.0106631935173 0.000517023463094 0.0818653351566 0.218201931978
# mean_log_rec:
14.5192888390
# rec_dev:
 -2.12968811797 -2.11573013633 -2.07841188787 -1.61512630627 -1.45329502210 -1.33764908619 -0.951526831940 -0.439604372408 -0.0485526670145 0.106647330666 0.373803621136 0.650864843426 0.817785310639 0.730578956063 0.565352945566 0.511784335724 0.500224061768 0.555919970481 0.569030863492 0.648969582489 0.635561685012 0.711654671686 0.814602838698 0.940901278265 0.921416696938 0.775022037362 0.669731704742 0.669731693940
# log_avg_NatM:
0.444768300276
# m_dev:
 0.00000000000 0.00000000000 0.00000000000 0.00000000000 0.00000000000 0.00000000000 0.00000000000 0.00000000000 0.00000000000 0.00000000000 0.00000000000 0.00000000000 0.00000000000 0.00000000000 0.00000000000 0.00000000000 0.00000000000 0.00000000000 0.00000000000 0.00000000000 0.00000000000 0.00000000000 0.00000000000 0.00000000000 0.00000000000 0.00000000000 0.00000000000 0.00000000000
# log_avg_GrowthK:
-1.02151300000
# log_avg_Linf:
3.36611700000
# GrowthK_dev:
 0.00000000000 0.00000000000 0.00000000000 0.00000000000 0.00000000000 0.00000000000 0.00000000000 0.00000000000 0.00000000000 0.00000000000 0.00000000000 0.00000000000 0.00000000000 0.00000000000 0.00000000000 0.00000000000 0.00000000000 0.00000000000 0.00000000000 0.00000000000 0.00000000000 0.00000000000 0.00000000000 0.00000000000 0.00000000000 0.00000000000 0.00000000000 0.00000000000
# Linf_dev:
 0.00000000000 0.00000000000 0.00000000000 0.00000000000 0.00000000000 0.00000000000 0.00000000000 0.00000000000 0.00000000000 0.00000000000 0.00000000000 0.00000000000 0.00000000000 0.00000000000 0.00000000000 0.00000000000 0.00000000000 0.00000000000 0.00000000000 0.00000000000 0.00000000000 0.00000000000 0.00000000000 0.00000000000 0.00000000000 0.00000000000 0.00000000000 0.00000000000
# SelPars50:
2.21407498444
# SelPars95:
4.89932195318
# SelPars_dev50:
 0.00000000000 0.00000000000 0.00000000000 0.00000000000 0.00000000000 0.00000000000 0.00000000000 0.00000000000 0.00000000000 0.00000000000 0.00000000000 0.00000000000 0.00000000000 0.00000000000 0.00000000000 0.00000000000 0.00000000000 0.00000000000 0.00000000000 0.00000000000 0.00000000000 0.00000000000 0.00000000000 0.00000000000 0.00000000000 0.00000000000 0.00000000000 0.00000000000
# SelPars_dev95:
 0.00000000000 0.00000000000 0.00000000000 0.00000000000 0.00000000000 0.00000000000 0.00000000000 0.00000000000 0.00000000000 0.00000000000 0.00000000000 0.00000000000 0.00000000000 0.00000000000 0.00000000000 0.00000000000 0.00000000000 0.00000000000 0.00000000000 0.00000000000 0.00000000000 0.00000000000 0.00000000000 0.00000000000 0.00000000000 0.00000000000 0.00000000000 0.00000000000
