# Number of parameters = 78 Objective function value = 20916.9376161526  Maximum gradient component = 0.0353402828229097
# srv_sel50:
1.11859342226
# srv_sel95:
2.25716977864
# stNatLen:
 11.3844033484 10.7272414011 8.84609115835 7.56604667173 6.73625861367 6.15606946500 5.72204148902 5.38521708876 5.11930359577 4.90870561144 4.74355995629 4.61739013794 4.52589126226 4.46626323900 4.43682862437
# log_avg_fmort_dir:
0.629054888138
# fmort_dir_dev:
 -1.04403207959 -0.771381064012 -0.630335925708 -0.623971555884 -0.534336946318 -0.362961619364 -0.268577713521 -0.226973959605 -0.223732343098 -0.152847117300 0.0209100724145 -0.0366312437985 0.000514929725051 0.0217751473118 0.147221828138 0.163998141537 0.286605372965 0.331531358508 0.343670569174 0.323938652041 0.435324565537 0.414830934529 0.480539932539 0.457031076809 0.453798954043 0.588972943785 0.379863870049 0.0252532190899
# mean_log_rec:
13.6265398181
# rec_dev:
 -2.02038640710 -1.86620952704 -1.71939233589 -1.37018168278 -1.21631510270 -1.12427691212 -0.820234393536 -0.464004862948 -0.185253579700 -0.0638230223646 0.249575216717 0.658262376546 0.682738230055 0.508506324634 0.405359324623 0.475280469620 0.431870743977 0.387382796362 0.423187798600 0.514207204258 0.505288808306 0.595065325937 0.644949759821 0.758152271728 0.813802265831 0.800230222051 0.998109344003 0.998109343114
# log_avg_NatM:
-0.580549997402
# m_dev:
 0.00000000000 0.00000000000 0.00000000000 0.00000000000 0.00000000000 0.00000000000 0.00000000000 0.00000000000 0.00000000000 0.00000000000 0.00000000000 0.00000000000 0.00000000000 0.00000000000 0.00000000000 0.00000000000 0.00000000000 0.00000000000 0.00000000000 0.00000000000 0.00000000000 0.00000000000 0.00000000000 0.00000000000 0.00000000000 0.00000000000 0.00000000000 0.00000000000
# log_avg_GrowthK:
-1.18630400000
# log_avg_Linf:
3.44583300000
# GrowthK_dev:
 0.00000000000 0.00000000000 0.00000000000 0.00000000000 0.00000000000 0.00000000000 0.00000000000 0.00000000000 0.00000000000 0.00000000000 0.00000000000 0.00000000000 0.00000000000 0.00000000000 0.00000000000 0.00000000000 0.00000000000 0.00000000000 0.00000000000 0.00000000000 0.00000000000 0.00000000000 0.00000000000 0.00000000000 0.00000000000 0.00000000000 0.00000000000 0.00000000000
# Linf_dev:
 0.00000000000 0.00000000000 0.00000000000 0.00000000000 0.00000000000 0.00000000000 0.00000000000 0.00000000000 0.00000000000 0.00000000000 0.00000000000 0.00000000000 0.00000000000 0.00000000000 0.00000000000 0.00000000000 0.00000000000 0.00000000000 0.00000000000 0.00000000000 0.00000000000 0.00000000000 0.00000000000 0.00000000000 0.00000000000 0.00000000000 0.00000000000 0.00000000000
# SelPars50:
1.05234878851
# SelPars95:
1.18882547752
# SelPars_dev50:
 0.00000000000 0.00000000000 0.00000000000 0.00000000000 0.00000000000 0.00000000000 0.00000000000 0.00000000000 0.00000000000 0.00000000000 0.00000000000 0.00000000000 0.00000000000 0.00000000000 0.00000000000 0.00000000000 0.00000000000 0.00000000000 0.00000000000 0.00000000000 0.00000000000 0.00000000000 0.00000000000 0.00000000000 0.00000000000 0.00000000000 0.00000000000 0.00000000000
# SelPars_dev95:
 0.00000000000 0.00000000000 0.00000000000 0.00000000000 0.00000000000 0.00000000000 0.00000000000 0.00000000000 0.00000000000 0.00000000000 0.00000000000 0.00000000000 0.00000000000 0.00000000000 0.00000000000 0.00000000000 0.00000000000 0.00000000000 0.00000000000 0.00000000000 0.00000000000 0.00000000000 0.00000000000 0.00000000000 0.00000000000 0.00000000000 0.00000000000 0.00000000000
