# Number of parameters = 79 Objective function value = 20153.4867080062  Maximum gradient component = 0.000447196327569964
# srv_sel50:
0.909714500481
# srv_sel95:
1.05010182869
# stNatLen:
 10.6362394829 9.18631860605 7.97572083946 7.11545054299 6.50025288373 6.04141078809 5.68614128154 5.40476240445 5.17969486094 4.99987584603 4.85802371915 4.74921769311 4.67011395313 4.61849456233 4.59300237925
# log_avg_fmort_dir:
0.322227376756
# fmort_dir_dev:
 -0.0989753997090 0.0791546254647 0.179454247723 0.124845598506 -0.0406588514505 0.0935382046240 0.183275335823 0.0397736406503 -0.108775777141 -0.0688975751927 0.0636999224576 0.107912311200 0.0523698379018 0.148340945771 0.172467751979 0.175882958728 0.165115550515 0.179127730386 0.180376681698 0.189530201383 0.166196996577 0.143187643104 0.145587378423 0.0999933033722 0.0639034847942 0.0917373707849 0.139088670714 0.0114552151266 -2.67870800421
# mean_log_rec:
13.2622974565
# rec_dev:
 -2.18970341843 -2.17079911706 -2.14502409967 -1.76495470485 -1.44231435184 -1.44448205567 -1.15490115610 -0.630718491556 -0.205250412945 0.0756838008221 0.334804225520 0.620093346097 0.826422377031 0.757912409045 0.616201245067 0.583503227976 0.554833178101 0.599454966981 0.613105368403 0.627269115719 0.661605091274 0.728677657283 0.832123204323 0.892440313970 0.908250423389 0.828952875939 0.710147593019 0.688333690436 0.688333697731
# log_avg_NatM:
-0.940144300000
# m_dev:
 0.00000000000 0.00000000000 0.00000000000 0.00000000000 0.00000000000 0.00000000000 0.00000000000 0.00000000000 0.00000000000 0.00000000000 0.00000000000 0.00000000000 0.00000000000 0.00000000000 0.00000000000 0.00000000000 0.00000000000 0.00000000000 0.00000000000 0.00000000000 0.00000000000 0.00000000000 0.00000000000 0.00000000000 0.00000000000 0.00000000000 0.00000000000 0.00000000000 0.00000000000
# log_avg_GrowthK:
-1.02151300000
# log_avg_Linf:
3.36611700000
# GrowthK_dev:
 0.00000000000 0.00000000000 0.00000000000 0.00000000000 0.00000000000 0.00000000000 0.00000000000 0.00000000000 0.00000000000 0.00000000000 0.00000000000 0.00000000000 0.00000000000 0.00000000000 0.00000000000 0.00000000000 0.00000000000 0.00000000000 0.00000000000 0.00000000000 0.00000000000 0.00000000000 0.00000000000 0.00000000000 0.00000000000 0.00000000000 0.00000000000 0.00000000000 0.00000000000
# Linf_dev:
 0.00000000000 0.00000000000 0.00000000000 0.00000000000 0.00000000000 0.00000000000 0.00000000000 0.00000000000 0.00000000000 0.00000000000 0.00000000000 0.00000000000 0.00000000000 0.00000000000 0.00000000000 0.00000000000 0.00000000000 0.00000000000 0.00000000000 0.00000000000 0.00000000000 0.00000000000 0.00000000000 0.00000000000 0.00000000000 0.00000000000 0.00000000000 0.00000000000 0.00000000000
# SelPars50:
0.959709985187
# SelPars95:
1.09280221651
# SelPars_dev50:
 0.00000000000 0.00000000000 0.00000000000 0.00000000000 0.00000000000 0.00000000000 0.00000000000 0.00000000000 0.00000000000 0.00000000000 0.00000000000 0.00000000000 0.00000000000 0.00000000000 0.00000000000 0.00000000000 0.00000000000 0.00000000000 0.00000000000 0.00000000000 0.00000000000 0.00000000000 0.00000000000 0.00000000000 0.00000000000 0.00000000000 0.00000000000 0.00000000000 0.00000000000
# SelPars_dev95:
 0.00000000000 0.00000000000 0.00000000000 0.00000000000 0.00000000000 0.00000000000 0.00000000000 0.00000000000 0.00000000000 0.00000000000 0.00000000000 0.00000000000 0.00000000000 0.00000000000 0.00000000000 0.00000000000 0.00000000000 0.00000000000 0.00000000000 0.00000000000 0.00000000000 0.00000000000 0.00000000000 0.00000000000 0.00000000000 0.00000000000 0.00000000000 0.00000000000 0.00000000000
