#Simulated generalized assessment 
# 
#start/end year 
71 98 
#number of ages 
15 
#ages 
1 2 3 4 5 6 7 8 9 10 11 12 13 14 15 
#Number of length bins 
25 
#CPUE years 
28 
#years for CPUE 
71 72 73 74 75 76 77 78 79 80 81 82 83 84 85 86 87 88 89 90 91 92 93 94 95 96 97 98 
#survey years 
28 
#years for survey 
71 72 73 74 75 76 77 78 79 80 81 82 83 84 85 86 87 88 89 90 91 92 93 94 95 96 97 98 
#length freq from catch years 
28 
#years for length freq catch 
71 72 73 74 75 76 77 78 79 80 81 82 83 84 85 86 87 88 89 90 91 92 93 94 95 96 97 98 
#catch length sample sizes 
200 200 200 200 200 200 200 200 200 200 200 200 200 200 200 200 200 200 200 200 200 200 200 200 200 200 200 200 
#length freq from survey years 
28 
#years for length freq survey 
71 72 73 74 75 76 77 78 79 80 81 82 83 84 85 86 87 88 89 90 91 92 93 94 95 96 97 98 
#survey sample sizes 
200 200 200 200 200 200 200 200 200 200 200 200 200 200 200 200 200 200 200 200 200 200 200 200 200 200 200 200 
#total survey biomass 
8598.328 12268.17 7084.287 6373.679 12482.28 12814.49 18528.65 21485.7 48257.12 55956.39 101895.2 146987.5 113831.2 208629.9 142818.9 171527.7 158031.8 136512.3 94350.73 117395.4 121757 162541.5 130211.3 200358.3 221556.7 177853 247401.9 187311.2 
#survey CV 
0.2 0.2 0.2 0.2 0.2 0.2 0.2 0.2 0.2 0.2 0.2 0.2 0.2 0.2 0.2 0.2 0.2 0.2 0.2 0.2 0.2 0.2 0.2 0.2 0.2 0.2 0.2 0.2 
#total CPUE 
6938.249 5595.815 5436.365 10501.67 19665.3 12936.87 12177.08 17158.88 30634.46 50617.98 59801.09 75293.56 120342.2 132608.6 124610.8 108089.1 84149.52 89454.75 124847.7 110593.4 99508.87 109014.2 171643.2 134700.6 121543.5 135600.3 127492 96316.6 
#CPUE CV 
0.2 0.2 0.2 0.2 0.2 0.2 0.2 0.2 0.2 0.2 0.2 0.2 0.2 0.2 0.2 0.2 0.2 0.2 0.2 0.2 0.2 0.2 0.2 0.2 0.2 0.2 0.2 0.2 
#total catch biomass 
5034.208 5312.888 6314.18 5795.307 5350.058 9376.922 10705.45 10919.97 18763.16 33431.14 50542.88 55089.17 77478.09 98774.84 109362.5 100878 87345.14 89000.75 91381.72 86338.93 86035.38 96375.6 97576 96088.68 114463.7 113094.1 114082.1 109001.5 
#catch CV 
0.05 0.05 0.05 0.05 0.05 0.05 0.05 0.05 0.05 0.05 0.05 0.05 0.05 0.05 0.05 0.05 0.05 0.05 0.05 0.05 0.05 0.05 0.05 0.05 0.05 0.05 0.05 0.05 
#Length Bins 
0.6062379 1.818714 3.03119 4.243665 5.456141 6.668617 7.881093 9.093569 10.30604 11.51852 12.731 13.94347 15.15595 16.36842 17.5809 18.79338 20.00585 21.21833 22.4308 23.64328 24.85575 26.06823 27.28071 28.49318 29.70566 
#catch length counts 
5.504573e-35 2.694107e-28 3.031452e-22 7.84208e-17 4.663979e-12 6.377148e-08 0.0002004662 0.1448774 24.07158 919.5033 8075.078 16303.82 7587.173 1323.13 3168.081 4431.091 1598.621 708.1614 516.093 183.4348 73.40975 21.41582 4.561893 0.6026773 0.04107947 
5.554766e-35 2.718673e-28 3.059094e-22 7.913588e-17 4.706507e-12 6.435298e-08 0.0002022941 0.1461984 24.29107 927.8877 8148.71 16452.48 7656.009 1325.954 3140.535 4391.963 1582.896 695.9935 504.5141 174.11 67.3954 19.27302 4.006857 0.5128291 0.03362814 
7.192351e-35 3.520158e-28 3.960937e-22 1.024657e-16 6.09402e-12 8.332471e-08 0.0002619319 0.1892988 31.45226 1201.436 10551.01 21302.74 9907.056 1557.499 3093.225 4316.864 1552.008 670.4564 483.9941 166.1194 63.39322 17.55815 3.528036 0.4393332 0.02793914 
5.303862e-35 2.595873e-28 2.920917e-22 7.556138e-17 4.493918e-12 6.144621e-08 0.0001931567 0.1395948 23.19387 885.9758 7780.639 15709.39 7316.702 1438.956 4054.459 5675.842 1990.546 702.5889 483.543 164.0505 61.8259 16.93492 3.316623 0.3985283 0.02454904 
7.797994e-35 3.816577e-28 4.294474e-22 1.11094e-16 6.607175e-12 9.034119e-08 0.0002839883 0.2052389 34.10074 1302.604 11439.47 23096.54 10738.08 1603.369 2832.947 3950.775 1469.669 788.9153 583.2211 177.2748 58.38756 15.53925 2.994435 0.3518548 0.02099437 
1.320091e-34 6.460929e-28 7.269941e-22 1.880665e-16 1.118502e-11 1.529349e-07 0.0004807523 0.3474407 57.72776 2205.126 19365.42 39099.17 18175.83 2654.864 4432.784 6166.349 2135.523 667.5862 452.4612 174.7726 71.77081 17.57393 3.03567 0.3439761 0.02006999 
1.259524e-34 6.164497e-28 6.93639e-22 1.794379e-16 1.067184e-11 1.459182e-07 0.000458695 0.3314998 55.07917 2103.953 18476.92 37305.42 17358.82 2982.311 6972.848 9739.606 3352.51 978.7948 624.2766 178.4034 56.16882 16.45629 3.207322 0.337296 0.01835568 
1.345365e-34 6.584628e-28 7.409129e-22 1.916672e-16 1.139916e-11 1.55863e-07 0.0004899566 0.3540927 58.833 2247.345 19736.18 39847.89 18539.08 3110.996 6992.834 9772.611 3503.583 1480.167 1037.258 286.0251 78.09323 17.28113 2.991879 0.3515128 0.01945638 
2.603527e-34 1.274246e-27 1.433802e-21 3.70911e-16 2.205946e-11 3.016233e-07 0.0009481555 0.685234 113.8526 4349.023 38193.12 77112.59 35836.24 4951.019 7002.214 9720.573 3458.221 1379.149 975.7895 325.1948 113.3799 24.25254 3.385081 0.3251515 0.01781895 
4.698594e-34 2.299636e-27 2.587587e-21 6.693843e-16 3.981079e-11 5.443407e-07 0.00171114 1.236644 205.4702 7848.697 68927.25 139165.4 64680.22 9105.928 13679.69 18989.82 6452.276 1609.489 982.6351 317.1472 112.5124 28.88709 4.713906 0.4102434 0.0184525 
6.175801e-34 3.022627e-27 3.401108e-21 8.798344e-16 5.232705e-11 7.154778e-07 0.002249111 1.625437 270.0687 10316.28 90597.53 182918.5 85056.94 13075.79 24740.73 34464.66 11758.43 3088.543 1877.57 482.0856 119.6267 28.86095 5.114099 0.5188462 0.02395652 
7.156835e-34 3.502775e-27 3.941378e-21 1.019597e-15 6.063927e-11 8.291324e-07 0.002606385 1.88364 312.9694 11955.03 104989.1 211975.4 98580.3 15470.25 30609.08 42682.85 14849.6 4849.648 3175.687 832.3019 203.0489 38.57652 5.163665 0.5114391 0.02614777 
9.891161e-34 4.841038e-27 5.447213e-21 1.409143e-15 8.380698e-11 1.145909e-06 0.003602175 2.6033 432.5419 16522.54 145101 292962.1 136214.4 20603.2 37555.15 52320.18 18313.78 6345.457 4268.243 1238.334 359.1354 70.4382 8.484999 0.6520311 0.02868597 
1.248302e-33 6.109575e-27 6.874592e-21 1.778392e-15 1.057676e-10 1.446181e-06 0.004546083 3.285464 545.8845 20852.08 183123 369729.7 171946.6 27032.03 53685.77 74861.61 25983.9 8295.2 5471.525 1637.471 508.3789 111.6662 15.36415 1.16463 0.04322477 
1.315348e-33 6.437717e-27 7.243823e-21 1.873909e-15 1.114484e-10 1.523855e-06 0.004790251 3.461925 575.2037 21972.04 192958.5 389588.1 181232.8 29840.44 64853.43 90549.3 31700.5 10999.02 7392.052 2125.359 627.5938 142.4565 21.49407 1.835316 0.07237594 
9.453924e-34 4.62704e-27 5.20642e-21 1.346852e-15 8.010231e-11 1.095254e-06 0.003442942 2.488221 413.4215 15792.17 138686.8 280013.5 130396.3 25089.39 68853.19 96387.6 34143.23 13133.32 9097.881 2727.125 845.5222 186.3826 27.55157 2.487741 0.1082284 
9.943524e-34 4.866666e-27 5.47605e-21 1.416602e-15 8.425065e-11 1.151975e-06 0.003621245 2.617081 434.8318 16610.01 145869.1 294513.6 137012 22742.53 50153.55 70126.46 25909.7 13375.33 9879.232 3134.374 1053.605 243.8027 36.96705 3.289823 0.1458053 
8.818361e-34 4.315977e-27 4.856406e-21 1.256306e-15 7.471724e-11 1.021623e-06 0.003211482 2.320945 385.6282 14730.5 129363.3 261188.3 121558.9 21513.38 52686.8 73681 26170.17 10308.87 7396.205 2792.414 1136.424 285.4444 46.80286 4.351406 0.194803 
9.776292e-34 4.784817e-27 5.383953e-21 1.392778e-15 8.283371e-11 1.132601e-06 0.003560342 2.573067 427.5187 16330.66 143415.9 289560.5 134710.7 22439.98 49797.73 69597.78 25169.77 11331.37 8181.591 2644.252 970.4953 285.6236 55.63479 5.692788 0.2708876 
9.316578e-34 4.559819e-27 5.130781e-21 1.327285e-15 7.893859e-11 1.079343e-06 0.003392923 2.452073 407.4153 15562.74 136672 275944.6 128406.6 22195.18 52404.61 73260.68 26048.48 10341.43 7345.424 2550.277 966.9955 253.0313 49.1733 5.857353 0.3169434 
9.487445e-34 4.643447e-27 5.22488e-21 1.351627e-15 8.038633e-11 1.099138e-06 0.003455149 2.497044 414.8873 15848.16 139178.6 281005.4 130747.9 22237.21 51136.78 71485.77 25681.5 11028.32 7892.698 2555.459 916.796 250.1795 47.60031 5.45072 0.318356 
1.039339e-33 5.086844e-27 5.723799e-21 1.480693e-15 8.806234e-11 1.204093e-06 0.003785078 2.735484 454.5045 17361.49 152468.6 307838.1 143216.1 23914.49 53295.31 74471.19 26655.04 11139.41 7972.313 2694.257 993.7586 256.6843 47.56708 5.452905 0.3123149 
1.089989e-33 5.334742e-27 6.002737e-21 1.552851e-15 9.235388e-11 1.262772e-06 0.003969536 2.868792 476.6539 18207.56 159898.8 322840.2 150213.4 25557.52 58809.04 82195.32 29282.54 11803.32 8365.206 2785.787 1023.704 273.0045 50.47842 5.581663 0.3150542 
1.159271e-33 5.673826e-27 6.384279e-21 1.651553e-15 9.822403e-11 1.343036e-06 0.004221846 3.051137 506.9507 19364.86 170062.2 343360.3 159752.7 26958.09 61179.84 85505.88 30609.39 12803.37 9123.06 2976.002 1064.419 280.4769 52.31191 5.846523 0.3240475 
1.23971e-33 6.067521e-27 6.827272e-21 1.766151e-15 1.050396e-10 1.436227e-06 0.004514791 3.262849 542.127 20708.55 181862.5 367185.4 170839.3 28872.52 65692.76 91811.81 32807.09 13536.62 9643.144 3210.794 1167.984 301.7927 54.99094 6.126308 0.3418065 
1.356642e-33 6.63982e-27 7.471232e-21 1.932737e-15 1.149471e-10 1.571694e-06 0.004940634 3.570607 593.2613 22661.82 199016.1 401818.9 186948.3 31466.05 71096.57 99358.62 35534.26 14757.29 10517.08 3477.045 1262.152 331.614 60.62369 6.626023 0.3653806 
1.195005e-33 5.848722e-27 6.581075e-21 1.702462e-15 1.012518e-10 1.384435e-06 0.004351984 3.145188 522.5775 19961.79 175304.4 353945.3 164776.7 30433.12 79212.31 110859.1 39631.07 16407.39 11691.05 3879.49 1411.284 369.3316 67.84717 7.473042 0.4088161 
1.110184e-33 5.433584e-27 6.113955e-21 1.581622e-15 9.406501e-11 1.286169e-06 0.004043084 2.921945 485.4853 18544.91 162861.4 328822.4 153071.8 28029.35 72102.95 100962.2 37061.71 18401.95 13574.12 4501.605 1636.707 429.4899 78.94077 8.70584 0.4786027 
#survey length counts 
7.861995e-35 3.847902e-28 4.32972e-22 1.120058e-16 6.661403e-12 9.108265e-08 0.0002863191 0.2069234 34.38062 1313.295 11533.36 23286.18 10835.11 1852.668 4298.216 6009.946 2170.63 968.8624 704.6584 243.914 94.72785 27.13067 5.647219 0.7232886 0.04745017 
1.019275e-34 4.988646e-28 5.613304e-22 1.452109e-16 8.636235e-12 1.180849e-07 0.0003712009 0.2682677 44.57306 1702.633 14952.53 30189.5 14039.04 2183.368 4237.872 5912.901 2130.235 934.1459 676.6373 232.9358 89.18448 24.73893 4.976963 0.620207 0.03945955 
7.395713e-35 3.619689e-28 4.072932e-22 1.053629e-16 6.266326e-12 8.568069e-08 0.000269338 0.1946511 32.34156 1235.406 10849.34 21905.19 10201.39 1979.096 5486.308 7679.477 2697.644 966.4014 667.8986 227.2766 85.93985 23.57557 4.622761 0.5558757 0.03425732 
1.104518e-34 5.405849e-28 6.082748e-22 1.573549e-16 9.358488e-12 1.279604e-07 0.0004022447 0.2907031 48.30073 1845.026 16203.01 32714.22 15208.74 2249.301 3879.914 5409.369 2017.667 1099.506 814.9681 248.356 82.09822 21.88477 4.222366 0.4964957 0.02963841 
1.83137e-34 8.963287e-28 1.008563e-21 2.609058e-16 1.551705e-11 2.121676e-07 0.0006669506 0.4820066 80.08608 3059.185 26865.76 54242.52 25214.37 3654.718 5976.252 8311.099 2882.332 914.2782 622.6833 241.3334 99.38851 24.36853 4.214929 0.4779675 0.02790096 
1.76638e-34 8.645208e-28 9.727726e-22 2.516471e-16 1.496639e-11 2.046384e-07 0.0006432826 0.4649017 77.24408 2950.624 25912.38 52317.82 24342.48 4133.002 9476.891 13234.86 4561.445 1350.835 865.8121 248.036 78.40076 23.00912 4.489123 0.4724163 0.02572192 
1.843923e-34 9.024726e-28 1.015477e-21 2.626942e-16 1.562341e-11 2.136219e-07 0.0006715222 0.4853105 80.63503 3080.154 27049.92 54614.5 25407.7 4224.038 9341.073 13052.6 4689.203 2011.617 1414.451 390.913 107.1408 23.74812 4.117471 0.4841161 0.02680705 
3.579161e-34 1.751751e-27 1.971098e-21 5.099045e-16 3.032593e-11 4.146523e-07 0.001303463 0.9420156 156.5172 5978.756 52505.44 106009.4 49263.82 6765.456 9376.519 13012.53 4638.293 1878.121 1333.787 445.8019 155.933 33.39751 4.667811 0.4487596 0.02460609 
6.448237e-34 3.155965e-27 3.551142e-21 9.186469e-16 5.463537e-11 7.4704e-07 0.002348327 1.697141 281.9823 10771.36 94594.1 190987.2 88762.62 12418.21 18294.04 25387.65 8635.092 2183.912 1341.308 434.1772 154.5642 39.74197 6.492442 0.5654149 0.02544622 
8.353616e-34 4.088516e-27 4.600464e-21 1.190097e-15 7.077949e-11 9.677817e-07 0.00304223 2.198626 365.3049 13954.18 122545.6 247422.2 115046.6 17565.89 32726.87 45581.51 15568.85 4147.762 2535.513 652.3511 162.5468 39.28879 6.970537 0.7076627 0.03268864 
9.878351e-34 4.834768e-27 5.440159e-21 1.407318e-15 8.369845e-11 1.144425e-06 0.00359751 2.599928 431.9818 16501.15 144913.1 292582.9 136060.2 21166.03 41106.39 57309.32 19968.09 6618.065 4352.684 1143.132 279.964 53.2722 7.141396 0.7079539 0.03621141 
1.376713e-33 6.738056e-27 7.581768e-21 1.961332e-15 1.166477e-10 1.594947e-06 0.00501373 3.623434 602.0386 22997.1 201960.5 407762.7 189582.3 28428.51 50755.31 70692.55 24784.41 8715.515 5886.861 1712.143 498.3382 97.87187 11.80514 0.9079586 0.03996986 
1.714916e-33 8.393324e-27 9.444302e-21 2.443152e-15 1.453034e-10 1.986761e-06 0.006245401 4.513565 749.9351 28646.56 251574.1 507933.9 236208.1 36823.71 71842.97 100161.7 34816.03 11279.68 7474.276 2242.661 698.7735 153.7057 21.17396 1.606169 0.05964471 
1.815081e-33 8.883565e-27 9.995929e-21 2.585852e-15 1.537903e-10 2.102805e-06 0.006610185 4.777195 793.7377 30319.76 266268.1 537602.1 250072.7 40781.74 87075.72 121556.2 42624.57 15011.27 10130.65 2919.864 865.4264 196.744 29.72179 2.539633 0.1001969 
1.310857e-33 6.415739e-27 7.219091e-21 1.867511e-15 1.110679e-10 1.518652e-06 0.004773897 3.450105 573.2399 21897.03 192299.7 388259.5 180787.6 34346.96 92774.89 129862.5 46085.36 17995.84 12513.26 3760.548 1170.103 258.305 38.23309 3.454823 0.1503709 
1.384855e-33 6.777905e-27 7.626607e-21 1.972931e-15 1.173376e-10 1.60438e-06 0.005043382 3.644863 605.5991 23133.11 203154.9 410175.1 190806.8 31339.73 67808.72 94798.14 35116.19 18406.42 13633.39 4337.283 1462.972 339.0084 51.46648 4.583569 0.2032455 
1.249873e-33 6.11726e-27 6.883239e-21 1.780629e-15 1.059007e-10 1.448e-06 0.004551801 3.289596 546.5711 20878.31 183353.3 370195.7 172276.5 30084.14 72184.91 100931.9 35915.72 14359.94 10341.97 3917.305 1598.925 402.1478 66.01663 6.142054 0.2750971 
1.365049e-33 6.680967e-27 7.51753e-21 1.944714e-15 1.156594e-10 1.581434e-06 0.004971251 3.592733 596.9377 22802.25 200249.4 404308.7 188081.6 30992.95 67457.69 94263.94 34165.45 15616.42 11312 3666.318 1350.411 398.0597 77.61735 7.947169 0.3783287 
1.314181e-33 6.432006e-27 7.237396e-21 1.872246e-15 1.113495e-10 1.522503e-06 0.004786001 3.458853 574.6934 21952.55 192787.3 389242.9 181113.6 30917.93 71538.12 99992.03 35619.93 14354.18 10233.57 3563.818 1355.65 355.2525 69.12758 8.239809 0.4460328 
1.349733e-33 6.606007e-27 7.433184e-21 1.922895e-15 1.143617e-10 1.56369e-06 0.004915474 3.552423 590.2401 22546.41 198002.6 399772.6 185993.3 31228.49 70262.56 98203.84 35352.68 15409.91 11065.54 3592.84 1293.447 353.5037 67.33839 7.716532 0.4508992 
1.481978e-33 7.253256e-27 8.16148e-21 2.111298e-15 1.255668e-10 1.716899e-06 0.005397086 3.900486 648.0712 24755.49 217402.7 438941.7 204193.4 33667.56 73356.4 102482.1 36753.72 15590.21 11196.56 3795.047 1404.383 363.28 67.40549 7.732665 0.4430897 
1.551927e-33 7.595606e-27 8.546697e-21 2.21095e-15 1.314935e-10 1.797936e-06 0.005651826 4.084587 678.6598 25923.93 227664 459659.7 213856.1 35917.48 80854.11 112985.1 40328.24 16499.03 11735.29 3919.47 1445.153 385.9725 71.45122 7.906437 0.4464857 
1.659326e-33 8.121248e-27 9.138158e-21 2.363955e-15 1.405933e-10 1.922359e-06 0.006042952 4.367254 725.6255 27717.96 243419.1 491469.7 228643.4 38076.47 84455.07 118011.5 42329.61 17970.65 12849.11 4203.355 1508.538 398.1043 74.34105 8.314427 0.4610435 
1.7872e-33 8.747106e-27 9.842383e-21 2.546132e-15 1.51428e-10 2.070504e-06 0.006508647 4.703813 781.5452 29854.02 262178 529344.4 246265 41046.85 91183.58 127410 45615.82 19101.61 13655.03 4559.765 1664.224 430.6482 78.56725 8.75918 0.4889264 
1.976867e-33 9.675395e-27 1.088691e-20 2.81634e-15 1.674983e-10 2.290237e-06 0.007199379 5.203007 864.4869 33022.29 290001.7 585521.1 272391.5 45180.7 99503.22 139024.3 49816.81 20994.39 15013.55 4977.858 1813.015 477.0534 87.31693 9.550366 0.526885 
1.764802e-33 8.637482e-27 9.719033e-21 2.514222e-15 1.495302e-10 2.044555e-06 0.006427077 4.644862 771.7504 29479.87 258892.3 522711.5 243314.1 44129.83 112009.5 156728.6 56136.49 23580.77 16860 5610.782 2047.904 536.7274 98.71793 10.88102 0.5955237 
1.647376e-33 8.062765e-27 9.072352e-21 2.346932e-15 1.395808e-10 1.908516e-06 0.005999435 4.335805 720.4 27518.35 241666.2 487931.5 227110.8 40829.62 102335.7 143267.6 52716.35 26559.71 19647.25 6534.194 2383.656 626.4238 115.2767 12.72213 0.6997183 
1.735621e-33 8.494662e-27 9.55833e-21 2.47265e-15 1.470577e-10 2.010749e-06 0.006320806 4.56806 758.9896 28992.43 254611.5 514067.8 239205.8 41140.88 96361.73 134804 49495.68 24633.99 18454.74 6844.143 2776.361 738.2361 136.0046 15.03404 0.827997 
