# Number of parameters = 78 Objective function value = 19321.0024221059  Maximum gradient component = 0.000310030209810110
# srv_sel50:
2.19015231847
# srv_sel95:
5.42782724544
# stNatLen:
 12.0639922696 10.2652829236 8.90879927635 7.96079867709 7.27874775900 6.76704311725 6.37023336930 6.05631295942 5.80576201596 5.60605016609 5.44883524798 5.32844754541 5.24102712397 5.18401724824 5.15586639352
# log_avg_fmort_dir:
0.616574334883
# fmort_dir_dev:
 -0.211291187981 0.0364882672799 0.191068656797 0.0656784669363 -0.346653870788 -0.0376849982608 0.0349705420677 -0.186644131145 -0.214158872362 -0.101876608039 0.0120770980432 -0.157270149760 -0.0797724416780 -0.0174160793396 0.102464565034 0.151139079465 0.0913575020569 0.137145889115 0.174577676902 0.118314067093 0.0522057297581 0.0637089618107 -0.00196147576260 -0.100206955641 -0.00447024402664 -0.0282093007125 0.0677306562206 0.188689156916
# mean_log_rec:
14.5653472236
# rec_dev:
 -2.12194483627 -2.13895538828 -2.07614888830 -1.66891518621 -1.50926376687 -1.47470576380 -1.14446170183 -0.475894152068 -0.0679310899904 0.200254544125 0.430475297131 0.685238279527 0.854332143287 0.734982828456 0.612933921860 0.560775183222 0.552983185926 0.567092453120 0.559835319225 0.627827362020 0.742723818146 0.790406231015 0.851405948299 0.933257442284 0.907420695279 0.788755011743 0.638760547375 0.638760561594
# log_avg_NatM:
0.465598251146
# m_dev:
 0.00000000000 0.00000000000 0.00000000000 0.00000000000 0.00000000000 0.00000000000 0.00000000000 0.00000000000 0.00000000000 0.00000000000 0.00000000000 0.00000000000 0.00000000000 0.00000000000 0.00000000000 0.00000000000 0.00000000000 0.00000000000 0.00000000000 0.00000000000 0.00000000000 0.00000000000 0.00000000000 0.00000000000 0.00000000000 0.00000000000 0.00000000000 0.00000000000
# log_avg_GrowthK:
-1.02151300000
# log_avg_Linf:
3.36611700000
# GrowthK_dev:
 0.00000000000 0.00000000000 0.00000000000 0.00000000000 0.00000000000 0.00000000000 0.00000000000 0.00000000000 0.00000000000 0.00000000000 0.00000000000 0.00000000000 0.00000000000 0.00000000000 0.00000000000 0.00000000000 0.00000000000 0.00000000000 0.00000000000 0.00000000000 0.00000000000 0.00000000000 0.00000000000 0.00000000000 0.00000000000 0.00000000000 0.00000000000 0.00000000000
# Linf_dev:
 0.00000000000 0.00000000000 0.00000000000 0.00000000000 0.00000000000 0.00000000000 0.00000000000 0.00000000000 0.00000000000 0.00000000000 0.00000000000 0.00000000000 0.00000000000 0.00000000000 0.00000000000 0.00000000000 0.00000000000 0.00000000000 0.00000000000 0.00000000000 0.00000000000 0.00000000000 0.00000000000 0.00000000000 0.00000000000 0.00000000000 0.00000000000 0.00000000000
# SelPars50:
2.45594737327
# SelPars95:
5.28291782975
# SelPars_dev50:
 0.00000000000 0.00000000000 0.00000000000 0.00000000000 0.00000000000 0.00000000000 0.00000000000 0.00000000000 0.00000000000 0.00000000000 0.00000000000 0.00000000000 0.00000000000 0.00000000000 0.00000000000 0.00000000000 0.00000000000 0.00000000000 0.00000000000 0.00000000000 0.00000000000 0.00000000000 0.00000000000 0.00000000000 0.00000000000 0.00000000000 0.00000000000 0.00000000000
# SelPars_dev95:
 0.00000000000 0.00000000000 0.00000000000 0.00000000000 0.00000000000 0.00000000000 0.00000000000 0.00000000000 0.00000000000 0.00000000000 0.00000000000 0.00000000000 0.00000000000 0.00000000000 0.00000000000 0.00000000000 0.00000000000 0.00000000000 0.00000000000 0.00000000000 0.00000000000 0.00000000000 0.00000000000 0.00000000000 0.00000000000 0.00000000000 0.00000000000 0.00000000000
