# Number of parameters = 77 Objective function value = 23473.9311910582  Maximum gradient component = 0.0173435522102679
# srv_sel50:
0.998292252990
# srv_sel95:
1.00944555935
# stNatLen:
 11.2350366882 10.5346624916 9.15700396929 8.02363047806 7.20786423982 6.61308886679 6.16453614655 5.81692607489 5.54335840444 5.32733473223 5.15833453554 5.02945135865 4.93610519057 4.87531938635 4.84534635790
# log_avg_fmort_dir:
0.669046785636
# fmort_dir_dev:
 -0.297495893574 -0.386801064819 -0.378482730820 -0.321787339095 -0.382414188943 -0.145939609561 -0.288085193215 -0.273789014547 -0.170769771162 -0.0105200184212 -0.123330111136 0.0720958203901 0.0500485141188 -0.0673588669704 0.0573636031188 0.00418319774184 0.124871025236 0.0802565005217 0.161621775586 0.245338137627 0.230048890809 0.105656691995 0.233658518985 0.388164038213 0.262558706857 0.252042090081 0.496512064263 0.0823542267195
# mean_log_rec:
13.2867005580
# rec_dev:
 -2.22862584535 -1.84879250466 -1.59320111956 -1.67158899578 -1.44841604312 -1.16203609947 -0.710627548735 -0.407596592853 -0.0619082652313 0.176267755076 0.434047881334 0.584987343269 0.642311278446 0.478455022970 0.333363453879 0.396473931106 0.441809356873 0.561582293780 0.560145633604 0.527238599454 0.593916221197 0.759339482454 0.856742397096 0.847998502848 0.921300263908 0.828101731078 0.594355933343 0.594355933050
# log_avg_NatM:
-1.36448700000
# m_dev:
 0.00000000000 0.00000000000 0.00000000000 0.00000000000 0.00000000000 0.00000000000 0.00000000000 0.00000000000 0.00000000000 0.00000000000 0.00000000000 0.00000000000 0.00000000000 0.00000000000 0.00000000000 0.00000000000 0.00000000000 0.00000000000 0.00000000000 0.00000000000 0.00000000000 0.00000000000 0.00000000000 0.00000000000 0.00000000000 0.00000000000 0.00000000000 0.00000000000
# log_avg_GrowthK:
-1.20372700000
# log_avg_Linf:
3.45755400000
# GrowthK_dev:
 0.00000000000 0.00000000000 0.00000000000 0.00000000000 0.00000000000 0.00000000000 0.00000000000 0.00000000000 0.00000000000 0.00000000000 0.00000000000 0.00000000000 0.00000000000 0.00000000000 0.00000000000 0.00000000000 0.00000000000 0.00000000000 0.00000000000 0.00000000000 0.00000000000 0.00000000000 0.00000000000 0.00000000000 0.00000000000 0.00000000000 0.00000000000 0.00000000000
# Linf_dev:
 0.00000000000 0.00000000000 0.00000000000 0.00000000000 0.00000000000 0.00000000000 0.00000000000 0.00000000000 0.00000000000 0.00000000000 0.00000000000 0.00000000000 0.00000000000 0.00000000000 0.00000000000 0.00000000000 0.00000000000 0.00000000000 0.00000000000 0.00000000000 0.00000000000 0.00000000000 0.00000000000 0.00000000000 0.00000000000 0.00000000000 0.00000000000 0.00000000000
# SelPars50:
1.03210084272
# SelPars95:
1.15070459232
# SelPars_dev50:
 0.00000000000 0.00000000000 0.00000000000 0.00000000000 0.00000000000 0.00000000000 0.00000000000 0.00000000000 0.00000000000 0.00000000000 0.00000000000 0.00000000000 0.00000000000 0.00000000000 0.00000000000 0.00000000000 0.00000000000 0.00000000000 0.00000000000 0.00000000000 0.00000000000 0.00000000000 0.00000000000 0.00000000000 0.00000000000 0.00000000000 0.00000000000 0.00000000000
# SelPars_dev95:
 0.00000000000 0.00000000000 0.00000000000 0.00000000000 0.00000000000 0.00000000000 0.00000000000 0.00000000000 0.00000000000 0.00000000000 0.00000000000 0.00000000000 0.00000000000 0.00000000000 0.00000000000 0.00000000000 0.00000000000 0.00000000000 0.00000000000 0.00000000000 0.00000000000 0.00000000000 0.00000000000 0.00000000000 0.00000000000 0.00000000000 0.00000000000 0.00000000000
