# Number of parameters = 78 Objective function value = 22954.0785036967  Maximum gradient component = 0.0303296000445644
# srv_sel50:
1.11841023405
# srv_sel95:
1.93733621871
# stNatLen:
 10.6555734095 9.27995952094 7.88846539388 6.82499970460 6.05172321723 5.47541406845 5.03189178459 4.68273338454 4.40475317145 4.18337959573 4.00909508212 3.87553023260 3.77841009490 3.71495445931 3.68353935706
# log_avg_fmort_dir:
0.572739191413
# fmort_dir_dev:
 -0.959663276850 -0.299756968788 -0.546413377011 -0.591490015598 -0.499313631833 -0.215979357952 -0.208716837649 -0.233407545774 -0.263311178770 -0.294489983239 -0.0376668298011 -0.0510679358411 -0.0125831094293 0.191862220987 0.0947098291338 0.306367617717 0.285105624690 0.165372427451 0.271992066592 0.135296664831 0.297110491004 0.253029339778 0.223998567612 0.249520636781 0.152078568081 0.485099406265 0.511217457824 0.591099129787
# mean_log_rec:
14.0293820998
# rec_dev:
 -2.78449491243 -2.28567639716 -1.71352301270 -1.02046551050 -1.16981918161 -1.38802108201 -0.811811300626 -0.272996086031 0.0468552444150 0.256058853840 0.448819388862 0.658429507896 0.654950503247 0.572047213159 0.541276943931 0.482438150354 0.410030216048 0.497907263354 0.522657044597 0.540908915693 0.559267100438 0.610185235820 0.779489306160 0.896815781424 0.915485320939 0.756939585142 0.648122953882 0.648122953861
# log_avg_NatM:
-0.0119307052905
# m_dev:
 0.00000000000 0.00000000000 0.00000000000 0.00000000000 0.00000000000 0.00000000000 0.00000000000 0.00000000000 0.00000000000 0.00000000000 0.00000000000 0.00000000000 0.00000000000 0.00000000000 0.00000000000 0.00000000000 0.00000000000 0.00000000000 0.00000000000 0.00000000000 0.00000000000 0.00000000000 0.00000000000 0.00000000000 0.00000000000 0.00000000000 0.00000000000 0.00000000000
# log_avg_GrowthK:
-1.20372700000
# log_avg_Linf:
3.45755400000
# GrowthK_dev:
 0.00000000000 0.00000000000 0.00000000000 0.00000000000 0.00000000000 0.00000000000 0.00000000000 0.00000000000 0.00000000000 0.00000000000 0.00000000000 0.00000000000 0.00000000000 0.00000000000 0.00000000000 0.00000000000 0.00000000000 0.00000000000 0.00000000000 0.00000000000 0.00000000000 0.00000000000 0.00000000000 0.00000000000 0.00000000000 0.00000000000 0.00000000000 0.00000000000
# Linf_dev:
 0.00000000000 0.00000000000 0.00000000000 0.00000000000 0.00000000000 0.00000000000 0.00000000000 0.00000000000 0.00000000000 0.00000000000 0.00000000000 0.00000000000 0.00000000000 0.00000000000 0.00000000000 0.00000000000 0.00000000000 0.00000000000 0.00000000000 0.00000000000 0.00000000000 0.00000000000 0.00000000000 0.00000000000 0.00000000000 0.00000000000 0.00000000000 0.00000000000
# SelPars50:
1.04633871815
# SelPars95:
1.16547491735
# SelPars_dev50:
 0.00000000000 0.00000000000 0.00000000000 0.00000000000 0.00000000000 0.00000000000 0.00000000000 0.00000000000 0.00000000000 0.00000000000 0.00000000000 0.00000000000 0.00000000000 0.00000000000 0.00000000000 0.00000000000 0.00000000000 0.00000000000 0.00000000000 0.00000000000 0.00000000000 0.00000000000 0.00000000000 0.00000000000 0.00000000000 0.00000000000 0.00000000000 0.00000000000
# SelPars_dev95:
 0.00000000000 0.00000000000 0.00000000000 0.00000000000 0.00000000000 0.00000000000 0.00000000000 0.00000000000 0.00000000000 0.00000000000 0.00000000000 0.00000000000 0.00000000000 0.00000000000 0.00000000000 0.00000000000 0.00000000000 0.00000000000 0.00000000000 0.00000000000 0.00000000000 0.00000000000 0.00000000000 0.00000000000 0.00000000000 0.00000000000 0.00000000000 0.00000000000
