#Simulated generalized assessment 
# 
#start/end year 
72 100 
#number of ages 
15 
#ages 
1 2 3 4 5 6 7 8 9 10 11 12 13 14 15 
#Number of length bins 
25 
#CPUE years 
29 
#years for CPUE 
72 73 74 75 76 77 78 79 80 81 82 83 84 85 86 87 88 89 90 91 92 93 94 95 96 97 98 99 100 
#survey years 
29 
#years for survey 
72 73 74 75 76 77 78 79 80 81 82 83 84 85 86 87 88 89 90 91 92 93 94 95 96 97 98 99 100 
#length freq from catch years 
29 
#years for length freq catch 
72 73 74 75 76 77 78 79 80 81 82 83 84 85 86 87 88 89 90 91 92 93 94 95 96 97 98 99 100 
#catch length sample sizes 
200 200 200 200 200 200 200 200 200 200 200 200 200 200 200 200 200 200 200 200 200 200 200 200 200 200 200 200 200 
#length freq from survey years 
29 
#years for length freq survey 
72 73 74 75 76 77 78 79 80 81 82 83 84 85 86 87 88 89 90 91 92 93 94 95 96 97 98 99 100 
#survey sample sizes 
200 200 200 200 200 200 200 200 200 200 200 200 200 200 200 200 200 200 200 200 200 200 200 200 200 200 200 200 200 
#total survey biomass 
10057.02 8357.709 5972.841 7080.055 9423.08 27523.26 24514.39 29655.18 34753.93 50227 51537.08 90463.82 173984.4 127962.8 139428.1 88598.88 148913.3 76770.83 80577.46 91284.65 136146.2 98270.26 119454.8 99639.23 100460.7 114899.2 135258.2 144398.2 137148.2 
#survey CV 
0.2 0.2 0.2 0.2 0.2 0.2 0.2 0.2 0.2 0.2 0.2 0.2 0.2 0.2 0.2 0.2 0.2 0.2 0.2 0.2 0.2 0.2 0.2 0.2 0.2 0.2 0.2 0.2 0.2 
#total CPUE 
12397.78 9404.885 4107.24 7670.694 14762.81 18642.91 23413.24 51131.07 54574.94 67634.72 85470.65 88030.7 107017.7 99521.7 130551.1 113672.3 141896.7 122221.5 104859.8 92359.36 84592.07 84491.23 144553.4 133697.6 123574.2 101019.3 121917.1 77313.28 96322.16 
#CPUE CV 
0.2 0.2 0.2 0.2 0.2 0.2 0.2 0.2 0.2 0.2 0.2 0.2 0.2 0.2 0.2 0.2 0.2 0.2 0.2 0.2 0.2 0.2 0.2 0.2 0.2 0.2 0.2 0.2 0.2 
#total catch biomass 
4115.759 4622.798 4186.789 3008.78 3453.657 7863.545 10392.73 15395.64 20041.47 38149.14 50478.64 48029.97 84396.46 106690.7 109876.4 94588.05 86024.7 77130.29 82880.69 83686.75 84678.6 84282.27 112724.6 104631.5 111089.7 107425 106697.1 97564 105559 
#catch CV 
0.1 0.1 0.1 0.1 0.1 0.1 0.1 0.1 0.1 0.1 0.1 0.1 0.1 0.1 0.1 0.1 0.1 0.1 0.1 0.1 0.1 0.1 0.1 0.1 0.1 0.1 0.1 0.1 0.1 
#Length Bins 
0.7268801 2.18064 3.634401 5.088161 6.541921 7.995682 9.449442 10.9032 12.35696 13.81072 15.26448 16.71824 18.172 19.62576 21.07952 22.53328 23.98704 25.44081 26.89457 28.34833 29.80209 31.25585 32.70961 34.16337 35.61713 
#catch length counts 
2.852917e-07 2.756278e-05 0.001569985 0.05272385 1.043905 12.18637 83.89559 341.001 823.4171 1220.187 1282.956 1367.745 1684.506 1891.264 1878.13 1725.552 1412.427 1024.77 670.6147 383.2808 177.6486 61.53368 14.88098 2.392295 0.2472317 
2.692112e-07 2.508656e-05 0.001378249 0.04464312 0.8525666 9.600356 63.77312 250.549 590.1793 892.0346 1106.534 1556.772 2155.493 2376.077 2223.761 1935.959 1529.275 1074.95 671.7314 359.9354 154.8682 49.66981 11.11312 1.650449 0.1572499 
1.991167e-08 1.786561e-06 9.450904e-05 0.002947834 0.05423304 0.5896628 3.8286 15.64454 49.38655 168.6515 570.0505 1390.274 2246.482 2628.561 2589.412 2250.679 1660.893 1063.203 611.2471 304.1386 121.0486 35.69764 7.327092 0.9983755 0.08732076 
1.69718e-07 1.463818e-05 0.0007443628 0.02231627 0.394458 4.110925 25.26568 91.68093 197.6653 262.1585 255.4896 314.8801 634.9637 1300.187 1993.028 2125.686 1649.476 1023.079 541.5746 243.3711 87.69177 23.52824 4.401637 0.5469898 0.04366975 
1.435624e-06 0.0001188447 0.005800396 0.1669079 2.831712 28.32949 167.2595 585.2593 1240.903 1767.519 2285.805 3284.506 3944.909 3163.138 1779.541 1029.775 815.1946 621.879 363.2805 159.1656 52.44733 12.64452 2.128302 0.2390698 0.01731457 
7.351367e-06 0.0005832505 0.0272823 0.7523965 12.23375 117.289 663.3481 2218.651 4446.121 5694.443 5901.586 6856.821 7890.571 7153.323 5189.02 3109.024 1454.22 554.3748 212.6389 83.18731 26.48462 5.988169 0.9174698 0.09278207 0.00604795 
2.350479e-05 0.001784831 0.07990542 2.109088 32.82135 301.1494 1629.602 5207.651 9898.7 11611.37 9862.915 8785.242 9230.45 9162.222 7925.141 5529.628 2830.714 1046.15 297.2358 72.42915 16.21414 3.07689 0.4276943 0.03965842 0.002352852 
3.600879e-05 0.002613628 0.1118453 2.82184 41.97551 368.1752 1905.25 5834.212 10737.5 12804.21 12801.59 14504.23 15862.86 13832.8 10134.83 6498.659 3410.383 1385.683 426.2066 97.64461 16.75365 2.217855 0.2281076 0.01731631 0.0008993534 
0.0001051405 0.007285763 0.2976589 7.169724 101.8196 852.5805 4210.871 12290.65 21415.11 23427.89 19686.05 18368.73 19160.27 18044.41 14537.47 9299.398 4379.043 1537.974 427.3545 94.63989 15.78812 1.877903 0.1555637 0.008946251 0.0003556014 
0.0002199555 0.0145351 0.5662918 13.00777 176.1634 1406.787 6628.303 18484.87 31017.82 33875.65 31342.38 33028.13 33808.91 28260.74 20028.38 11992.62 5631.78 2009.319 546.3088 112.4522 17.16978 1.888958 0.1444967 0.007432479 0.0002512223 
0.0005202756 0.03275175 1.215554 26.59834 343.1494 2610.374 11714.83 31099.57 49525.61 50636.96 42477.93 41160.56 42274.74 38129.45 28777.31 16621.36 6812.311 2008.979 457.2372 83.30853 11.69293 1.18691 0.08317794 0.003905584 0.000120153 
0.001083785 0.06492805 2.293297 47.75615 586.3404 4244.994 18134.29 45870.15 69939.05 69919.42 60295.55 59946.55 58683.57 48335.15 33452.87 18303.2 7315.611 2111.554 452.3399 72.96921 8.782116 0.7716899 0.04799132 0.002035879 5.697899e-05 
0.002269772 0.1292882 4.341847 85.96699 1003.561 6908.412 28066.67 67581.12 98552.66 96125.25 84526.95 86252.6 84692.88 69996.77 47902.29 25041.56 9301.657 2464.253 486.0897 72.70488 8.044091 0.6340253 0.03456707 0.001275501 3.124779e-05 
0.004198156 0.2271704 7.247433 136.3199 1511.796 9887.205 38172.56 87469.21 122210.9 117356.5 106922.7 112407.8 110214.9 90529.54 60675.99 30288.3 10518.85 2558.377 455.9912 61.18567 6.091085 0.4344591 0.02145711 0.0007129667 1.557368e-05 
0.005469912 0.2809655 8.508741 151.9228 1599.391 9931.331 36436.97 79698.2 108588.8 109838.8 116502.5 134485.5 134224.4 110421.6 72925.29 35210.21 11733.18 2729.585 460.8995 57.459 5.204499 0.3332371 0.01471028 0.000437589 8.584417e-06 
0.00731381 0.3563633 10.23723 173.3877 1731.549 10200.16 35516.54 73869.5 96562.81 96574.69 105128.5 125639.4 133275.3 117757.5 80250.46 38388.77 12499.19 2845.096 469.6697 56.59407 4.865913 0.2902777 0.0117453 0.0003162982 5.57449e-06 
0.01397924 0.6457206 17.58514 282.3531 2673.097 14926.73 49251.52 96899.58 118819.6 108456.2 105552.2 117243.2 120025 103549.4 69037.7 32681.28 10775.66 2533.624 431.3708 52.45838 4.437888 0.2552866 0.009804511 0.0002472587 4.033107e-06 
0.01994849 0.8730912 22.52941 342.7597 3074.862 16273.91 50954.01 95685.08 114938.9 110835.7 118425.2 130124.8 121255.8 93338.7 56301.42 24497.45 7512.438 1671.078 275.8272 33.2163 2.805654 0.1603191 0.006037254 0.000147071 2.286328e-06 
0.03112986 1.29042 31.53742 454.4358 3861.204 19357.15 57433.35 102409.6 117828.2 111548.2 119666.2 133362.1 128626 101509.8 60094.02 24682.01 6969.474 1407.822 211.0342 23.398 1.854915 0.1011923 0.003678686 8.688388e-05 1.307651e-06 
0.05069597 1.989705 46.04108 628.1397 5053.394 23990.49 67451.59 114335.4 126707.5 119168.9 127724.4 138227.4 128150 97279.85 55721.08 22449.54 6315.892 1272.203 185.641 19.35545 1.409392 0.07018567 0.002342381 5.131163e-05 7.234504e-07 
0.08898498 3.305901 72.41108 935.139 7121.534 32007.21 85240.45 137188.9 145730.9 134140.5 141239.6 148280.2 132922.2 96873.13 52777.59 20188.15 5430.776 1058.775 150.9438 15.36881 1.080414 0.05100733 0.001584765 3.190508e-05 4.110304e-07 
0.1406417 4.945158 102.5155 1253.03 9032.181 38437.97 97101.54 149477.6 156851.4 151551.9 165703.2 170243.5 145978.7 101155.1 52350.73 19093.35 4923.487 922.0868 126.0539 12.28427 0.8264555 0.03732269 0.001105614 2.108398e-05 2.550506e-07 
0.2594107 8.63209 169.351 1958.958 13363.9 53831.16 128791.4 188256.8 189380.2 178665 192414.4 196500.3 168810 115320.5 57473.6 19947.63 4884.153 869.182 112.8675 10.42923 0.6638057 0.02830748 0.0007909169 1.421649e-05 1.619827e-07 
0.4064973 12.80109 237.6744 2601.909 16800.31 64083.74 145526.9 204031.6 204191.9 201340.7 219939.4 216794.4 176564.3 113505.2 53008.13 17201.49 3932.716 653.1498 79.19258 6.839371 0.4071503 0.01624008 0.0004242223 7.124244e-06 7.579099e-08 
0.6261373 18.66134 327.9175 3397.612 20766.34 75031.95 161913.4 218757.3 220712 230421.1 258875.4 255330.1 206732.6 130148.1 58756.12 18385.61 4054.072 645.0474 73.92166 5.958589 0.3287333 0.01212323 0.0002928121 4.550249e-06 4.482559e-08 
1.018836 28.74086 478.0183 4687.935 27121.73 92779.24 189743 243954.4 237200.7 242495.8 268762.2 264384.7 212769.4 129901.7 55613.11 16325.21 3370.183 503.5798 54.38023 4.128929 0.2135624 0.007334538 0.0001639664 2.348574e-06 2.128069e-08 
1.456619 38.89693 612.4061 5685.662 31148.7 101031.1 197073.7 247687.3 251248.8 276400.5 307051.1 288642.4 219950.8 127843.1 52717.63 15099.57 3057.628 443.9723 45.75192 3.265669 0.1575986 0.005036403 0.000104623 1.389994e-06 1.16533e-08 
2.136259 54.00718 805.0188 7075.996 36705.41 112778 208803.4 251060 248727.1 272289.5 303773.8 289997.9 221006 123721.1 47628.48 12525.78 2325.101 313.1143 30.3736 2.05558 0.09385166 0.002817397 5.457603e-05 6.7258e-07 5.214684e-09 
2.931762 70.17997 990.5197 8244.799 40517.68 118174.7 209548.3 249594.5 262180.2 303703.1 333666.2 304181.9 221568 120189.7 45745.13 12107.59 2262.095 299.4293 27.66519 1.747242 0.07400225 0.002064447 3.726842e-05 4.283686e-07 3.093243e-09 
#survey length counts 
1.046697e-06 0.0001011241 0.005760062 0.1934366 3.829936 44.70942 307.7747 1250.494 3013.31 4417.542 4436.157 4263.245 4816.998 5112.36 4779.855 4186.845 3342.554 2377.004 1508.831 828.7833 370.034 124.6704 29.59745 4.698129 0.4808487 
1.340759e-07 1.249392e-05 0.0006864148 0.02223407 0.4246426 4.783536 31.8419 126.4948 315.3564 602.6669 1247.124 2625.545 4205.043 4980.569 4955.028 4365.936 3271.913 2120.734 1237.998 632.0789 261.4496 81.08159 17.67003 2.574575 0.241989 
3.343556e-06 0.0002999973 0.01586955 0.4949377 9.100703 98.65951 630.5903 2376.437 5282.267 6938.274 5449.604 2792.177 1609.92 2171.212 3289.013 3611.103 2873.412 1816.309 980.1103 452.4399 169.4603 47.83116 9.504594 1.263376 0.1084165 
8.41037e-06 0.0007253944 0.03688687 1.105881 19.54724 203.7108 1251.843 4539.359 9749.128 12646.4 10873.46 8272.191 7072.84 5311.681 2984.408 1683.022 1315.969 1028.927 621.8472 282.586 97.14585 24.65458 4.407406 0.529501 0.04122014 
1.174379e-05 0.0009721807 0.04744872 1.365342 23.16337 231.701 1366.905 4762.899 9879.244 12696.53 11972.34 11824.19 12783.76 11645.23 8581.765 5257.804 2526.171 976.0479 374.2348 149.5073 49.76795 11.89239 1.938401 0.2097059 0.01469052 
3.095052e-05 0.002455585 0.1148631 3.167708 51.50523 493.7568 2791.291 9313.792 18433.53 22201.53 18332.5 14622.53 14318.58 14129.15 12402.63 8900.333 4717.942 1802.881 526.1659 130.8005 30.04617 5.962277 0.8800136 0.08734218 0.005571108 
4.859363e-05 0.003689945 0.1651959 4.360317 67.855 622.6133 3369.585 10775.79 20560.03 24568.08 22326.38 21963.9 23005.74 20226.01 15008.91 9804.722 5287.398 2218.018 707.1337 168.474 30.09624 4.157695 0.4497721 0.03630545 0.002022019 
0.0001245617 0.009041067 0.3868954 9.761278 145.1988 1273.453 6586.816 20119.59 36548.86 40936.82 33076.45 27868.57 27786.71 26268.58 21565.42 14226.75 6938.506 2514.939 719.9565 165.3143 28.8572 3.614987 0.3167464 0.01934845 0.0008212028 
0.0002042531 0.01415383 0.5782529 13.92842 197.8032 1656.344 8181.966 23901.89 41831.63 46735.83 42055.96 42475.35 43620.69 37126.4 26762.92 16424.27 7962.788 2939.02 828.3587 177.4901 28.36202 3.28588 0.2663219 0.01458821 0.0005271793 
0.0004530591 0.02993905 1.166434 26.79304 362.8527 2897.474 13648.06 38004.99 63287.91 66714.99 55404.43 52028.52 53520.79 49073.34 37969.61 22745.96 9708.036 2969.102 697.7785 131.7403 19.33452 2.068985 0.1537634 0.007691965 0.0002530801 
0.0009163288 0.0576836 2.14088 46.84602 604.369 4597.551 20634.12 54794.73 87397.32 89991.67 76954.34 75251.63 74633.41 62700.33 44411.64 25135.33 10452.5 3137.509 698.5511 117.4029 14.78697 1.367289 0.0900284 0.004066575 0.0001217269 
0.001759488 0.1054085 3.72309 77.53051 951.9059 6891.697 29442.54 74497.02 113765.8 114551 100876.7 102974.1 103142.4 87116.38 61257.9 33269.68 12894.56 3556.495 729.0154 113.6696 13.19196 1.09703 0.06340574 0.002490708 6.520815e-05 
0.003173712 0.1807774 6.070996 120.2036 1403.239 9660.028 39251.23 94582.43 138444.3 137235.2 125741.1 133480.3 133956.6 112607.1 77798.43 40480.49 14709.44 3734.038 692.8624 96.97528 10.12532 0.7620039 0.03991718 0.001413077 3.300452e-05 
0.004079819 0.220767 7.043152 132.4782 1469.235 9610.332 37133.11 85435.45 121781.7 126578.4 135440.5 159642.8 163663.9 138014.2 94229.93 47529.05 16591.73 4033.931 710.7149 92.67562 8.823017 0.5966891 0.0279451 0.0008855687 1.857423e-05 
0.005371741 0.2759229 8.356034 149.1964 1570.697 9753.467 35790.17 78348.5 107189.6 110230.4 121438.1 148253.8 161123 146325.4 103719.5 52020.06 17763.09 4227.842 729.2633 92.12856 8.346291 0.5270156 0.02265956 0.0006506968 1.226659e-05 
0.009742605 0.4747055 13.63682 230.9655 2306.499 13585.36 47273.44 98004.52 126157.3 119402.2 118774.4 135184.8 141832.6 125873.8 87315.93 43285.19 14941.28 3672.743 654.9731 83.80227 7.492937 0.4573001 0.01869744 0.0005035504 8.795253e-06 
0.01403883 0.6484736 17.66014 283.5598 2684.642 14994.63 49533.21 98024.17 123489.3 123304.6 135457 153801.8 147525.9 116835.1 73231.11 33345.76 10697.17 2483.365 428.5096 54.25301 4.847519 0.2944366 0.01182939 0.000308327 5.140334e-06 
0.02190648 0.9587872 24.74073 376.4032 3376.703 17872.21 55970.81 105224.3 127069.1 124823.9 138027.1 158764.4 157473.1 128402.7 79435.76 34279.22 10152.17 2142.995 335.6926 39.07691 3.272741 0.1896596 0.007356828 0.0001860442 3.006063e-06 
0.03525498 1.461418 35.71658 514.6574 4372.985 21925.28 65089.6 116381.9 135534.8 132810.7 147647.2 165400.6 157823.1 123828.6 74085.84 31323.54 9238.396 1948.666 298.409 32.78929 2.526943 0.1337068 0.004759401 0.0001115872 1.68883e-06 
0.0619398 2.431001 56.25255 767.4575 6174.308 29314.31 82453.71 140043.4 156531.1 150673.4 165255.6 179838.6 166081.5 125327.7 71410.68 28670.5 8080.112 1648.377 246.6487 26.50273 1.976295 0.09937151 0.003298923 7.115784e-05 9.844619e-07 
0.09759303 3.625703 79.41615 1025.621 7811.236 35121.3 93722.52 152307.5 168394 170917 195712.2 208914.6 184761.3 132690.6 71846.88 27501.73 7430.094 1456.974 209.2244 21.53188 1.537499 0.07400597 0.002344868 4.796478e-05 6.237793e-07 
0.1691322 5.946926 123.2828 1506.875 10862.32 46233.91 116888.8 180625 192494.9 193019.6 219455.1 233140.8 206927.2 147042.6 76874.3 28033.82 7195.027 1341.319 183.0934 17.88026 1.208787 0.05497871 0.001643973 3.171346e-05 3.886771e-07 
0.2732508 9.092639 178.3874 2063.538 14079.14 56747.91 136187.1 201932 214419.4 225181.8 259824.8 266537.1 224489.9 150271.7 73671.37 25132.9 6026.162 1048.885 133.7321 12.21056 0.7723858 0.03287347 0.0009194358 1.657861e-05 1.897921e-07 
0.3948443 12.43415 230.8633 2527.451 16322.85 62324.35 142212.4 203787.4 220258.7 248190.4 296043.5 304077.7 255094.6 167663.3 79561.73 26182.33 6059.509 1012.232 122.2309 10.43168 0.6120105 0.02409288 0.0006232262 1.040109e-05 1.102887e-07 
0.6447023 19.21467 337.642 3498.442 21384.78 77304.39 167210.6 228317.9 238791.7 264656.1 311483.8 318957.2 266606 170495.4 76876.79 23753.66 5147.889 807.5738 91.91715 7.394697 0.4071494 0.01494089 0.000357982 5.509383e-06 5.374936e-08 
0.8769669 24.73888 411.4651 4035.61 23357.92 80071.69 165386.1 221905.2 245283.7 295349.8 349142 342046.6 270911 164897.6 71551.3 21557.88 4586.562 700.7942 76.29849 5.779154 0.2971181 0.01015033 0.0002260887 3.228875e-06 2.915812e-08 
1.34261 35.85255 564.4799 5240.953 28718.82 93249.96 182815.3 234732.4 253314.8 302383.5 357421.2 355306.4 282409.4 166218.2 67502.59 18693.42 3644.053 515.7216 52.81279 3.793919 0.184714 0.005933997 0.0001233532 1.634994e-06 1.365923e-08 
1.709408 43.21617 644.1922 5663.263 29399.64 90659.4 170671.8 219284.5 255606.7 325758.6 379870.5 361001.3 274307 156276.2 62644.21 17450.46 3431.257 479.1957 46.89132 3.148318 0.1422421 0.004246657 8.228205e-05 1.017546e-06 7.92062e-09 
2.655787 63.57388 897.2924 7469.232 36716.31 107225.5 191256.6 233189.1 259451 320952.4 373137.8 358881.5 270032.6 146433.8 54263.76 13810.59 2500.75 328.8121 30.88933 2.000384 0.08642281 0.00243355 4.395025e-05 5.030878e-07 3.615455e-09 
