# Number of parameters = 109 Objective function value = 22400.5110822469  Maximum gradient component = 0.000893168767121445
# srv_sel50:
2.05366225422
# srv_sel95:
3.47792117547
# stNatLen:
 11.4228953716 10.8925915238 9.34524902194 8.11013246325 7.27487916176 6.68740966008 6.24684067158 5.90437625611 5.63369496412 5.41913336253 5.25075991829 5.12204172835 5.02863367879 4.96771240455 4.93760171091
# log_avg_fmort_dir:
0.778446827484
# fmort_dir_dev:
 -0.339377903446 -0.596006308266 -0.743728232230 -0.665741589282 -0.409286915982 -0.362547100298 -0.278464428949 -0.239090912493 -0.234414706846 -0.261438522833 -0.253061070847 -0.264327349363 -0.148183858143 0.0447934574296 0.132984330077 0.301597875092 0.313149655571 0.192943313107 0.354459160823 0.300065759046 0.459632595251 0.281306928803 0.293766256773 0.172225964494 0.150471135643 0.523982175219 0.384759155858 0.270783278595 0.618747857196
# mean_log_rec:
14.7750501099
# rec_dev:
 -2.48472076414 -1.77875222612 -1.56907513936 -1.42106187345 -1.11177009383 -1.04163311036 -0.727353195454 -0.503632315758 0.109145414421 0.119510759436 0.533727182175 0.812599313940 0.604631505056 0.264173692674 0.268309999231 0.216919784178 0.278874730313 0.264684792547 0.377264340849 0.450718232604 0.515651888343 0.601355339391 1.03133374355 1.07306613487 0.670272318553 0.586367797305 0.760606180190 0.549392815724 0.549392753119
# log_avg_NatM:
0.289485333981
# m_dev:
 -0.944569268053 -0.417856199976 -0.233345991052 -0.139002525796 -0.225596227867 -0.0629251135347 -0.245577819388 -0.0193760866816 -0.137879458049 0.144004694685 -0.0382435421476 0.173425903160 0.194248845127 0.0637721849331 -0.0730340878995 0.0282480389409 0.00507359351351 0.104193044575 -0.0735353706016 0.146131290698 0.138977650774 0.156506922209 0.0684043825590 0.306490126201 0.405444938582 0.146569756861 0.0873695451392 0.338498083099 0.103582689992
# log_avg_GrowthK:
-1.18630400000
# log_avg_Linf:
3.44583300000
# GrowthK_dev:
 0.00000000000 0.00000000000 0.00000000000 0.00000000000 0.00000000000 0.00000000000 0.00000000000 0.00000000000 0.00000000000 0.00000000000 0.00000000000 0.00000000000 0.00000000000 0.00000000000 0.00000000000 0.00000000000 0.00000000000 0.00000000000 0.00000000000 0.00000000000 0.00000000000 0.00000000000 0.00000000000 0.00000000000 0.00000000000 0.00000000000 0.00000000000 0.00000000000 0.00000000000
# Linf_dev:
 0.00000000000 0.00000000000 0.00000000000 0.00000000000 0.00000000000 0.00000000000 0.00000000000 0.00000000000 0.00000000000 0.00000000000 0.00000000000 0.00000000000 0.00000000000 0.00000000000 0.00000000000 0.00000000000 0.00000000000 0.00000000000 0.00000000000 0.00000000000 0.00000000000 0.00000000000 0.00000000000 0.00000000000 0.00000000000 0.00000000000 0.00000000000 0.00000000000 0.00000000000
# SelPars50:
1.95324018942
# SelPars95:
3.05258605448
# SelPars_dev50:
 0.00000000000 0.00000000000 0.00000000000 0.00000000000 0.00000000000 0.00000000000 0.00000000000 0.00000000000 0.00000000000 0.00000000000 0.00000000000 0.00000000000 0.00000000000 0.00000000000 0.00000000000 0.00000000000 0.00000000000 0.00000000000 0.00000000000 0.00000000000 0.00000000000 0.00000000000 0.00000000000 0.00000000000 0.00000000000 0.00000000000 0.00000000000 0.00000000000 0.00000000000
# SelPars_dev95:
 0.00000000000 0.00000000000 0.00000000000 0.00000000000 0.00000000000 0.00000000000 0.00000000000 0.00000000000 0.00000000000 0.00000000000 0.00000000000 0.00000000000 0.00000000000 0.00000000000 0.00000000000 0.00000000000 0.00000000000 0.00000000000 0.00000000000 0.00000000000 0.00000000000 0.00000000000 0.00000000000 0.00000000000 0.00000000000 0.00000000000 0.00000000000 0.00000000000 0.00000000000
