# Number of parameters = 78 Objective function value = 19319.1544149466  Maximum gradient component = 0.000686944903095914
# srv_sel50:
2.56360405332
# srv_sel95:
5.98440326879
# stNatLen:
 12.0549752721 10.2833477434 8.94639915580 8.00140363557 7.31588384088 6.79967492276 6.39894027768 6.08192308670 5.82899863647 5.62748503761 5.46891509112 5.34752878651 5.25940454143 5.20194550763 5.17357650529
# log_avg_fmort_dir:
0.603542674154
# fmort_dir_dev:
 -0.0612079222825 0.0432541642271 0.307330905738 0.169713490323 -0.232779999951 -0.00889387633513 0.0606813012560 -0.178095045307 -0.268622470809 -0.130989986303 -0.0612095118587 -0.0709215461046 0.0374454570551 0.0366108947115 0.168871185393 0.121693681052 0.116342078671 -0.0336919651673 0.100014800956 0.0212881137804 -0.0196280695265 -0.0434981285447 0.0123256507672 -0.116958318540 -0.0811488111611 -0.0427360225321 0.0392363076464 0.115573642849
# mean_log_rec:
14.6324222771
# rec_dev:
 -2.24217534309 -2.22929071218 -2.19775255007 -1.61205885472 -1.40672160089 -1.41085943927 -1.07915773203 -0.479314311273 -0.0571740177361 0.146697136634 0.401406034824 0.611312113116 0.729041213728 0.673042006862 0.551366750652 0.551397999358 0.572337506022 0.613234215753 0.619321559825 0.653398894128 0.689098595315 0.801831363643 0.924260826062 0.999763517757 0.975220282736 0.807408762834 0.697182889275 0.697182892730
# log_avg_NatM:
0.491805505359
# m_dev:
 0.00000000000 0.00000000000 0.00000000000 0.00000000000 0.00000000000 0.00000000000 0.00000000000 0.00000000000 0.00000000000 0.00000000000 0.00000000000 0.00000000000 0.00000000000 0.00000000000 0.00000000000 0.00000000000 0.00000000000 0.00000000000 0.00000000000 0.00000000000 0.00000000000 0.00000000000 0.00000000000 0.00000000000 0.00000000000 0.00000000000 0.00000000000 0.00000000000
# log_avg_GrowthK:
-1.02151300000
# log_avg_Linf:
3.36611700000
# GrowthK_dev:
 0.00000000000 0.00000000000 0.00000000000 0.00000000000 0.00000000000 0.00000000000 0.00000000000 0.00000000000 0.00000000000 0.00000000000 0.00000000000 0.00000000000 0.00000000000 0.00000000000 0.00000000000 0.00000000000 0.00000000000 0.00000000000 0.00000000000 0.00000000000 0.00000000000 0.00000000000 0.00000000000 0.00000000000 0.00000000000 0.00000000000 0.00000000000 0.00000000000
# Linf_dev:
 0.00000000000 0.00000000000 0.00000000000 0.00000000000 0.00000000000 0.00000000000 0.00000000000 0.00000000000 0.00000000000 0.00000000000 0.00000000000 0.00000000000 0.00000000000 0.00000000000 0.00000000000 0.00000000000 0.00000000000 0.00000000000 0.00000000000 0.00000000000 0.00000000000 0.00000000000 0.00000000000 0.00000000000 0.00000000000 0.00000000000 0.00000000000 0.00000000000
# SelPars50:
2.44197731784
# SelPars95:
5.15333376473
# SelPars_dev50:
 0.00000000000 0.00000000000 0.00000000000 0.00000000000 0.00000000000 0.00000000000 0.00000000000 0.00000000000 0.00000000000 0.00000000000 0.00000000000 0.00000000000 0.00000000000 0.00000000000 0.00000000000 0.00000000000 0.00000000000 0.00000000000 0.00000000000 0.00000000000 0.00000000000 0.00000000000 0.00000000000 0.00000000000 0.00000000000 0.00000000000 0.00000000000 0.00000000000
# SelPars_dev95:
 0.00000000000 0.00000000000 0.00000000000 0.00000000000 0.00000000000 0.00000000000 0.00000000000 0.00000000000 0.00000000000 0.00000000000 0.00000000000 0.00000000000 0.00000000000 0.00000000000 0.00000000000 0.00000000000 0.00000000000 0.00000000000 0.00000000000 0.00000000000 0.00000000000 0.00000000000 0.00000000000 0.00000000000 0.00000000000 0.00000000000 0.00000000000 0.00000000000
