# Number of parameters = 106 Objective function value = 21635.9442306442  Maximum gradient component = 0.000780639622282085
# srv_sel50:
2.08096855368
# srv_sel95:
3.45446150390
# stNatLen:
 11.4564928764 10.9000930264 9.42203616016 8.20594908894 7.37419474256 6.78626106656 6.34409540221 5.99978752169 5.72733602559 5.51119931055 5.34149129080 5.21169482730 5.11747018975 5.05599793394 5.02561136169
# log_avg_fmort_dir:
0.772479085722
# fmort_dir_dev:
 -0.224828814257 -0.541098392612 -0.784324016847 -0.661815915519 -0.245802002047 -0.211071160718 -0.342257068408 -0.378491301806 -0.261060987537 -0.250514093299 -0.0470839568528 -0.118001273249 -0.143096979511 0.103592876311 0.306189465967 0.0594289260197 0.119881595643 0.221599118864 0.286425013014 0.317514858627 0.291898035928 0.230654384463 0.253601270097 0.369359694405 0.399105021089 0.402791912687 0.449834780280 0.397569009270
# mean_log_rec:
14.9361813857
# rec_dev:
 -2.47138953387 -1.56717497938 -1.52792354321 -1.50347456572 -1.27803210225 -1.00846864731 -0.571715689185 -0.468161996447 0.0616718677038 -0.0241430817223 0.407334555732 0.705692045242 0.566240594168 0.132852644060 0.459773931771 0.574948698921 0.330354021276 0.470780476345 0.358779580002 0.538419886933 0.605541780450 0.769137685399 0.883549524988 0.940400831428 0.865365697048 0.576773494682 0.586433404701 0.586433418242
# log_avg_NatM:
0.348746084763
# m_dev:
 -1.11467727995 -0.628567527372 -0.0657454062071 -0.0599967568580 -0.168014089920 -0.201092072958 -0.285260129540 0.106927317890 -0.0403223468940 0.192982890887 -0.0861915878101 0.144675547939 0.153013444415 0.120933063808 -0.256850725934 0.0406243364790 0.264984845182 0.0336380410289 0.141527241073 0.141751279044 0.207748399857 0.135450168995 0.259761923766 0.233696321550 0.210459379875 0.302655628851 0.115521334909 0.100366757895
# log_avg_GrowthK:
-1.18630400000
# log_avg_Linf:
3.44583300000
# GrowthK_dev:
 0.00000000000 0.00000000000 0.00000000000 0.00000000000 0.00000000000 0.00000000000 0.00000000000 0.00000000000 0.00000000000 0.00000000000 0.00000000000 0.00000000000 0.00000000000 0.00000000000 0.00000000000 0.00000000000 0.00000000000 0.00000000000 0.00000000000 0.00000000000 0.00000000000 0.00000000000 0.00000000000 0.00000000000 0.00000000000 0.00000000000 0.00000000000 0.00000000000
# Linf_dev:
 0.00000000000 0.00000000000 0.00000000000 0.00000000000 0.00000000000 0.00000000000 0.00000000000 0.00000000000 0.00000000000 0.00000000000 0.00000000000 0.00000000000 0.00000000000 0.00000000000 0.00000000000 0.00000000000 0.00000000000 0.00000000000 0.00000000000 0.00000000000 0.00000000000 0.00000000000 0.00000000000 0.00000000000 0.00000000000 0.00000000000 0.00000000000 0.00000000000
# SelPars50:
2.03819166795
# SelPars95:
3.16195870239
# SelPars_dev50:
 0.00000000000 0.00000000000 0.00000000000 0.00000000000 0.00000000000 0.00000000000 0.00000000000 0.00000000000 0.00000000000 0.00000000000 0.00000000000 0.00000000000 0.00000000000 0.00000000000 0.00000000000 0.00000000000 0.00000000000 0.00000000000 0.00000000000 0.00000000000 0.00000000000 0.00000000000 0.00000000000 0.00000000000 0.00000000000 0.00000000000 0.00000000000 0.00000000000
# SelPars_dev95:
 0.00000000000 0.00000000000 0.00000000000 0.00000000000 0.00000000000 0.00000000000 0.00000000000 0.00000000000 0.00000000000 0.00000000000 0.00000000000 0.00000000000 0.00000000000 0.00000000000 0.00000000000 0.00000000000 0.00000000000 0.00000000000 0.00000000000 0.00000000000 0.00000000000 0.00000000000 0.00000000000 0.00000000000 0.00000000000 0.00000000000 0.00000000000 0.00000000000
