# Number of parameters = 77 Objective function value = 19551.2372469563  Maximum gradient component = 0.0129982662705613
# srv_sel50:
0.998703003555
# srv_sel95:
1.00353618631
# stNatLen:
 10.6527327384 9.56418594720 8.14647807051 7.17484518902 6.51642650104 6.03201288915 5.65800261846 5.36188406086 5.12493388506 4.93549336513 4.78592814555 4.67109682735 4.58751899535 4.53290265435 4.50587457152
# log_avg_fmort_dir:
0.700104427432
# fmort_dir_dev:
 -0.291221235556 -0.196124453765 -0.116938875343 -0.181794099837 -0.211221268576 -0.00447666409800 -0.0292026733998 -0.209670306318 -0.198121914142 -0.102799452619 -0.0272216001319 -0.0449612600460 -0.0298011682359 0.0966190497541 0.0726079343948 0.153026445941 0.0857395425355 0.239452657590 0.132224888264 0.217395339502 0.226333294917 0.223811729128 0.272129387637 0.273409264661 0.185408760715 0.173945675113 0.0360095966778 -0.744558594762
# mean_log_rec:
13.3314743269
# rec_dev:
 -2.36093381028 -1.99952989413 -1.70744016211 -1.41897956786 -1.44715440396 -1.39965626108 -0.964044587393 -0.497014141400 -0.219582993111 -0.0298901453982 0.231117627583 0.533873466345 0.716589089695 0.543473493721 0.492569235493 0.498952122868 0.548235222652 0.445069759077 0.475570556359 0.488008305639 0.583427405237 0.679876853946 0.747937395903 0.782357182946 0.855586080584 0.939890467356 1.24084585015 1.24084585116
# log_avg_NatM:
-1.36837500000
# m_dev:
 0.00000000000 0.00000000000 0.00000000000 0.00000000000 0.00000000000 0.00000000000 0.00000000000 0.00000000000 0.00000000000 0.00000000000 0.00000000000 0.00000000000 0.00000000000 0.00000000000 0.00000000000 0.00000000000 0.00000000000 0.00000000000 0.00000000000 0.00000000000 0.00000000000 0.00000000000 0.00000000000 0.00000000000 0.00000000000 0.00000000000 0.00000000000 0.00000000000
# log_avg_GrowthK:
-1.19613400000
# log_avg_Linf:
3.45239700000
# GrowthK_dev:
 0.00000000000 0.00000000000 0.00000000000 0.00000000000 0.00000000000 0.00000000000 0.00000000000 0.00000000000 0.00000000000 0.00000000000 0.00000000000 0.00000000000 0.00000000000 0.00000000000 0.00000000000 0.00000000000 0.00000000000 0.00000000000 0.00000000000 0.00000000000 0.00000000000 0.00000000000 0.00000000000 0.00000000000 0.00000000000 0.00000000000 0.00000000000 0.00000000000
# Linf_dev:
 0.00000000000 0.00000000000 0.00000000000 0.00000000000 0.00000000000 0.00000000000 0.00000000000 0.00000000000 0.00000000000 0.00000000000 0.00000000000 0.00000000000 0.00000000000 0.00000000000 0.00000000000 0.00000000000 0.00000000000 0.00000000000 0.00000000000 0.00000000000 0.00000000000 0.00000000000 0.00000000000 0.00000000000 0.00000000000 0.00000000000 0.00000000000 0.00000000000
# SelPars50:
1.01130165378
# SelPars95:
1.12493862446
# SelPars_dev50:
 0.00000000000 0.00000000000 0.00000000000 0.00000000000 0.00000000000 0.00000000000 0.00000000000 0.00000000000 0.00000000000 0.00000000000 0.00000000000 0.00000000000 0.00000000000 0.00000000000 0.00000000000 0.00000000000 0.00000000000 0.00000000000 0.00000000000 0.00000000000 0.00000000000 0.00000000000 0.00000000000 0.00000000000 0.00000000000 0.00000000000 0.00000000000 0.00000000000
# SelPars_dev95:
 0.00000000000 0.00000000000 0.00000000000 0.00000000000 0.00000000000 0.00000000000 0.00000000000 0.00000000000 0.00000000000 0.00000000000 0.00000000000 0.00000000000 0.00000000000 0.00000000000 0.00000000000 0.00000000000 0.00000000000 0.00000000000 0.00000000000 0.00000000000 0.00000000000 0.00000000000 0.00000000000 0.00000000000 0.00000000000 0.00000000000 0.00000000000 0.00000000000
