#Simulated generalized assessment 
# 
#start/end year 
72 100 
#number of ages 
15 
#ages 
1 2 3 4 5 6 7 8 9 10 11 12 13 14 15 
#Number of length bins 
25 
#CPUE years 
29 
#years for CPUE 
72 73 74 75 76 77 78 79 80 81 82 83 84 85 86 87 88 89 90 91 92 93 94 95 96 97 98 99 100 
#survey years 
29 
#years for survey 
72 73 74 75 76 77 78 79 80 81 82 83 84 85 86 87 88 89 90 91 92 93 94 95 96 97 98 99 100 
#length freq from catch years 
29 
#years for length freq catch 
72 73 74 75 76 77 78 79 80 81 82 83 84 85 86 87 88 89 90 91 92 93 94 95 96 97 98 99 100 
#catch length sample sizes 
200 200 200 200 200 200 200 200 200 200 200 200 200 200 200 200 200 200 200 200 200 200 200 200 200 200 200 200 200 
#length freq from survey years 
29 
#years for length freq survey 
72 73 74 75 76 77 78 79 80 81 82 83 84 85 86 87 88 89 90 91 92 93 94 95 96 97 98 99 100 
#survey sample sizes 
200 200 200 200 200 200 200 200 200 200 200 200 200 200 200 200 200 200 200 200 200 200 200 200 200 200 200 200 200 
#total survey biomass 
18775.39 15409.41 10378.7 32192.57 32910.83 42151.39 44719.99 66889.64 107022.5 118136.7 103340.2 116399 171379.7 247728.1 168449.8 140765.6 132036 250177.9 313259.2 238186.1 199347.5 288146.5 226689.3 251188.8 193279.8 287582.1 269739.8 264206.7 159603.4 
#survey CV 
0.2 0.2 0.2 0.2 0.2 0.2 0.2 0.2 0.2 0.2 0.2 0.2 0.2 0.2 0.2 0.2 0.2 0.2 0.2 0.2 0.2 0.2 0.2 0.2 0.2 0.2 0.2 0.2 0.2 
#total CPUE 
27047.57 13444.33 15408.84 13547.14 23021.5 33355.6 49677.43 52635.87 80044.93 92355.74 138709.7 131853.4 157201.3 357546.9 116163.8 166498.8 195384.1 115699.7 177618.2 141692 292171.3 169585.1 315328.6 178726.1 275481.6 234422.2 228798.3 116721.5 186635.3 
#CPUE CV 
0.2 0.2 0.2 0.2 0.2 0.2 0.2 0.2 0.2 0.2 0.2 0.2 0.2 0.2 0.2 0.2 0.2 0.2 0.2 0.2 0.2 0.2 0.2 0.2 0.2 0.2 0.2 0.2 0.2 
#total catch biomass 
3474.133 3822.785 2880.874 2798.764 4827.564 7540.253 12027.9 13605.87 20863.66 27281.78 40261.65 55262.23 64992.87 93076.12 98914.49 102277.3 88797.59 98815.93 94940.43 71700.24 81375.79 92884.34 78513.89 86147.63 95774.52 88880.05 107339.8 91333.56 96647.57 
#catch CV 
0.1 0.1 0.1 0.1 0.1 0.1 0.1 0.1 0.1 0.1 0.1 0.1 0.1 0.1 0.1 0.1 0.1 0.1 0.1 0.1 0.1 0.1 0.1 0.1 0.1 0.1 0.1 0.1 0.1 
#Length Bins 
0.6062379 1.818714 3.03119 4.243665 5.456141 6.668617 7.881093 9.093569 10.30604 11.51852 12.731 13.94347 15.15595 16.36842 17.5809 18.79338 20.00585 21.21833 22.4308 23.64328 24.85575 26.06823 27.28071 28.49318 29.70566 
#catch length counts 
3.014072e-07 1.417674e-05 0.0004617273 0.01041312 0.1626161 1.758476 13.16773 68.28641 245.353 611.8104 1065.857 1330.602 1296.96 1202.532 1244.008 1304.55 1246.546 1121.147 1002.859 897.1024 793.4379 675.3974 524.7876 350.6347 191.2023 
4.265176e-07 2.006133e-05 0.0006533845 0.01473548 0.2301159 2.488389 18.63325 96.62605 347.1218 865.0325 1503.268 1859.138 1756.992 1521.762 1468.712 1502.844 1451.615 1339.219 1219.576 1084.611 932.9266 770.3041 588.8421 392.1764 214.0288 
1.037951e-11 4.891623e-10 1.605591e-08 3.732281e-07 6.518659e-06 0.0001001337 0.001631447 0.0266172 0.3545482 3.439853 23.43402 111.0852 366.3388 845.1293 1385.461 1677.751 1629.538 1437.92 1267.203 1121.015 965.3443 788.619 591.1086 386.9973 209.1795 
1.104785e-07 5.196377e-06 0.0001692426 0.003816847 0.05960546 0.6445454 4.826221 25.02344 89.84078 223.352 384.5306 458.8356 382.7343 242.7097 196.0405 346.9251 678.5506 1027.122 1198.753 1155.822 997.406 803.4561 594.1635 383.6329 204.6652 
1.862609e-06 8.760813e-05 0.002853339 0.06435 1.004916 10.8667 81.36778 421.8874 1514.745 3766.335 6487.604 7752.254 6460.737 3833.566 1741.229 735.3469 391.5555 346.568 474.8515 655.2262 743.5995 685.7986 527.6662 340.4929 179.7298 
1.684401e-06 7.922609e-05 0.002580342 0.05819326 0.9087726 9.827149 73.58686 381.6066 1371.017 3417.816 5947.793 7393.646 7099.091 6322.069 6073.513 5585.557 4085.357 2228.182 974.3952 485.2201 412.7944 430.1997 385.3122 271.8848 148.6593 
2.937947e-06 0.0001381869 0.004500656 0.1015012 1.585087 17.14049 128.3474 665.5307 2390.326 5951.361 10305.72 12572.75 11330.09 8684.661 7102.24 6486.357 5744.173 4617.196 3278.548 1951.967 974.2632 484.5808 301.4977 205.173 118.2094 
1.954663e-06 9.193794e-05 0.002994359 0.0675304 1.054586 11.40396 85.3951 442.8604 1591.352 3969.715 6926.175 8694.625 8620.681 8244.567 8642.205 8710.366 7463.778 5611.84 4052.983 2836.4 1786.335 958.7631 448.3174 200.8195 90.17865 
6.67239e-06 0.000313837 0.01022147 0.2305199 3.599897 38.92771 291.4859 1511.394 5427.3 13502.52 23311.95 28110.79 24270.92 16361.69 10660.11 8266.693 7228.991 6340.245 5257.009 3931.054 2599.401 1513.677 762.4566 326.2796 119.553 
7.132128e-06 0.0003354609 0.01092574 0.2464032 3.847944 41.61025 311.5805 1615.753 5804.41 14464.06 25131.48 31057.1 29248.64 24969.27 23057.81 21269.67 16620.88 10872.78 6785.46 4569.524 3175.458 2025.579 1103.771 497.4949 182.4558 
1.027156e-05 0.0004831245 0.01573505 0.3548651 5.541728 59.92597 448.7226 2326.775 8356.524 20802.47 35999.78 43809.98 39123.88 29208.53 22826.18 19968.11 17052.46 13364.82 9645.097 6295.302 3712.363 2057.714 1079.798 503.9055 194.1931 
1.469814e-05 0.0006913294 0.02251615 0.5077961 7.929968 85.7515 642.1058 3329.592 11958.98 29778.92 51592.72 63061.35 57191.76 44478.84 36646.71 32268.89 26017.87 18613.01 12744.56 8619.846 5474.249 3099.315 1535.592 662.9337 244.8252 
1.726593e-05 0.000812106 0.02644976 0.5965091 9.315348 100.7325 754.283 3911.279 14048.25 34981.46 60606.85 74082.62 67202.66 52323.76 43287.62 38495.88 31595.39 23050.95 15758.75 10295.5 6287.93 3522.258 1765.826 763.2032 274.738 
2.500782e-05 0.001176247 0.0383096 0.8639783 13.49226 145.8997 1092.489 5664.896 20345 50643.56 87623.2 106545.6 94850.8 70086.08 53499.37 45058.8 36321.3 26496.39 18277.54 12068.26 7379.129 4076.324 2001.582 851.8873 303.9435 
2.239136e-05 0.001053182 0.03430144 0.7735844 12.08064 130.6356 978.2067 5072.618 18222.3 45403.3 78854.69 97289.31 91139.05 76928.69 70488.55 65813.16 53537.26 37398.61 24312.25 15414.82 9295.421 5130.149 2514.003 1060.745 373.5118 
1.958327e-05 0.0009211026 0.02999971 0.6765694 10.56561 114.2524 855.5233 4436.322 15935.04 39689.46 68830.11 84448.95 77630.1 62661.12 54800.07 51292.19 44472.77 34811.69 25349.71 16942.39 10119.05 5398.266 2572.389 1069.116 373.2334 
2.149252e-05 0.001010904 0.0329245 0.7425307 11.59568 125.391 938.9222 4868.642 17485.83 43531.46 75352.49 91788.79 82246.55 61932.51 48835.13 42396.67 35218.98 26895.5 19796.68 14031.68 9110.426 5201.519 2549.086 1053.935 361.3916 
2.108909e-05 0.0009919292 0.03230648 0.7285931 11.37803 123.0376 921.3053 4777.402 17159.72 42735.2 74080.66 90740.72 82913.54 65778.35 55745.26 49974.47 40528.99 28912.95 19568.55 13106.05 8436.471 4982.983 2581.945 1124.574 398.1051 
1.794023e-05 0.0008438218 0.02748272 0.6198051 9.679154 104.6667 783.7495 4064.212 14599.5 36373.45 63150.57 77814.55 72591.23 60727.56 55331.62 52300.59 44213.94 32995.46 23007.46 15188.87 9292.146 5220.699 2654.899 1174.403 430.2583 
1.707207e-05 0.0008029879 0.02615279 0.5898117 9.21076 99.60154 745.8168 3867.42 13891.32 34596.61 59980.65 73509.5 67310.59 53780.93 46378.8 43027.1 37229.22 29360.99 21926.26 15342.65 9711.426 5471.791 2719.565 1169.971 422.8186 
1.796721e-05 0.0008450908 0.02752405 0.6207372 9.693707 104.824 784.9234 4070.227 14620.07 36414.45 63151.83 77487.31 71238.84 57471.42 50035.76 46214.85 39118.72 29909.62 22005.24 15729.69 10460.26 6216.719 3203.761 1394.33 500.4881 
2.064609e-05 0.0009710924 0.03162784 0.7132879 11.13902 120.4528 901.9481 4676.966 16798.1 41826.12 72446.84 88467.68 79975.58 61720.63 50533.08 45007.67 37718.76 28763.45 20979.06 14768.36 9741.014 5862.8 3120.224 1410 520.9906 
2.271427e-05 0.00106837 0.0347961 0.7847402 12.25485 132.519 992.3005 5145.502 18481.26 46020.25 79733.23 97467.15 88431.42 68876.51 56976.01 50586.44 41413.17 30274.18 21090.07 14386.63 9326.126 5561.258 2960.424 1354.979 512.1318 
2.118263e-05 0.0009963287 0.03244977 0.7318246 11.4285 123.5834 925.3949 4798.661 17236.82 42934.52 74476.16 91461.26 84334.29 68521.06 60095.01 55378.06 46047.01 33834.66 23379.94 15530.51 9684.809 5565.278 2890.037 1308.988 495.5048 
2.583593e-05 0.001215198 0.03957819 0.8925885 13.93905 150.7313 1128.672 5852.612 21020.51 52338.42 90646.9 110653.8 99909.12 76854.58 62656.99 55739.54 46817.04 35742.69 25813.73 17616.16 11010.04 6207.972 3125.383 1372.403 508.1132 
2.325471e-05 0.001093789 0.03562401 0.8034116 12.54643 135.6723 1015.917 5268.059 18922.82 47133.41 81754.81 100376.4 92476.86 74961.3 65482.42 60048.52 49614.37 36261.42 25188.03 17083.73 10904.9 6295.965 3194.808 1387.935 502.8892 
2.381872e-05 0.001120318 0.03648802 0.8228972 12.85073 138.9627 1040.553 5395.753 19380.69 48265.93 83665.03 102467.8 93601.96 74283.41 63316.95 57895.75 49009.68 37371.99 26873.34 18288.42 11470.65 6535.766 3322.246 1455.665 529.3046 
2.132556e-05 0.001003052 0.03266873 0.7367628 11.50562 124.4175 931.6456 4831.175 17355.05 43243.27 75109.05 92697.05 86943.97 73690.66 68214.11 65080.88 55380.83 41909.1 30150.23 20889.35 13430.71 7770.473 3955.939 1726.544 626.6942 
2.413702e-05 0.001135289 0.03697562 0.8338938 13.02245 140.8195 1054.452 5467.736 19637.96 48893.86 84666.39 103284.6 93041.29 71162.26 57692.6 51627.87 44407.84 35330.85 26775.33 19112.79 12464.31 7307.558 3777.995 1669.404 609.6668 
#survey length counts 
2.696665e-06 0.0001268381 0.004131035 0.09316531 1.454911 15.73285 117.8081 610.9016 2194.422 5466.599 9486.746 11670.42 10830.93 8977.498 8217.219 8170.48 7815.669 7185.561 6533.062 5805.789 4992.339 4121.615 3150.534 2098.261 1145.111 
5.815356e-11 2.739864e-09 8.983068e-08 2.079219e-06 3.57767e-05 0.0005289018 0.008184528 0.1294356 1.705551 16.49792 112.3049 532.2517 1755.119 4048.555 6635.376 8030.657 7790.974 6863.549 6039.885 5338.848 4595.993 3754.168 2813.812 1842.167 995.7209 
5.367004e-07 2.52438e-05 0.0008221739 0.0185421 0.2895611 3.131177 23.4456 121.5629 436.443 1085.034 1868.006 2228.641 1856.175 1160.346 874.254 1456.628 2819.672 4263.62 4975.294 4796.64 4138.814 3333.769 2465.264 1591.721 849.1663 
8.473076e-06 0.0003985326 0.01297995 0.2927305 4.571402 49.43302 370.1449 1919.178 6890.581 17132.71 29509 35249.4 29338.03 17320.54 7732.915 3130.66 1580.197 1359.662 1851.725 2553.119 2897.15 2671.889 2055.78 1326.548 700.2185 
7.363269e-06 0.0003463327 0.01127983 0.2543888 3.97265 42.95878 321.6785 1668.12 5992.57 14933.3 25949.15 32077.92 30236.26 25825.25 23694.72 21285.94 15451.28 8407.912 3671.599 1824.114 1548.978 1613.58 1445.132 1019.709 557.5488 
1.162174e-05 0.0005466305 0.0178034 0.4015116 6.27018 67.80313 507.7061 2632.618 9454.86 23535.77 40724.03 49532 44150.41 32808.63 25548.94 22556.07 19727.54 15795.21 11198.47 6662.477 3324.156 1652.969 1028.279 699.7155 403.1324 
7.723851e-06 0.0003632927 0.01183221 0.2668463 4.167195 45.06263 337.4355 1749.896 6287.268 15676.84 27303.87 34049.05 33051.71 30255.4 30399.33 30045.29 25581.06 19183.75 13831.74 9670.337 6087.649 3266.825 1527.456 684.1831 307.2285 
2.37793e-05 0.001118464 0.03642763 0.821535 12.82944 138.7319 1038.806 5386.316 19341.39 48114.7 83038.51 99985.32 85846.3 56797.81 35471.54 26306.4 22535.56 19647.55 16262.44 12152.93 8033.986 4677.768 2356.11 1008.228 369.4231 
2.168768e-05 0.001020084 0.03322347 0.7492735 11.70099 126.5301 947.4618 4913.133 17648.62 43966.4 76307.74 93903.7 87179.67 71910.08 63715.04 57458.63 44556.64 29068.37 18109.75 12180.69 8459.907 5395.504 2939.951 1325.081 485.9694 
3.250265e-05 0.001528768 0.04979097 1.122912 17.53589 189.6257 1419.904 7362.596 26441.41 65811.72 113817.7 138165.9 122272.2 88901.02 66467.1 56273.51 47458.94 37049.83 26696.6 17411.86 10264.24 5688.384 2984.78 1392.853 536.7661 
4.043825e-05 0.00190202 0.06194755 1.397074 21.81732 235.9236 1766.587 9160.398 32900.1 81909.12 141806.8 172844.8 155201.7 117454.7 92912.39 79634.9 63573.8 45330.21 30989.24 20941.57 13294.41 7525.751 3728.533 1609.622 594.4383 
4.629807e-05 0.002177638 0.07092424 1.599521 24.97882 270.1108 2022.58 10487.82 37667.65 93779.01 162360 197913.2 177775.5 134737.9 107081.7 92734.37 75375.97 54817.07 37421.17 24428.85 14914.41 8353.278 4187.546 1809.851 651.506 
6.611105e-05 0.003109545 0.1012758 2.284026 35.66834 385.7025 2888.111 14975.63 53781.78 133856.8 231468.8 280843.9 248044.1 179074.9 131406.4 107418.9 85582.41 62199.15 42839.18 28263.69 17275.82 9542.081 4685.166 1993.999 711.4305 
5.276118e-05 0.002481632 0.08082512 1.822811 28.46583 307.8186 2304.955 11952.47 42934.24 106952 185583.3 228185.5 211269.2 173294.8 153285.8 140339.7 113404.3 79039.36 51320.34 32514.96 19600.29 10816.01 5300.095 2236.262 787.4347 
4.64422e-05 0.002184417 0.07114504 1.604501 25.05659 270.952 2028.886 10520.68 37787.9 94100.46 163067.6 199491.3 181525.8 142671.4 120290.7 110114 94735.07 73968.76 53804.41 35940.34 21460.6 11447.55 5454.78 2267.037 791.4295 
5.544252e-05 0.002607749 0.08493267 1.915447 29.91245 323.4607 2422.054 12559.08 45104.47 112271.8 194224.7 236039.9 209726.8 154161.4 116894.5 98669.5 81093.49 61716.24 45361.92 32130.05 20855.33 11905.92 5834.451 2412.253 827.1504 
5.598937e-05 0.00263347 0.08577039 1.934339 30.20749 326.6517 2445.96 12683.3 45554.29 113427.9 196473.8 239946.3 216965.5 167392.7 136342.5 119198.3 95800.29 68137.16 46047.86 30814.8 19828.26 11709.9 6067.225 2642.555 935.4729 
4.705956e-05 0.002213455 0.07209078 1.62583 25.38968 274.5542 2055.867 10660.75 38293.33 95382.06 165445.2 203135.8 187183.1 151872.6 133123.6 123097 103283.1 76878.69 53537.84 35318.95 21600.05 12134.15 6170.296 2729.396 999.9447 
4.734219e-05 0.002226748 0.07252373 1.635594 25.54215 276.2026 2068.199 10724.47 38519.06 95912.9 166151.7 202996.6 183852.6 142681.9 118090.9 106782.5 91555.6 71988.93 53687.75 37542.35 23756.24 13383.6 6651.529 2861.464 1034.103 
4.709497e-05 0.00221512 0.07214501 1.627053 25.40877 274.7604 2057.403 10668.54 38318.91 95421.89 165351.2 202253.2 183917.4 144185 120687.9 108826.5 91338.47 69637.59 51165.2 36548.36 24297.58 14438.93 7440.751 3238.292 1162.364 
5.435504e-05 0.002556599 0.08326675 1.877876 29.32573 317.1164 2374.554 12312.89 44221.88 110090.5 190558 232088.2 207847.7 156278 122958.8 106610.7 88464.53 67244.29 48976.88 34453.5 22718.23 13671.81 7275.935 3287.878 1214.855 
6.026091e-05 0.002834383 0.09231399 2.081914 32.51208 351.5724 2632.561 13650.8 49027.76 122062.2 211330.6 257624.9 231464.5 175519.6 139522.2 120659.6 97832.32 71291.36 49591.16 33802.1 21904.59 13060.23 6952.034 3181.878 1202.626 
5.658344e-05 0.002661412 0.08668046 1.954864 30.52802 330.1179 2471.921 12818.04 46039.98 114654.5 198716.5 243243.3 221753.8 174955.5 147474.8 132695.9 109416.3 80170.78 55321.83 36720.25 22890.65 13152.07 6829.486 3093.228 1170.905 
6.706908e-05 0.003154606 0.1027435 2.317125 36.18523 391.2922 2929.978 15192.94 54565.35 135838 235107.3 286263.9 256102 192021.9 150495.1 130335.9 108392.6 82488.98 59493.08 40572.64 25350.25 14291.97 7194.91 3159.337 1169.694 
6.257587e-05 0.002943267 0.09586029 2.161892 33.76107 365.0788 2733.708 14175.51 50915.56 126794.5 219744.6 268922.9 244965.2 192816.7 161855.4 144892 118703 86506.82 60003.86 40665.19 25948.24 14979.28 7600.678 3301.939 1196.381 
6.558621e-05 0.003084859 0.1004718 2.265894 35.3852 382.6413 2865.209 14857.26 53362.27 132867.7 230135 281005.5 253965.3 195871.4 160269.9 142803.7 119770.1 91050.61 65381.02 44462.41 27878.18 15882.41 8072.888 3537.12 1286.148 
5.361011e-05 0.002521561 0.0821256 1.852141 28.92385 312.7715 2342.043 12144.8 43625.14 108673.7 188575.4 231889.6 214811.9 176626.4 157519.2 147216.5 124399.8 93911.11 67478.55 46720.9 30030.23 17372.4 8843.914 3859.815 1401.014 
6.27342e-05 0.002950714 0.09610283 2.167362 33.84647 366.0017 2740.602 14210.92 51037.94 127051.7 219865.7 267546.3 238857.3 178127.4 138803.6 120861.8 102912.1 81613.82 61769.5 44065.29 28729.5 16841.77 8706.817 3847.271 1405.018 
5.626579e-05 0.002646471 0.08619384 1.94389 30.35664 328.2648 2458.047 12746.14 45782.37 114019.3 197658.5 242149.4 221393.7 175947.8 149620.1 134873.6 110616.8 80783.54 56790.66 39722.35 26529.47 16098.74 8550.857 3849.678 1425.304 
