# Number of parameters = 80 Objective function value = 22438.4142006242  Maximum gradient component = 0.000808646243610793
# srv_sel50:
1.43900613107
# srv_sel95:
2.86030159823
# stNatLen:
 11.3312464297 10.9883733839 9.22306655491 7.91330692148 7.05890088502 6.46768838193 6.02846317200 5.68908249258 5.42192626874 5.21077282144 5.04543565346 4.91925960423 4.82783517288 4.76829490739 4.73891881286
# log_avg_fmort_dir:
0.681864318727
# fmort_dir_dev:
 -0.699063813704 -0.643745556437 -0.730730434049 -0.596257517929 -0.438227072839 -0.456834522442 -0.450946333405 -0.274260657502 -0.137067657919 -0.190928062513 -0.146772036882 -0.0535574756459 -0.0916582769511 -0.0143387799935 0.0803352812806 0.228479381309 0.223699635199 0.217835355657 0.242330919347 0.330009263516 0.339726958808 0.374930062400 0.430367736761 0.418944860484 0.408596043584 0.535065366920 0.539527675252 0.551363393397 0.00317626429865
# mean_log_rec:
13.7362235146
# rec_dev:
 -2.12565423063 -1.63532794187 -1.46026970621 -1.24243752026 -0.969932443126 -0.820122489787 -0.701132062559 -0.539491417979 -0.132371979430 0.00223089559065 0.207931691438 0.564562636096 0.625366572653 0.429177873528 0.362500075356 0.344659928225 0.358379533268 0.419916410051 0.333917859756 0.457126832665 0.526835080065 0.474779575179 0.655834654477 0.795431205007 0.724422860634 0.568080852646 0.516515715834 0.629534760384 0.629534778990
# log_avg_NatM:
-0.501570962572
# m_dev:
 0.00000000000 0.00000000000 0.00000000000 0.00000000000 0.00000000000 0.00000000000 0.00000000000 0.00000000000 0.00000000000 0.00000000000 0.00000000000 0.00000000000 0.00000000000 0.00000000000 0.00000000000 0.00000000000 0.00000000000 0.00000000000 0.00000000000 0.00000000000 0.00000000000 0.00000000000 0.00000000000 0.00000000000 0.00000000000 0.00000000000 0.00000000000 0.00000000000 0.00000000000
# log_avg_GrowthK:
-1.18630400000
# log_avg_Linf:
3.44583300000
# GrowthK_dev:
 0.00000000000 0.00000000000 0.00000000000 0.00000000000 0.00000000000 0.00000000000 0.00000000000 0.00000000000 0.00000000000 0.00000000000 0.00000000000 0.00000000000 0.00000000000 0.00000000000 0.00000000000 0.00000000000 0.00000000000 0.00000000000 0.00000000000 0.00000000000 0.00000000000 0.00000000000 0.00000000000 0.00000000000 0.00000000000 0.00000000000 0.00000000000 0.00000000000 0.00000000000
# Linf_dev:
 0.00000000000 0.00000000000 0.00000000000 0.00000000000 0.00000000000 0.00000000000 0.00000000000 0.00000000000 0.00000000000 0.00000000000 0.00000000000 0.00000000000 0.00000000000 0.00000000000 0.00000000000 0.00000000000 0.00000000000 0.00000000000 0.00000000000 0.00000000000 0.00000000000 0.00000000000 0.00000000000 0.00000000000 0.00000000000 0.00000000000 0.00000000000 0.00000000000 0.00000000000
# SelPars50:
1.45689549830
# SelPars95:
2.32369788252
# SelPars_dev50:
 0.00000000000 0.00000000000 0.00000000000 0.00000000000 0.00000000000 0.00000000000 0.00000000000 0.00000000000 0.00000000000 0.00000000000 0.00000000000 0.00000000000 0.00000000000 0.00000000000 0.00000000000 0.00000000000 0.00000000000 0.00000000000 0.00000000000 0.00000000000 0.00000000000 0.00000000000 0.00000000000 0.00000000000 0.00000000000 0.00000000000 0.00000000000 0.00000000000 0.00000000000
# SelPars_dev95:
 0.00000000000 0.00000000000 0.00000000000 0.00000000000 0.00000000000 0.00000000000 0.00000000000 0.00000000000 0.00000000000 0.00000000000 0.00000000000 0.00000000000 0.00000000000 0.00000000000 0.00000000000 0.00000000000 0.00000000000 0.00000000000 0.00000000000 0.00000000000 0.00000000000 0.00000000000 0.00000000000 0.00000000000 0.00000000000 0.00000000000 0.00000000000 0.00000000000 0.00000000000
