# Number of parameters = 109 Objective function value = 22413.0243121121  Maximum gradient component = 0.000939247249506476
# srv_sel50:
2.08005735582
# srv_sel95:
3.47487188224
# stNatLen:
 11.4854496396 11.0013157582 9.54349729828 8.33773763175 7.51225951459 6.92905910024 6.49064113197 6.14934666382 5.87932978937 5.66515322217 5.49700303437 5.36841190899 5.27507334345 5.21418754261 5.18409570012
# log_avg_fmort_dir:
0.782815467686
# fmort_dir_dev:
 -0.189354070086 -0.559985283857 -0.696673522176 -0.546056275410 -0.451298670420 -0.310790942099 -0.229340409036 -0.279823752673 -0.218676890950 -0.358844208522 -0.334053100008 -0.0330705447009 -0.153613408309 0.0495438169626 0.384549531364 0.381572470406 0.276185708018 0.170943827338 0.153650964836 0.150132575758 0.232202024022 0.0914813714024 0.262879076547 0.310876261758 0.481260468222 0.499191984219 0.390582995479 0.174468683907 0.352059318009
# mean_log_rec:
14.8931473008
# rec_dev:
 -2.48786949138 -1.67944542132 -1.65370352165 -1.42973589313 -1.17338631318 -1.12011494795 -0.763777618384 -0.437152498357 0.0337541664368 0.219080451900 0.275057438818 0.774951655327 0.514763132044 0.0470443371164 0.135648957656 0.223684739651 0.493411737609 0.488985972058 0.374672226336 0.599166336639 0.744050394484 0.697198333901 0.876886485322 0.711605238208 0.659042629411 0.556877185847 0.713018775309 0.803142745535 0.803142765737
# log_avg_NatM:
0.331763033632
# m_dev:
 -1.01937931729 -0.558132654211 -0.0844129192121 -0.206278663676 -0.154096076471 -0.0548899501589 -0.256366170526 -0.0845386674485 0.0140667789881 0.0495416501424 0.193248010502 -0.0345469031394 0.225027993071 0.0954327613543 -0.211004510316 -0.0543805016754 -0.125897122921 0.140023856511 0.181167134287 0.141026941497 0.160617844153 0.269936156275 0.217558028259 0.345054606623 0.154935815471 0.168227338980 0.135871811864 0.210080571999 0.142106157069
# log_avg_GrowthK:
-1.18630400000
# log_avg_Linf:
3.44583300000
# GrowthK_dev:
 0.00000000000 0.00000000000 0.00000000000 0.00000000000 0.00000000000 0.00000000000 0.00000000000 0.00000000000 0.00000000000 0.00000000000 0.00000000000 0.00000000000 0.00000000000 0.00000000000 0.00000000000 0.00000000000 0.00000000000 0.00000000000 0.00000000000 0.00000000000 0.00000000000 0.00000000000 0.00000000000 0.00000000000 0.00000000000 0.00000000000 0.00000000000 0.00000000000 0.00000000000
# Linf_dev:
 0.00000000000 0.00000000000 0.00000000000 0.00000000000 0.00000000000 0.00000000000 0.00000000000 0.00000000000 0.00000000000 0.00000000000 0.00000000000 0.00000000000 0.00000000000 0.00000000000 0.00000000000 0.00000000000 0.00000000000 0.00000000000 0.00000000000 0.00000000000 0.00000000000 0.00000000000 0.00000000000 0.00000000000 0.00000000000 0.00000000000 0.00000000000 0.00000000000 0.00000000000
# SelPars50:
2.00187371200
# SelPars95:
3.11403040308
# SelPars_dev50:
 0.00000000000 0.00000000000 0.00000000000 0.00000000000 0.00000000000 0.00000000000 0.00000000000 0.00000000000 0.00000000000 0.00000000000 0.00000000000 0.00000000000 0.00000000000 0.00000000000 0.00000000000 0.00000000000 0.00000000000 0.00000000000 0.00000000000 0.00000000000 0.00000000000 0.00000000000 0.00000000000 0.00000000000 0.00000000000 0.00000000000 0.00000000000 0.00000000000 0.00000000000
# SelPars_dev95:
 0.00000000000 0.00000000000 0.00000000000 0.00000000000 0.00000000000 0.00000000000 0.00000000000 0.00000000000 0.00000000000 0.00000000000 0.00000000000 0.00000000000 0.00000000000 0.00000000000 0.00000000000 0.00000000000 0.00000000000 0.00000000000 0.00000000000 0.00000000000 0.00000000000 0.00000000000 0.00000000000 0.00000000000 0.00000000000 0.00000000000 0.00000000000 0.00000000000 0.00000000000
