# Number of parameters = 106 Objective function value = 26531.3044648025  Maximum gradient component = 0.000497842702816493
# srv_sel50:
2.46050942260
# srv_sel95:
4.13048074616
# stNatLen:
 12.8698410417 11.9466796629 10.6707009202 9.65938066660 8.89649205533 8.31700612523 7.86855308387 7.51541462365 7.23458698373 7.01123512724 6.83558882396 6.70109908427 6.60337194751 6.53954991669 6.50795346929
# log_avg_fmort_dir:
0.999615109001
# fmort_dir_dev:
 -0.0846245256209 -0.306965213276 -0.413117095340 -0.776705541037 -0.724219505726 -0.708029272249 -0.553912262069 -0.385563225008 -0.399866708907 -0.132644660858 -0.178457727775 -0.141014433040 0.0582765484934 0.0909655362981 0.129777390875 0.259248502075 0.247905752403 0.185757070194 0.189732632097 0.0407094615943 0.280940360678 0.211306545669 0.358067794176 0.397468545538 0.560117067693 0.375685313965 0.574212946176 0.844948702981
# mean_log_rec:
16.5380416737
# rec_dev:
 -3.29145801319 -4.06649491324 -2.86356997477 -1.56472879354 -1.10394587387 -0.831914110974 -0.208366933373 -0.0447051750499 -0.184610010871 0.0206599151997 0.327316112360 0.540865012411 0.536860110664 0.411361958412 0.511790112642 0.573740090962 0.831287284826 0.792425631573 1.15974136524 0.896039274129 1.12448573618 1.09871277963 1.05964854230 0.956024756845 1.12658748017 0.916064941486 0.638091346022 0.638091347813
# log_avg_NatM:
0.942540742612
# m_dev:
 -1.50037928725 -0.805264681258 -0.990699431429 -0.498411380656 -0.253582060327 -0.0584406847650 -0.315506796840 -0.0688279343992 -0.0557812812832 -0.170067060423 -0.0673046766403 -0.00315372832757 0.0332437940692 0.0807436493770 0.0381305550339 0.106915096319 0.0938313995827 0.213752380723 0.130873226079 0.419412080396 0.268101763713 0.365390130364 0.427837478365 0.513038638578 0.482662368127 0.616537008963 0.623222289099 0.373727144810
# log_avg_GrowthK:
-1.20372700000
# log_avg_Linf:
3.45755400000
# GrowthK_dev:
 0.00000000000 0.00000000000 0.00000000000 0.00000000000 0.00000000000 0.00000000000 0.00000000000 0.00000000000 0.00000000000 0.00000000000 0.00000000000 0.00000000000 0.00000000000 0.00000000000 0.00000000000 0.00000000000 0.00000000000 0.00000000000 0.00000000000 0.00000000000 0.00000000000 0.00000000000 0.00000000000 0.00000000000 0.00000000000 0.00000000000 0.00000000000 0.00000000000
# Linf_dev:
 0.00000000000 0.00000000000 0.00000000000 0.00000000000 0.00000000000 0.00000000000 0.00000000000 0.00000000000 0.00000000000 0.00000000000 0.00000000000 0.00000000000 0.00000000000 0.00000000000 0.00000000000 0.00000000000 0.00000000000 0.00000000000 0.00000000000 0.00000000000 0.00000000000 0.00000000000 0.00000000000 0.00000000000 0.00000000000 0.00000000000 0.00000000000 0.00000000000
# SelPars50:
2.34525509656
# SelPars95:
3.86096795686
# SelPars_dev50:
 0.00000000000 0.00000000000 0.00000000000 0.00000000000 0.00000000000 0.00000000000 0.00000000000 0.00000000000 0.00000000000 0.00000000000 0.00000000000 0.00000000000 0.00000000000 0.00000000000 0.00000000000 0.00000000000 0.00000000000 0.00000000000 0.00000000000 0.00000000000 0.00000000000 0.00000000000 0.00000000000 0.00000000000 0.00000000000 0.00000000000 0.00000000000 0.00000000000
# SelPars_dev95:
 0.00000000000 0.00000000000 0.00000000000 0.00000000000 0.00000000000 0.00000000000 0.00000000000 0.00000000000 0.00000000000 0.00000000000 0.00000000000 0.00000000000 0.00000000000 0.00000000000 0.00000000000 0.00000000000 0.00000000000 0.00000000000 0.00000000000 0.00000000000 0.00000000000 0.00000000000 0.00000000000 0.00000000000 0.00000000000 0.00000000000 0.00000000000 0.00000000000
