# Number of parameters = 77 Objective function value = 23490.2431062321  Maximum gradient component = 4.22856688484282
# srv_sel50:
0.999985354070
# srv_sel95:
1.00007506242
# stNatLen:
 11.2682119928 10.6182808733 9.26767452891 8.14231718483 7.33060070130 6.73874046500 6.29251856871 5.94682156060 5.67482980437 5.46009607797 5.29213556853 5.16406696929 5.07132671959 5.01095014708 4.98117685679
# log_avg_fmort_dir:
0.666145938538
# fmort_dir_dev:
 -0.219416514180 -0.312247372681 -0.436125778538 -0.395325406781 -0.314475626190 -0.217123840717 -0.138228769437 -0.121368434072 -0.188136688622 -0.0198083625257 -0.0393969539650 -0.218227357482 0.128548860501 -0.0245050827528 0.00284477011253 0.106616916713 0.0666128143671 0.184762070599 0.214422795040 0.128895117496 0.159101335283 0.274723881805 0.246383540820 0.275056585267 0.233845181669 0.269135762992 0.365877044062 -0.0124404887823
# mean_log_rec:
13.3075070767
# rec_dev:
 -2.30737928234 -1.90582253121 -1.54767432597 -1.56783136787 -1.29500030587 -1.04747506222 -0.701588469251 -0.444066968134 -0.121051660004 0.0183973908395 0.312168043122 0.655632779521 0.604577816882 0.524136502009 0.395428512898 0.414258946621 0.438304385099 0.440768597225 0.451997210711 0.549605863253 0.650709230687 0.676884074990 0.752755371859 0.831857129336 0.893949445280 0.801205150482 0.762626786458 0.762626735587
# log_avg_NatM:
-1.36448700000
# m_dev:
 0.00000000000 0.00000000000 0.00000000000 0.00000000000 0.00000000000 0.00000000000 0.00000000000 0.00000000000 0.00000000000 0.00000000000 0.00000000000 0.00000000000 0.00000000000 0.00000000000 0.00000000000 0.00000000000 0.00000000000 0.00000000000 0.00000000000 0.00000000000 0.00000000000 0.00000000000 0.00000000000 0.00000000000 0.00000000000 0.00000000000 0.00000000000 0.00000000000
# log_avg_GrowthK:
-1.20372700000
# log_avg_Linf:
3.45755400000
# GrowthK_dev:
 0.00000000000 0.00000000000 0.00000000000 0.00000000000 0.00000000000 0.00000000000 0.00000000000 0.00000000000 0.00000000000 0.00000000000 0.00000000000 0.00000000000 0.00000000000 0.00000000000 0.00000000000 0.00000000000 0.00000000000 0.00000000000 0.00000000000 0.00000000000 0.00000000000 0.00000000000 0.00000000000 0.00000000000 0.00000000000 0.00000000000 0.00000000000 0.00000000000
# Linf_dev:
 0.00000000000 0.00000000000 0.00000000000 0.00000000000 0.00000000000 0.00000000000 0.00000000000 0.00000000000 0.00000000000 0.00000000000 0.00000000000 0.00000000000 0.00000000000 0.00000000000 0.00000000000 0.00000000000 0.00000000000 0.00000000000 0.00000000000 0.00000000000 0.00000000000 0.00000000000 0.00000000000 0.00000000000 0.00000000000 0.00000000000 0.00000000000 0.00000000000
# SelPars50:
1.04030858437
# SelPars95:
1.18767249760
# SelPars_dev50:
 0.00000000000 0.00000000000 0.00000000000 0.00000000000 0.00000000000 0.00000000000 0.00000000000 0.00000000000 0.00000000000 0.00000000000 0.00000000000 0.00000000000 0.00000000000 0.00000000000 0.00000000000 0.00000000000 0.00000000000 0.00000000000 0.00000000000 0.00000000000 0.00000000000 0.00000000000 0.00000000000 0.00000000000 0.00000000000 0.00000000000 0.00000000000 0.00000000000
# SelPars_dev95:
 0.00000000000 0.00000000000 0.00000000000 0.00000000000 0.00000000000 0.00000000000 0.00000000000 0.00000000000 0.00000000000 0.00000000000 0.00000000000 0.00000000000 0.00000000000 0.00000000000 0.00000000000 0.00000000000 0.00000000000 0.00000000000 0.00000000000 0.00000000000 0.00000000000 0.00000000000 0.00000000000 0.00000000000 0.00000000000 0.00000000000 0.00000000000 0.00000000000
