# Number of parameters = 77 Objective function value = 22931.6381958049  Maximum gradient component = 0.0282935168700077
# srv_sel50:
0.998845492049
# srv_sel95:
1.00666062307
# stNatLen:
 9.83197952756 8.42184714037 7.14406517297 6.19552340270 5.50776941453 4.99378027381 4.59655941964 4.28259065617 4.03179533089 3.83156256566 3.67363394722 3.55246028891 3.46429721286 3.40669012893 3.37818296311
# log_avg_fmort_dir:
0.437696398490
# fmort_dir_dev:
 -0.437629742687 -0.373097704185 -0.453163513424 -0.403990944997 -0.421684154287 -0.364526512483 -0.396288522672 -0.381595300690 -0.189312077406 -0.186264167350 -0.113883959332 0.0985088431018 0.117051170247 0.121356299960 0.224978785765 0.210564608849 0.169038440284 0.242385518514 0.224318103185 0.108080270213 0.280822610817 0.390326569213 0.330240696403 0.321248537693 0.373649875903 0.424910705318 0.213805947321 -0.129850383271
# mean_log_rec:
13.5807687061
# rec_dev:
 -3.14481029913 -2.80129328430 -2.27229148359 -1.85734578783 -1.29185948638 -0.856378300944 -0.531711357517 -0.231730274839 0.0250236566960 0.182363676037 0.355691947655 0.506003049117 0.595289515661 0.540738447196 0.427974096616 0.439915939252 0.458104912693 0.442296591680 0.442404471497 0.689932698531 0.812794822838 0.817452412104 0.890751661875 0.964951141490 0.915142273870 0.954353210059 1.26311786733 1.26311788233
# log_avg_NatM:
-1.06837800000
# m_dev:
 0.00000000000 0.00000000000 0.00000000000 0.00000000000 0.00000000000 0.00000000000 0.00000000000 0.00000000000 0.00000000000 0.00000000000 0.00000000000 0.00000000000 0.00000000000 0.00000000000 0.00000000000 0.00000000000 0.00000000000 0.00000000000 0.00000000000 0.00000000000 0.00000000000 0.00000000000 0.00000000000 0.00000000000 0.00000000000 0.00000000000 0.00000000000 0.00000000000
# log_avg_GrowthK:
-1.19807800000
# log_avg_Linf:
3.45748100000
# GrowthK_dev:
 0.00000000000 0.00000000000 0.00000000000 0.00000000000 0.00000000000 0.00000000000 0.00000000000 0.00000000000 0.00000000000 0.00000000000 0.00000000000 0.00000000000 0.00000000000 0.00000000000 0.00000000000 0.00000000000 0.00000000000 0.00000000000 0.00000000000 0.00000000000 0.00000000000 0.00000000000 0.00000000000 0.00000000000 0.00000000000 0.00000000000 0.00000000000 0.00000000000
# Linf_dev:
 0.00000000000 0.00000000000 0.00000000000 0.00000000000 0.00000000000 0.00000000000 0.00000000000 0.00000000000 0.00000000000 0.00000000000 0.00000000000 0.00000000000 0.00000000000 0.00000000000 0.00000000000 0.00000000000 0.00000000000 0.00000000000 0.00000000000 0.00000000000 0.00000000000 0.00000000000 0.00000000000 0.00000000000 0.00000000000 0.00000000000 0.00000000000 0.00000000000
# SelPars50:
1.01731506240
# SelPars95:
1.12811561464
# SelPars_dev50:
 0.00000000000 0.00000000000 0.00000000000 0.00000000000 0.00000000000 0.00000000000 0.00000000000 0.00000000000 0.00000000000 0.00000000000 0.00000000000 0.00000000000 0.00000000000 0.00000000000 0.00000000000 0.00000000000 0.00000000000 0.00000000000 0.00000000000 0.00000000000 0.00000000000 0.00000000000 0.00000000000 0.00000000000 0.00000000000 0.00000000000 0.00000000000 0.00000000000
# SelPars_dev95:
 0.00000000000 0.00000000000 0.00000000000 0.00000000000 0.00000000000 0.00000000000 0.00000000000 0.00000000000 0.00000000000 0.00000000000 0.00000000000 0.00000000000 0.00000000000 0.00000000000 0.00000000000 0.00000000000 0.00000000000 0.00000000000 0.00000000000 0.00000000000 0.00000000000 0.00000000000 0.00000000000 0.00000000000 0.00000000000 0.00000000000 0.00000000000 0.00000000000
