# Number of parameters = 77 Objective function value = 20972.1920713912  Maximum gradient component = 0.0355378878377607
# srv_sel50:
1.08845865726
# srv_sel95:
2.25325146216
# stNatLen:
 11.3345100571 10.6168095390 8.71305720156 7.42012512102 6.57998836154 5.99098149563 5.54955328801 5.20657378039 4.93557697226 4.72082335571 4.55233815624 4.42356286814 4.33013671992 4.26922695514 4.23914993894
# log_avg_fmort_dir:
0.676384789558
# fmort_dir_dev:
 -1.17107813135 -0.688694469935 -0.601958406783 -0.535807598605 -0.482002095286 -0.449122489131 -0.281381782120 -0.164155374422 -0.201502047433 -0.159758717830 0.0137106583487 -0.0236112870938 0.0481468110119 -0.0506405109437 0.171245247107 0.0875244629808 0.253704099878 0.248352952927 0.304063181395 0.351254497755 0.265945526670 0.316495872389 0.380267344289 0.391632900241 0.486404924532 0.508136785606 0.402211563730 0.580616082072
# mean_log_rec:
13.5553543272
# rec_dev:
 -1.96483052573 -1.82861932437 -1.69251810728 -1.39322746124 -1.27992977855 -1.13453753805 -0.758097041425 -0.361226491786 -0.123547706051 0.0304525994704 0.312975440517 0.659495095998 0.706381073113 0.523043336140 0.372294204232 0.433566108147 0.440553967095 0.470266272918 0.457053659586 0.464519524686 0.549353338264 0.646219353347 0.733986804376 0.826737494072 0.752990673495 0.690763037426 0.732940995816 0.732940995794
# log_avg_NatM:
-1.05607500000
# m_dev:
 0.00000000000 0.00000000000 0.00000000000 0.00000000000 0.00000000000 0.00000000000 0.00000000000 0.00000000000 0.00000000000 0.00000000000 0.00000000000 0.00000000000 0.00000000000 0.00000000000 0.00000000000 0.00000000000 0.00000000000 0.00000000000 0.00000000000 0.00000000000 0.00000000000 0.00000000000 0.00000000000 0.00000000000 0.00000000000 0.00000000000 0.00000000000 0.00000000000
# log_avg_GrowthK:
-1.18630400000
# log_avg_Linf:
3.44583300000
# GrowthK_dev:
 0.00000000000 0.00000000000 0.00000000000 0.00000000000 0.00000000000 0.00000000000 0.00000000000 0.00000000000 0.00000000000 0.00000000000 0.00000000000 0.00000000000 0.00000000000 0.00000000000 0.00000000000 0.00000000000 0.00000000000 0.00000000000 0.00000000000 0.00000000000 0.00000000000 0.00000000000 0.00000000000 0.00000000000 0.00000000000 0.00000000000 0.00000000000 0.00000000000
# Linf_dev:
 0.00000000000 0.00000000000 0.00000000000 0.00000000000 0.00000000000 0.00000000000 0.00000000000 0.00000000000 0.00000000000 0.00000000000 0.00000000000 0.00000000000 0.00000000000 0.00000000000 0.00000000000 0.00000000000 0.00000000000 0.00000000000 0.00000000000 0.00000000000 0.00000000000 0.00000000000 0.00000000000 0.00000000000 0.00000000000 0.00000000000 0.00000000000 0.00000000000
# SelPars50:
1.04656590217
# SelPars95:
1.17113778137
# SelPars_dev50:
 0.00000000000 0.00000000000 0.00000000000 0.00000000000 0.00000000000 0.00000000000 0.00000000000 0.00000000000 0.00000000000 0.00000000000 0.00000000000 0.00000000000 0.00000000000 0.00000000000 0.00000000000 0.00000000000 0.00000000000 0.00000000000 0.00000000000 0.00000000000 0.00000000000 0.00000000000 0.00000000000 0.00000000000 0.00000000000 0.00000000000 0.00000000000 0.00000000000
# SelPars_dev95:
 0.00000000000 0.00000000000 0.00000000000 0.00000000000 0.00000000000 0.00000000000 0.00000000000 0.00000000000 0.00000000000 0.00000000000 0.00000000000 0.00000000000 0.00000000000 0.00000000000 0.00000000000 0.00000000000 0.00000000000 0.00000000000 0.00000000000 0.00000000000 0.00000000000 0.00000000000 0.00000000000 0.00000000000 0.00000000000 0.00000000000 0.00000000000 0.00000000000
