#Simulated generalized assessment 
# 
#start/end year 
73 100 
#number of ages 
15 
#ages 
1 2 3 4 5 6 7 8 9 10 11 12 13 14 15 
#Number of length bins 
25 
#CPUE years 
28 
#years for CPUE 
73 74 75 76 77 78 79 80 81 82 83 84 85 86 87 88 89 90 91 92 93 94 95 96 97 98 99 100 
#survey years 
28 
#years for survey 
73 74 75 76 77 78 79 80 81 82 83 84 85 86 87 88 89 90 91 92 93 94 95 96 97 98 99 100 
#length freq from catch years 
28 
#years for length freq catch 
73 74 75 76 77 78 79 80 81 82 83 84 85 86 87 88 89 90 91 92 93 94 95 96 97 98 99 100 
#catch length sample sizes 
200 200 200 200 200 200 200 200 200 200 200 200 200 200 200 200 200 200 200 200 200 200 200 200 200 200 200 200 
#length freq from survey years 
28 
#years for length freq survey 
73 74 75 76 77 78 79 80 81 82 83 84 85 86 87 88 89 90 91 92 93 94 95 96 97 98 99 100 
#survey sample sizes 
200 200 200 200 200 200 200 200 200 200 200 200 200 200 200 200 200 200 200 200 200 200 200 200 200 200 200 200 
#total survey biomass 
3227.017 6769.56 7823.773 13613.98 19530.88 20766.1 27188.58 27172.99 53398.96 74791.6 83534.31 149651.8 162389.4 164391 204991.2 133515.5 119861.9 159003.2 106117 136927.2 152356 130591.8 165034 103939.4 219069.8 201730 178498.2 158321.4 
#survey CV 
0.2 0.2 0.2 0.2 0.2 0.2 0.2 0.2 0.2 0.2 0.2 0.2 0.2 0.2 0.2 0.2 0.2 0.2 0.2 0.2 0.2 0.2 0.2 0.2 0.2 0.2 0.2 0.2 
#total CPUE 
3294.354 3136.847 6512.966 9357.54 12465.35 19231.47 17550.94 15057.85 57007.16 49884.97 54938.49 104609.5 91577.37 130800.2 95598.81 67843.56 115040.9 111809 136415.4 65403.17 156129 130293.4 125030.9 120947.2 132600.1 126007.5 118906.5 126582.9 
#CPUE CV 
0.2 0.2 0.2 0.2 0.2 0.2 0.2 0.2 0.2 0.2 0.2 0.2 0.2 0.2 0.2 0.2 0.2 0.2 0.2 0.2 0.2 0.2 0.2 0.2 0.2 0.2 0.2 0.2 
#total catch biomass 
2683.653 3431.069 4224.259 5671.888 8491.162 10312.28 12667.17 19876.15 20682.04 39351.62 41996.65 57397.63 87599.5 87532.86 99269.01 99119.25 80861.17 79011.37 84909.49 70279.77 80236.02 93838.21 97941.42 97276.08 106415.5 108956.3 108207.3 103637.4 
#catch CV 
0.1 0.1 0.1 0.1 0.1 0.1 0.1 0.1 0.1 0.1 0.1 0.1 0.1 0.1 0.1 0.1 0.1 0.1 0.1 0.1 0.1 0.1 0.1 0.1 0.1 0.1 0.1 0.1 
#Length Bins 
0.6062379 1.818714 3.03119 4.243665 5.456141 6.668617 7.881093 9.093569 10.30604 11.51852 12.731 13.94347 15.15595 16.36842 17.5809 18.79338 20.00585 21.21833 22.4308 23.64328 24.85575 26.06823 27.28071 28.49318 29.70566 
#catch length counts 
7.42505e-07 3.492386e-05 0.001137447 0.02565232 0.400598 4.331914 32.4375 168.2063 604.2094 1505.112 2611.585 3210.623 2970.665 2430.112 2131.188 1909.914 1468.326 921.4552 501.3561 252.1107 116.3951 47.50101 16.79613 5.080004 1.286848 
7.567479e-07 3.559378e-05 0.001159266 0.02614439 0.4082824 4.415009 33.0597 171.4324 615.7924 1533.914 2661.203 3269.945 3020.203 2459.706 2144.826 1915.485 1470.208 921.2547 500.108 250.6765 115.2446 46.75948 16.40479 4.913447 1.230821 
1.764766e-06 8.300608e-05 0.002703453 0.06096971 0.9521291 10.29591 77.09465 399.7488 1435.505 3571.745 6169.078 7450.55 6468.072 4423.696 2910.928 2111.152 1492.317 910.2296 487.7761 242.207 110.6094 44.65353 15.58798 4.641387 1.154394 
1.694458e-06 7.969915e-05 0.002595749 0.05854072 0.914198 9.885787 74.02506 383.8607 1378.854 3434.769 5959.687 7325.985 6775.154 5529.616 4810.605 4221.422 3087.421 1738.155 780.9867 310.6248 119.272 44.02147 14.81883 4.347385 1.072585 
3.055196e-06 0.0001437017 0.00468027 0.1055519 1.648344 17.8245 133.4684 692.0665 2485.37 6185.418 10693.33 12961.58 11404.75 8130.827 5791.464 4499.621 3270.192 1997.747 1048.108 491.682 202.0233 69.72694 20.17967 5.052469 1.112707 
3.786097e-06 0.0001780797 0.005799941 0.1308033 2.042682 22.08874 165.3997 857.6601 3080.367 7669.278 13279.62 16195.37 14568.44 11060.67 8710.372 7204.273 5200.594 2970.947 1387.247 581.7547 231.2948 84.35042 26.62846 6.995669 1.495826 
4.406329e-06 0.0002072525 0.006750078 0.1522314 2.377312 25.7073 192.4959 998.1744 3585.183 8927.58 15468.28 18911.19 17161.63 13347.65 10908.58 9293.749 6874.716 4071.71 2008.073 884.2682 351.8714 121.962 36.12338 9.174008 1.979808 
5.082211e-06 0.0002390427 0.007785465 0.1755819 2.741965 29.65051 222.0226 1151.283 4135.109 10296.96 17840.86 21811.58 19793.17 15395.12 12590.5 10753.63 8006.466 4812.818 2441.435 1119.833 466.4922 168.8908 51.60077 13.17713 2.78461 
7.497608e-06 0.0003526513 0.01148562 0.2590299 4.045123 43.74228 327.5396 1698.395 6099.63 15183.32 26269.22 31937.3 28410.3 20911.56 15714.76 12667.34 9233.921 5521.743 2804.275 1295.585 548.3188 203.8279 64.57326 17.17266 3.76231 
1.205917e-05 0.0005672053 0.0184735 0.4166243 6.506185 70.35516 526.8146 2731.682 9810.367 24417.99 42231.69 51274.16 45385.6 32920.47 24108.75 18975.04 13539.14 7833.309 3769.602 1636.358 662.5695 242.0598 76.89477 20.7823 4.670472 
1.443023e-05 0.0006787284 0.02210574 0.4985404 7.785426 84.18846 630.4012 3268.886 11740.76 29233.71 50635.66 61831.28 55869.98 42943.94 34461.63 28903.58 21046.15 12137.68 5729.579 2403.157 929.8286 322.4912 97.20559 25.18939 5.532723 
2e-05 0.0009407034 0.03063809 0.6909665 10.79043 116.6833 873.7196 4530.54 16271.48 40507.78 70114.82 85388.62 76425.83 57239.76 44222.84 36329.89 26603.73 15822.48 7906.753 3543.958 1432.075 500.2032 147.4203 36.66983 7.675861 
2.825034e-05 0.00132876 0.04327683 0.976002 15.24167 164.8172 1234.143 6399.447 22983.49 57215.47 99021.5 120532.7 107687.6 80236.71 61443.54 50049.68 36322.03 21291.67 10423.08 4604.169 1875.907 677.295 208.7193 53.84833 11.43001 
3.137806e-05 0.001475872 0.0480682 1.08406 16.92915 183.0651 1370.789 7108.144 25530.74 63576.22 110163.6 134725.2 122392.5 95454.36 78276.51 66717.08 49141.88 28809.3 13989.91 6092.234 2440.178 867.7509 265.5357 69.0047 14.9669 
2.850338e-05 0.001340661 0.04366447 0.9847444 15.37821 166.2942 1245.218 6457.2 23195.51 57788.78 100324.5 123583.5 115127.9 95735 85550.07 77063.83 58513.54 35461.64 18091.23 8319.794 3456.13 1243.724 378.8645 97.36399 20.91313 
2.162083e-05 0.00101694 0.03312106 0.7469639 11.66493 126.1403 944.5502 4898.173 17596.85 43856.83 76250.06 94455.72 89677.49 78013.83 73635.4 68724.14 53639.21 33883.13 18444.22 9142.928 4058.213 1544.019 493.3975 131.4264 28.78261 
2.437652e-05 0.001146554 0.03734251 0.8421682 13.15167 142.217 1064.921 5522.112 19834.55 49396.11 85623.13 104858.5 95737.36 75729.73 63649.55 55972.05 43427.18 28177.68 16136.43 8506.823 4021.106 1634.701 560.2057 159.559 37.00933 
2.380666e-05 0.001119751 0.03646955 0.8224808 12.84423 138.8925 1040.03 5393.116 19372.23 48254.78 83713.13 102840.3 94912.59 77128.87 66983.37 59452.87 45109.47 27664.38 14589.75 7183.552 3333.708 1394.03 504.546 153.2939 37.97765 
2.181952e-05 0.001026285 0.03342543 0.7538283 11.77212 127.2992 953.2217 4943.007 17756.01 44234.67 76778.45 94506.96 87816.29 72590.21 64476.06 58123.88 44618.09 27765.85 14853.03 7284.988 3266.208 1295.066 448.3231 134.3603 33.95892 
2.055376e-05 0.0009667498 0.03148641 0.7100983 11.08921 119.9145 897.925 4656.264 16726.03 41669.09 72327.86 89040.74 82777.15 68516.7 61003.2 55192.29 42666.86 26933.98 14747.83 7427.462 3398.429 1357.744 465.1931 135.6504 33.17401 
2.533185e-05 0.001191488 0.03880598 0.8751733 13.66709 147.7905 1106.653 5738.484 20611.27 51325.97 88937.64 108772.7 98843.26 77196.82 63644.11 55039.78 41959.61 26476.14 14590.6 7436.552 3461.137 1412.438 494.3512 146.2537 35.84503 
2.647309e-05 0.001245166 0.04055425 0.9146012 14.28282 154.4489 1156.516 5997.13 21541.52 53654.95 93058.43 114212.6 105062.4 84668.02 72722.26 64088.58 48417.25 29510.84 15369.31 7404.698 3337.1 1352.282 477.3193 143.4752 35.78852 
2.646042e-05 0.001244571 0.04053485 0.9141636 14.27599 154.3751 1155.965 5994.326 21532.16 53638.56 93077.34 114458.9 106004.2 86911.31 76407.66 68477.52 52453.54 32604.93 17411.23 8507.434 3784.646 1479.253 500.9381 146.201 36.06188 
2.886555e-05 0.001357696 0.04421928 0.9972568 15.5736 168.4069 1261.034 6539.104 23488.21 58503 101462.1 124505 114466.9 92149.31 79169.5 70153.99 53814.67 33845.69 18470.66 9273.303 4231.761 1685.085 573.846 165.5354 39.83345 
2.944387e-05 0.001384898 0.04510521 1.017237 15.88562 171.781 1286.301 6670.18 23959.72 59684.28 103557.6 127296.4 117733.6 96203.1 84217.83 75306.4 57679.51 35942.22 19349.78 9627.89 4409.944 1784.44 621.4411 183.0446 44.60821 
2.881175e-05 0.001355166 0.04413687 0.9953983 15.54459 168.0933 1258.69 6527.062 23446.51 58414.45 101413.1 124936.8 116434.4 96954.41 86952.86 78965.17 61075.84 38507.32 21045.01 10593.7 4863.959 1961.18 681.7973 201.9385 49.84618 
2.764854e-05 0.001300454 0.04235494 0.9552114 14.91701 161.307 1207.875 6263.578 22500.35 56060.42 97348.35 120033.2 112197.4 94114.11 85218.37 77964.34 60775.59 38832.26 21664.99 11159.66 5225.471 2138.988 751.2524 223.6758 55.3493 
2.238845e-05 0.001053045 0.03429697 0.7734838 12.07907 130.6188 978.0861 5072.097 18221.91 45416.93 78977.97 97907.97 93188.69 81548.5 77543.52 72842.34 57378.77 36927.33 20804.59 10861.47 5171.947 2159.748 774.8151 235.1308 59.03752 
#survey length counts 
1.592634e-06 7.49098e-05 0.002439763 0.05502284 0.8592606 9.29169 69.57573 360.7736 1295.712 3225.569 5582.447 6795.337 6072.049 4528.055 3480.318 2865.69 2134.243 1322.527 712.7315 355.1163 162.6304 65.8531 23.07919 6.908358 1.729929 
3.679245e-06 0.000173054 0.005636254 0.1271118 1.985031 21.46524 160.7287 833.3917 2992.527 7443.896 12843.71 15448.85 13207.88 8590.661 5062.008 3267.291 2179.622 1302.657 691.5393 341.205 155.208 62.53098 21.80581 6.488887 1.613328 
3.521878e-06 0.0001656521 0.005395182 0.121675 1.90013 20.54723 153.8567 797.8002 2865.303 7133.126 12346.46 15034.71 13451.56 10058.96 7731.444 6269.473 4455.569 2484.616 1109.977 438.6851 167.463 61.58728 20.69687 6.067071 1.496272 
6.211988e-06 0.000292182 0.009516175 0.2146138 3.351501 36.24166 271.3732 1407.107 5052.83 12571.01 21704.53 26175.45 22601.62 15192.36 9641.511 6745.725 4678.227 2811.925 1463.509 682.6426 279.4672 96.26646 27.82883 6.962117 1.532417 
7.842107e-06 0.0003688549 0.01201336 0.2709317 4.230986 45.75208 342.5875 1776.394 6379.351 15875.59 27439.5 33230.62 29142.66 20558.87 14319.82 10795.56 7510.448 4237.803 1965.406 818.8889 323.859 117.7505 37.11897 9.744758 2.08281 
9.078331e-06 0.0004270009 0.01390714 0.3136412 4.897956 52.96444 396.5937 2056.444 7385.271 18381 31784.19 38559.85 34035.72 24486.96 17691.73 13807.96 9873.364 5779.631 2830.967 1239.161 490.9282 169.7377 50.20654 12.74032 2.74804 
1.044947e-05 0.0004914929 0.0160076 0.3610119 5.637717 60.9639 456.4931 2367.038 8500.703 21157.18 36584.74 44383.97 39177.59 28191.14 20384.87 15951.22 11480.03 6819.438 3435.139 1566.189 649.7037 234.6863 71.61819 18.27627 3.860476 
1.54942e-05 0.0007287726 0.02373564 0.5352988 8.359455 90.39554 676.8723 3509.705 12603.54 31360.63 54173.91 65465.66 56956.36 39214.07 26117.89 19061.4 13325.92 7854.638 3958.44 1817.476 765.9132 284.059 89.88397 23.88772 5.231359 
2.477983e-05 0.001165524 0.03796035 0.8561018 13.36925 144.5693 1082.518 5613.033 20156.4 50150.98 86612.91 104569.7 90663.46 61731.31 40162.12 28556.7 19503.16 11118.09 5310.191 2290.408 922.9371 336.2671 106.6763 28.81044 6.471956 
2.999437e-05 0.001410791 0.04594852 1.036255 16.18261 174.9919 1310.325 6794.358 24400.1 60725.22 104981.1 127246.3 111945.7 79734.39 56535.96 43310.43 30435.82 17343.77 8132.23 3389.57 1304.952 451.2699 135.8161 35.16523 7.72002 
4.135939e-05 0.001945346 0.06335866 1.428898 22.31428 241.2971 1806.809 9368.68 33644.07 83720.95 144667.6 175028.3 152947.5 106748.7 72992.43 54490.69 38372.12 22516.79 11169.58 4975.975 2002.103 697.6422 205.3491 51.0401 10.67856 
5.789453e-05 0.00272308 0.08868892 2.000159 31.23535 337.7656 2529.156 13114.18 47094.39 117188.9 202483.9 244905.4 213771.2 148673.7 100918.1 74699.79 52118.77 30144.79 14650.58 6431.419 2608.446 939.3918 289.1177 74.53806 15.81496 
6.591167e-05 0.003100167 0.1009704 2.277138 35.56077 384.5393 2879.401 14930.47 53619.61 133453.2 230771.2 279992.6 247224 178026 128767.5 100424.3 71478.63 41413.75 19971.96 8642.312 3445.022 1221.756 373.3393 96.94354 21.01685 
5.956107e-05 0.002801466 0.0912419 2.057736 32.1345 347.4895 2601.989 13492.29 48458.77 120648.5 208902.5 254750.5 229107.7 173909.3 137214.8 114484 84548.85 50726.58 25705.9 11750.87 4860.928 1745.228 530.9821 136.3564 29.27475 
4.572687e-05 0.002150772 0.07004923 1.579788 24.67066 266.7788 1997.638 10358.67 37206.44 92656.61 160593.1 196586.4 179207.8 141128.9 117677.8 102371.7 77945.81 48764.87 26362.43 12992.45 5745.414 2181.656 696.4203 185.3865 40.58332 
5.088621e-05 0.002393442 0.07795284 1.758034 27.45422 296.8784 2223.006 11526.93 41397.19 103039.6 178224.8 216455.8 191841.8 139781.5 103601.7 83568.31 62726.42 40204.49 22851.85 11980.31 5644.247 2290.656 784.2811 223.2585 51.7668 
5.005637e-05 0.00235441 0.0766816 1.729364 27.00651 292.0372 2186.76 11339.08 40724.01 101378.2 175447.6 213536.6 190705.9 141970 108706.9 88946.62 65483.18 39720.34 20796.68 10175.06 4702.042 1961.955 709.3522 215.4007 53.34766 
4.682727e-05 0.002202529 0.07173493 1.617804 25.26434 273.1983 2045.698 10607.68 38097.96 94848.45 164198.4 200088.1 179480.1 135288.3 105722 87971.59 65579.65 40367.84 21437.45 10449.84 4666.153 1846.136 638.3499 191.1819 48.30146 
4.47329e-05 0.00210402 0.06852656 1.545447 24.13438 260.9793 1954.203 10133.25 36394 90606.2 156853.9 191136.1 171445.8 129238.3 101064.4 84316.38 63271.68 39495.87 21464.03 10743.47 4896.39 1952.196 668.135 194.7026 47.5967 
5.444801e-05 0.002560972 0.08340918 1.881088 29.37588 317.6584 2378.603 12333.68 44293.73 110241.4 190627.2 231262.4 204132.2 146931.4 106499.5 84065.85 61851.56 38526.94 21065.23 10670.77 4947.371 2014.944 704.495 208.2999 51.03347 
5.76948e-05 0.002713685 0.08838295 1.993259 31.1276 336.601 2520.449 13069.32 46937.42 116838.9 202156.9 245821.6 218821.3 161381.5 121691.7 98413.32 71994.76 43373.75 22419.12 10729.78 4813.783 1946.037 686.0841 206.095 51.38962 
5.814559e-05 0.002734888 0.08907351 2.008833 31.37082 339.2311 2540.147 13171.53 47305.49 117765 203826.7 248170.4 221942.2 165891.2 127935.3 105472.1 78337.69 48141.2 25514.08 12387.54 5487.696 2140.101 723.8595 211.1122 52.05083 
6.353764e-05 0.002988505 0.09733363 2.19512 34.27994 370.6891 2775.698 14392.86 51690.63 128669.3 222615.2 270648.7 240768.2 177289.6 133535.3 108440.8 80494.45 50013.74 27081.59 13510.83 6140.759 2440.118 830.045 239.2838 57.55675 
6.588231e-05 0.003098786 0.1009254 2.276124 35.54494 384.3684 2878.131 14924.07 53599.39 133430 230915.9 281042 250982.6 186845.8 143182 117527.6 87203.08 53701.47 28684.49 14178.63 6466.486 2610.743 908.1583 267.323 65.12187 
6.461617e-05 0.003039233 0.09898583 2.232381 34.86184 376.9817 2822.825 14637.38 52571.04 130882.8 226595.2 276196.3 247987 187445.3 147185.6 123103.9 92392.61 57590.83 31230.57 15619.9 7142.11 2873.516 997.8228 295.344 72.87334 
6.175638e-05 0.002904722 0.0946049 2.13358 33.31892 360.2973 2697.894 13989.6 50245.03 125097 216613.1 264193.3 237741.2 180837 143454.6 121061.6 91637.09 57892.15 32048.55 16404.77 7651.381 3125.637 1096.596 326.291 80.71097 
5.073942e-05 0.002386538 0.07772798 1.752963 27.37504 296.0229 2216.618 11494.17 41284.89 102812.7 178191.2 218108 198764.5 156424.5 130406.8 113717.9 87248.36 55560.49 31060.93 16113.36 7642.569 3184.978 1141.398 346.1629 86.88388 
5.438696e-05 0.002558101 0.08331566 1.878979 29.34295 317.3026 2375.946 12320.06 44247.06 110147.4 190616 231964.1 207071.3 154060.3 118267.7 98129.09 74916.96 48873.17 28465.26 15367.45 7493.398 3183.978 1161.543 358.9818 91.8692 
