# Number of parameters = 78 Objective function value = 23470.5291151820  Maximum gradient component = 0.0326716460154854
# srv_sel50:
1.22564587755
# srv_sel95:
2.25061045367
# stNatLen:
 12.0829489372 10.9645691741 9.56733024110 8.46508633410 7.66410389563 7.07237003010 6.62140134335 6.26924664564 5.99058933338 5.76967529801 5.59633730179 5.46384124652 5.36769844057 5.30499507822 5.27400569323
# log_avg_fmort_dir:
0.531265591850
# fmort_dir_dev:
 -0.729181532909 -0.328326015489 -0.433187916209 -0.214027247571 -0.230375275131 -0.210172540577 -0.162263747849 -0.348138778582 -0.0895869309084 -0.0478186813660 -0.114620885287 -0.225009289754 0.0504840862211 -0.000292501387317 0.162039061888 0.0533923513000 0.171172950850 0.261578707387 0.318621761887 0.255003809904 0.287136271036 0.316827474334 0.312071700473 0.437803730431 0.236392093876 0.381346862770 0.165924065441 -0.276793584778
# mean_log_rec:
14.0950161471
# rec_dev:
 -1.62038358667 -1.33541465609 -1.08478986949 -0.887938487981 -0.758054402738 -0.590298275662 -0.410383334894 -0.272266966665 -0.225596305082 -0.140529018175 0.0821174883447 0.171832089821 0.177021673420 0.286039787685 0.274308404686 0.378598515330 0.341414584165 0.324198920068 0.309648021993 0.381175910840 0.438766920302 0.518388050563 0.462883644169 0.436558881418 0.562647565020 0.542839621562 0.818607412337 0.818607411724
# log_avg_NatM:
-0.238135293980
# m_dev:
 0.00000000000 0.00000000000 0.00000000000 0.00000000000 0.00000000000 0.00000000000 0.00000000000 0.00000000000 0.00000000000 0.00000000000 0.00000000000 0.00000000000 0.00000000000 0.00000000000 0.00000000000 0.00000000000 0.00000000000 0.00000000000 0.00000000000 0.00000000000 0.00000000000 0.00000000000 0.00000000000 0.00000000000 0.00000000000 0.00000000000 0.00000000000 0.00000000000
# log_avg_GrowthK:
-1.19807800000
# log_avg_Linf:
3.45748100000
# GrowthK_dev:
 0.00000000000 0.00000000000 0.00000000000 0.00000000000 0.00000000000 0.00000000000 0.00000000000 0.00000000000 0.00000000000 0.00000000000 0.00000000000 0.00000000000 0.00000000000 0.00000000000 0.00000000000 0.00000000000 0.00000000000 0.00000000000 0.00000000000 0.00000000000 0.00000000000 0.00000000000 0.00000000000 0.00000000000 0.00000000000 0.00000000000 0.00000000000 0.00000000000
# Linf_dev:
 0.00000000000 0.00000000000 0.00000000000 0.00000000000 0.00000000000 0.00000000000 0.00000000000 0.00000000000 0.00000000000 0.00000000000 0.00000000000 0.00000000000 0.00000000000 0.00000000000 0.00000000000 0.00000000000 0.00000000000 0.00000000000 0.00000000000 0.00000000000 0.00000000000 0.00000000000 0.00000000000 0.00000000000 0.00000000000 0.00000000000 0.00000000000 0.00000000000
# SelPars50:
1.05256898497
# SelPars95:
1.17644876313
# SelPars_dev50:
 0.00000000000 0.00000000000 0.00000000000 0.00000000000 0.00000000000 0.00000000000 0.00000000000 0.00000000000 0.00000000000 0.00000000000 0.00000000000 0.00000000000 0.00000000000 0.00000000000 0.00000000000 0.00000000000 0.00000000000 0.00000000000 0.00000000000 0.00000000000 0.00000000000 0.00000000000 0.00000000000 0.00000000000 0.00000000000 0.00000000000 0.00000000000 0.00000000000
# SelPars_dev95:
 0.00000000000 0.00000000000 0.00000000000 0.00000000000 0.00000000000 0.00000000000 0.00000000000 0.00000000000 0.00000000000 0.00000000000 0.00000000000 0.00000000000 0.00000000000 0.00000000000 0.00000000000 0.00000000000 0.00000000000 0.00000000000 0.00000000000 0.00000000000 0.00000000000 0.00000000000 0.00000000000 0.00000000000 0.00000000000 0.00000000000 0.00000000000 0.00000000000
