#Simulated generalized assessment 
# 
#start/end year 
69 97 
#number of ages 
15 
#ages 
1 2 3 4 5 6 7 8 9 10 11 12 13 14 15 
#Number of length bins 
25 
#CPUE years 
29 
#years for CPUE 
69 70 71 72 73 74 75 76 77 78 79 80 81 82 83 84 85 86 87 88 89 90 91 92 93 94 95 96 97 
#survey years 
29 
#years for survey 
69 70 71 72 73 74 75 76 77 78 79 80 81 82 83 84 85 86 87 88 89 90 91 92 93 94 95 96 97 
#length freq from catch years 
29 
#years for length freq catch 
69 70 71 72 73 74 75 76 77 78 79 80 81 82 83 84 85 86 87 88 89 90 91 92 93 94 95 96 97 
#catch length sample sizes 
200 200 200 200 200 200 200 200 200 200 200 200 200 200 200 200 200 200 200 200 200 200 200 200 200 200 200 200 200 
#length freq from survey years 
29 
#years for length freq survey 
69 70 71 72 73 74 75 76 77 78 79 80 81 82 83 84 85 86 87 88 89 90 91 92 93 94 95 96 97 
#survey sample sizes 
200 200 200 200 200 200 200 200 200 200 200 200 200 200 200 200 200 200 200 200 200 200 200 200 200 200 200 200 200 
#total survey biomass 
7814.547 6699.771 9592.425 14389.11 10235.38 18246.65 8875.173 17879.81 32469.99 33425.66 40217.96 64910.37 83634.72 52861.47 56222.05 55266.44 63484.45 66287.83 62987.15 51927.67 63736.35 71020.33 70075.9 79714.6 61651.9 63755.69 67865.97 90374.42 81419.51 
#survey CV 
0.2 0.2 0.2 0.2 0.2 0.2 0.2 0.2 0.2 0.2 0.2 0.2 0.2 0.2 0.2 0.2 0.2 0.2 0.2 0.2 0.2 0.2 0.2 0.2 0.2 0.2 0.2 0.2 0.2 
#total CPUE 
4076.89 3916.502 4911.149 7680.044 9770.983 8009.049 8977.054 9094.089 15961.06 21982.21 13371.15 39892.74 47572.32 39281.02 34330.77 16340.05 36690.84 30539.65 24285.7 31102.87 29257.08 41066.05 24934.67 52798.37 26238.72 36174.94 43622.27 43026.29 44664.48 
#CPUE CV 
0.2 0.2 0.2 0.2 0.2 0.2 0.2 0.2 0.2 0.2 0.2 0.2 0.2 0.2 0.2 0.2 0.2 0.2 0.2 0.2 0.2 0.2 0.2 0.2 0.2 0.2 0.2 0.2 0.2 
#total catch biomass 
3406.714 3402.561 3662.655 4727.548 5760.403 8524.387 9210.918 8227.858 8467.666 18814.13 24000.66 19012.09 33679.63 49883.98 43833.88 39785.55 27823.87 39335.53 35081.28 30751.34 35695.39 35399.36 42763.32 41846.69 46525.15 48821.22 42151.83 39112.06 13320.05 
#catch CV 
0.05 0.05 0.05 0.05 0.05 0.05 0.05 0.05 0.05 0.05 0.05 0.05 0.05 0.05 0.05 0.05 0.05 0.05 0.05 0.05 0.05 0.05 0.05 0.05 0.05 0.05 0.05 0.05 0.05 
#Length Bins 
0.6062379 1.818714 3.03119 4.243665 5.456141 6.668617 7.881093 9.093569 10.30604 11.51852 12.731 13.94347 15.15595 16.36842 17.5809 18.79338 20.00585 21.21833 22.4308 23.64328 24.85575 26.06823 27.28071 28.49318 29.70566 
#catch length counts 
7.773756e-36 3.804715e-29 4.281126e-23 1.107487e-17 6.586638e-13 9.006038e-09 2.831056e-05 0.0204601 3.399475 129.8556 1140.392 2302.644 1090.031 679.3743 3455.311 4871.378 1941.623 1437.67 1144.169 443.7829 194.109 59.90144 13.56134 1.901485 0.1372581 
8.073872e-36 3.951601e-29 4.446404e-23 1.150243e-17 6.840924e-13 9.353728e-09 2.940352e-05 0.02124999 3.530716 134.8688 1184.418 2391.537 1131.686 694.2622 3519.43 4960.299 1955.997 1388.086 1093.913 409.6623 173.2076 52.37312 11.53699 1.561525 0.1083502 
1.2638e-35 6.185427e-29 6.959941e-23 1.800471e-17 1.070808e-12 1.464136e-08 4.602524e-05 0.03326254 5.526617 211.1097 1853.965 3743.361 1759.509 770.2464 3576.154 5036.816 1968.247 1344.998 1050.238 379.733 153.908 44.71135 9.488519 1.245829 0.08353862 
1.503235e-35 7.357293e-29 8.278543e-23 2.141581e-17 1.273678e-12 1.741525e-08 5.474499e-05 0.03956432 6.573668 251.1057 2205.21 4452.626 2100.103 1108.616 5428.742 7635.376 2790.435 1347.814 996.2391 348.557 135.6084 37.71618 7.598646 0.9542032 0.06173783 
2.219003e-35 1.086048e-28 1.222039e-22 3.161299e-17 1.880143e-12 2.570756e-08 8.081193e-05 0.05840296 9.703734 370.6701 3255.226 6572.66 3089.296 1350.261 6265.8 8816.135 3311.103 1872.006 1386.952 400.5164 122.1957 31.73222 6.055425 0.7197608 0.04433076 
2.728537e-35 1.33543e-28 1.502647e-22 3.887206e-17 2.311867e-12 3.16106e-08 9.93682e-05 0.07181361 11.93193 455.7845 4002.7 8081.975 3808.196 1913.368 9249.808 13006.57 4720.326 2175.788 1571.108 486.1148 155.7584 33.76792 5.189317 0.5623457 0.03264949 
2.124569e-35 1.039829e-28 1.170032e-22 3.026763e-17 1.800129e-12 2.461352e-08 7.73728e-05 0.05591749 9.29077 354.8954 3116.693 6293.195 2986.638 2058.145 10672.98 15018.54 5535.356 2813.081 2042.136 568.4446 158.6796 35.24767 5.203996 0.464823 0.0230444 
1.660625e-35 8.127609e-29 9.145315e-23 2.365807e-17 1.407034e-12 1.923865e-08 6.047685e-05 0.04370675 7.261938 277.3967 2436.098 4918.937 2333.48 1583.098 8186.171 11534.82 4489.544 3010.802 2284.136 662.0577 191.9864 38.98349 5.201052 0.4475831 0.0196985 
6.019475e-35 2.946116e-28 3.315017e-22 8.575635e-17 5.100251e-12 6.973672e-08 0.000219218 0.1584293 26.32325 1005.514 8830.428 17829.04 8314.709 1920.342 6355.907 8930.408 3452.551 2250.398 1730.049 577.6892 201.9144 43.37055 5.768921 0.4556118 0.01851271 
8.638773e-35 4.228081e-28 4.757504e-22 1.230721e-16 7.319561e-12 1.000818e-07 0.0003146079 0.2273678 37.77748 1443.051 12672.88 25587.83 12014.6 4930.058 22397.37 31427.82 10561.19 2243.73 1273.199 413.5824 146.3054 35.94655 5.609083 0.4652459 0.01822596 
4.068511e-35 1.991254e-28 2.240591e-22 5.796198e-17 3.447216e-12 4.713445e-08 0.0001481675 0.107081 17.79166 679.6185 5968.413 12051.98 5790.823 5839.464 32029.77 45040.67 15968.47 6173.752 4146.607 887.4413 127.4242 25.21513 4.137021 0.3935625 0.01711033 
1.080949e-34 5.290496e-28 5.952951e-22 1.539972e-16 9.158791e-12 1.252299e-07 0.0003936614 0.2844999 47.27006 1805.655 15857.27 32016.72 14949.53 3936.309 14393.52 20274.79 8393.737 7078.33 5429.031 1374.317 298.3147 43.98125 3.458975 0.2552311 0.01183986 
1.846338e-34 9.036543e-28 1.016806e-21 2.630382e-16 1.564386e-11 2.139016e-07 0.0006724015 0.485946 80.74061 3084.188 27085.34 54687.47 25609.43 8704.307 36678.6 51451.28 17379.36 3996.11 2399.957 886.7687 333.774 62.40254 5.997519 0.312022 0.008613105 
1.460226e-34 7.146796e-28 8.041689e-22 2.080309e-16 1.237238e-11 1.691699e-07 0.000531787 0.3843236 63.85591 2439.214 21421.18 43252.89 20464.45 12475.99 63156.91 88724.66 30635.99 9242.949 5809.186 1257.748 195.7547 43.31053 6.712523 0.4580554 0.01268714 
1.398472e-34 6.84455e-28 7.701597e-22 1.99233e-16 1.184914e-11 1.620155e-07 0.0005092972 0.3680702 61.15538 2336.057 20515.25 41423.11 19533.34 10204.78 49840.26 70126.16 26052.94 13857.79 9964.508 2314.656 408.4794 58.14665 4.958994 0.3808471 0.01485061 
8.156998e-35 3.992285e-28 4.492183e-22 1.162085e-16 6.911357e-12 9.450032e-08 0.0002970626 0.2146878 35.67067 1362.574 11966.13 24162.21 11504.01 8890.262 47012.49 66134.44 23989.88 11016.32 7883.017 2259.109 622.4577 102.678 8.426141 0.4193769 0.01211535 
1.411047e-34 6.906099e-28 7.770853e-22 2.010246e-16 1.195569e-11 1.634724e-07 0.0005138769 0.37138 61.70531 2357.063 20699.73 41794.42 19572.66 6675.575 28176.1 39656.4 15389.11 10182.93 7655.614 2069.594 538.6432 107.5784 12.68308 0.7364289 0.01817433 
1.087633e-34 5.32321e-28 5.98976e-22 1.549494e-16 9.215424e-12 1.260043e-07 0.0003960955 0.2862591 47.56235 1816.82 15955.32 32216.44 15244.74 9346.443 47370.51 66546.51 22958.18 6876.425 4483.204 1431.774 470.5057 93.46236 11.24509 0.808873 0.02585808 
1.102891e-34 5.397888e-28 6.07379e-22 1.571232e-16 9.344705e-12 1.27772e-07 0.0004016523 0.290275 48.22959 1842.308 16179.16 32667.79 15387.38 7585.713 36483.49 51329.44 19077.21 10170.02 7313.567 1699.363 321.7604 66.85285 9.575747 0.72313 0.02547176 
1.293476e-34 6.330668e-28 7.123369e-22 1.842748e-16 1.095951e-11 1.498516e-07 0.0004710597 0.3404358 56.56389 2160.668 18974.99 38312.69 18018.78 8163.322 38309.58 53852.23 19417.71 8553.926 6075.336 1749.07 485.5961 81.57261 7.892332 0.5953607 0.02339624 
1.002017e-34 4.904177e-28 5.518259e-22 1.427521e-16 8.490005e-12 1.160855e-07 0.0003649157 0.2637254 43.81834 1673.804 14699.35 29680.42 14042.97 8564.749 43361.6 60958.64 21699.18 8675.861 5983.621 1583.553 398.2614 79.37463 9.489153 0.5926288 0.01875835 
1.601191e-34 7.836718e-28 8.818e-22 2.281133e-16 1.356675e-11 1.855009e-07 0.0005831235 0.4214246 70.0203 2674.685 23489.09 47426.5 22225.92 7994.033 34530.4 48554.75 18065.54 9695.44 7041.893 1800.759 415.2863 76.22227 8.916015 0.6421327 0.02135668 
1.307205e-34 6.397864e-28 7.198979e-22 1.862308e-16 1.107584e-11 1.514421e-07 0.0004760596 0.3440493 57.16428 2183.602 19176.4 38720.21 18308.14 10855.67 54627.72 76749.5 26639.32 8500.372 5583.409 1607.104 455.1997 83.49963 8.94611 0.6045443 0.02081481 
1.495497e-34 7.319423e-28 8.235932e-22 2.130558e-16 1.267122e-11 1.732561e-07 0.0005446321 0.3936068 65.39832 2498.132 21938.6 44296.54 20831.25 9390.727 44002.94 61892.16 22878.86 11822.01 8473.024 2004.343 390.7427 74.08657 9.209057 0.623803 0.02008232 
1.783194e-34 8.727497e-28 9.820319e-22 2.540424e-16 1.510885e-11 2.065862e-07 0.0006494056 0.4693268 77.97932 2978.71 26159.03 52818 24828.31 10922.12 50786.72 71367.91 25429.11 10249.63 7133.955 2021.937 550.2408 93.30057 8.9262 0.6057553 0.02102983 
1.457748e-34 7.134667e-28 8.028041e-22 2.076779e-16 1.235138e-11 1.688828e-07 0.0005308845 0.3836714 63.74754 2435.074 21384.83 43179.46 20425.95 12354.65 62438.97 87775.45 31217.62 12392.67 8508.64 2185.328 516.8133 100.532 11.86967 0.7375817 0.02219062 
1.396568e-34 6.835235e-28 7.691115e-22 1.989619e-16 1.183301e-11 1.61795e-07 0.000508604 0.3675692 61.07214 2332.877 20487.33 41366.73 19505.93 10169.06 49639.03 69840.44 25910.59 13679.3 9905.569 2521.254 572.5855 101.643 11.25577 0.7872699 0.0258501 
1.439842e-34 7.047028e-28 7.929428e-22 2.051268e-16 1.219966e-11 1.668083e-07 0.0005243634 0.3789585 62.96449 2405.163 21122.14 42648.27 20083.94 9783.037 46894.94 65937.52 23919.03 10985.49 7858.518 2247.644 627.9578 114.2109 11.96143 0.7747496 0.0255255 
4.842132e-35 2.369888e-28 2.666636e-22 6.898335e-17 4.102698e-12 5.609698e-08 0.0001763413 0.1274423 21.17471 808.8468 7103.294 14342.46 6755.364 3322.247 15967.61 22456.81 8221.055 4006.841 2882.108 785.5378 207.8207 41.88965 5.172371 0.3454024 0.01079921 
#survey length counts 
3.950818e-35 1.933652e-28 2.175776e-22 5.628526e-17 3.347495e-12 4.577095e-08 0.0001438814 0.1039834 17.27698 659.9586 5795.757 11701.97 5465.029 1466.488 5430.249 7636.05 2955.501 1938.022 1512.717 565.7969 239.1353 72.43442 15.98945 2.167788 0.1506061 
5.923705e-35 2.899243e-28 3.262274e-22 8.439196e-17 5.019106e-12 6.86272e-08 0.0002157302 0.1559087 25.90445 989.5165 8689.934 17545.33 8177.02 1746.338 5378.704 7551.973 2901.312 1838.76 1422.277 513.8299 208.2508 60.60935 12.89059 1.695419 0.1138306 
6.787529e-35 3.322025e-28 3.737995e-22 9.669841e-17 5.751017e-12 7.863476e-08 0.0002471891 0.1786441 29.68196 1133.813 9957.144 20103.98 9380.631 2298.396 7979.02 11196.23 4047.453 1818.06 1325.824 463.6044 180.4156 50.27289 10.15155 1.277043 0.08273435 
9.753094e-35 4.773464e-28 5.371178e-22 1.389473e-16 8.263716e-12 1.129914e-07 0.0003551894 0.2566961 42.65042 1629.191 14307.56 28887.56 13464.39 2910.247 9069.262 12723.66 4718.523 2487.349 1823.121 526.3325 160.6562 41.79981 7.995256 0.9520463 0.05871685 
1.13036e-34 5.532328e-28 6.225064e-22 1.610365e-16 9.577445e-12 1.309543e-07 0.0004116559 0.2975046 49.4308 1888.193 16582.11 33480.11 15619.85 3769.969 12935.68 18147.69 6526.076 2821.637 2012.339 622.7261 199.7108 43.37271 6.683621 0.7257538 0.04219672 
8.624492e-35 4.221091e-28 4.749639e-22 1.228687e-16 7.307461e-12 9.991632e-08 0.0003140878 0.2269919 37.71503 1440.666 12651.93 25545.13 11947.8 3675.155 14747.5 20718.29 7560.324 3610.594 2593.15 722.0142 201.7997 44.91086 6.646583 0.5948231 0.02953792 
6.610504e-35 3.235384e-28 3.640505e-22 9.417644e-17 5.601025e-12 7.65839e-08 0.0002407422 0.1739849 28.90783 1104.242 9697.454 19579.83 9157.054 2798.317 11190.28 15740.5 6045.603 3820.223 2876.813 834.2798 242.2513 49.27576 6.591629 0.5683562 0.02505073 
2.327602e-34 1.1392e-27 1.281846e-21 3.316015e-16 1.972158e-11 2.69657e-07 0.0008476691 0.6126123 101.7864 3888.109 34145.38 68940.25 32052.68 4808.722 8595.76 11997.29 4581.697 2821.704 2153.647 719.8029 251.974 54.22127 7.230336 0.5721129 0.02328286 
3.270036e-34 1.600456e-27 1.800858e-21 4.658651e-16 2.770674e-11 3.788396e-07 0.001190886 0.8606556 142.9991 5462.383 47970.65 96854.72 45140.13 9664.185 29836.04 41756.34 13992.42 2840.106 1572.681 511.1249 181.1608 44.60681 6.976766 0.5796622 0.02274093 
1.467198e-34 7.180918e-28 8.080084e-22 2.090241e-16 1.243145e-11 1.699776e-07 0.000534326 0.3861586 64.16079 2450.86 21523.45 43458.24 20427.02 8946.244 41540.05 58358.82 20569.83 7570.939 5025.89 1075.917 154.9252 30.75398 5.059593 0.4821915 0.0209905 
3.787841e-34 1.853886e-27 2.086022e-21 5.396341e-16 3.209406e-11 4.388283e-07 0.001379461 0.9969391 165.6428 6327.343 55566.73 112190.7 52188.81 8559.643 18472.43 25889.25 10573.98 8525.382 6511.333 1650.135 359.1531 53.02633 4.183395 0.3096811 0.01438858 
6.503786e-34 3.183152e-27 3.581734e-21 9.265607e-16 5.510604e-11 7.534755e-07 0.002368557 1.711761 284.4115 10864.15 95409 192634 89704.04 17220.3 47122.8 65889.79 22194.88 4898.407 2885.738 1067.896 402.7846 75.42019 7.266485 0.3787465 0.0104771 
5.122296e-34 2.507009e-27 2.820927e-21 7.297471e-16 4.340079e-11 5.934274e-07 0.001865444 1.348161 223.9988 8556.465 75142.88 151718.4 70919.27 20721.95 80834.3 113384 38993.76 11253.86 6971.586 1509.895 235.7925 52.34097 8.129406 0.5554814 0.01540585 
4.874412e-34 2.385687e-27 2.684413e-21 6.944323e-16 4.130049e-11 5.647096e-07 0.001775169 1.282919 213.1587 8142.39 71506.47 144375.5 67405.16 17538.53 63608.3 89324.63 32922.16 16714.57 11928.97 2773.14 490.7938 69.98643 5.98867 0.4612356 0.01800635 
2.879329e-34 1.409232e-27 1.58569e-21 4.102031e-16 2.439632e-11 3.335756e-07 0.001048598 0.7578238 125.9135 4809.733 42239.08 85284.26 39956.76 14087.6 60336.64 84771.68 30539.88 13370.29 9481.004 2720.602 751.4696 124.137 10.2127 0.5094395 0.01474852 
4.890333e-34 2.393479e-27 2.693181e-21 6.967005e-16 4.143538e-11 5.66554e-07 0.001780967 1.287109 213.855 8168.985 71740.02 144845.6 67453.27 13025.73 35907.84 50369.13 19350.02 12234.71 9146.717 2476.081 646.392 129.3838 15.2912 0.8892314 0.02197754 
3.792411e-34 1.856123e-27 2.088539e-21 5.402852e-16 3.213279e-11 4.393578e-07 0.001381125 0.998142 165.8427 6334.978 55633.78 112328.3 52510.44 15440.39 60448.52 84789.88 29137.71 8354.019 5369.73 1717.503 565.8388 112.6182 13.58821 0.9792867 0.03134523 
3.917816e-34 1.9175e-27 2.157601e-21 5.58151e-16 3.319533e-11 4.538862e-07 0.001426795 1.031148 171.3267 6544.459 57473.44 116041.8 54151.64 13422.8 47010.31 66000.37 24326.75 12354.04 8815.061 2049.703 389.2832 81.10401 11.64596 0.8809835 0.03107767 
4.503124e-34 2.203967e-27 2.479939e-21 6.415368e-16 3.815459e-11 5.216952e-07 0.001639953 1.185198 196.9223 7522.177 66059.76 133377.8 62209.94 14584.56 48881.26 68558.69 24563.95 10332.34 7271.123 2096.285 583.5187 98.17813 9.529064 0.7206711 0.02836057 
3.547029e-34 1.736025e-27 1.953403e-21 5.053269e-16 3.005368e-11 4.109298e-07 0.001291761 0.9335587 155.1121 5925.083 52034.08 105060.2 49107.97 14312.29 55749.99 78249.84 27691.75 10558.13 7203.977 1908.502 481.34 96.14145 11.52176 0.7208403 0.02285885 
5.616938e-34 2.749102e-27 3.093333e-21 8.002162e-16 4.759185e-11 6.507326e-07 0.002045583 1.478348 245.6295 9382.732 82399.15 166366.9 77494.08 15455.31 44260.28 62043.97 22896.81 11721.24 8449.732 2163.095 500.2918 92.02086 10.79497 0.7789925 0.02594372 
4.55899e-34 2.231309e-27 2.510705e-21 6.494957e-16 3.862794e-11 5.281673e-07 0.001660298 1.199901 199.3653 7615.497 66879.3 135033.6 63106.46 18078.9 69720.77 97799.31 33801.22 10317.52 6687.416 1927.343 547.3772 100.5937 10.80801 0.7319366 0.02524113 
5.279645e-34 2.58402e-27 2.907581e-21 7.521638e-16 4.4734e-11 6.116566e-07 0.001922748 1.389574 230.8797 8819.306 77451.15 156377.5 72932.69 16972.79 56537.1 79337.21 29096.35 14331.42 10189.91 2412.379 471.7009 89.6572 11.17338 0.7582151 0.024448 
6.389964e-34 3.127444e-27 3.51905e-21 9.103451e-16 5.414163e-11 7.40289e-07 0.002327105 1.681804 279.4341 10674.02 93739.26 189263.8 88254.06 20103.92 65749.26 92175.01 32644.5 12531.31 8627.346 2447.942 667.7385 113.3998 10.88073 0.7401374 0.02573245 
5.107787e-34 2.499908e-27 2.812936e-21 7.2768e-16 4.327785e-11 5.917465e-07 0.00186016 1.344342 223.3643 8532.228 74930.03 151288.6 70713.86 20542.88 79871.36 112103.1 39644.09 15023.73 10206.43 2624.042 622.4127 121.3446 14.36294 0.8940777 0.02694521 
4.875985e-34 2.386457e-27 2.685279e-21 6.946563e-16 4.131381e-11 5.648917e-07 0.001775742 1.283333 213.2275 8145.017 71529.54 144422.1 67425.53 17507.47 63404.55 89034.7 32771 16510.81 11865.97 3023.504 688.6563 122.5003 13.60487 0.9535332 0.03135253 
5.122067e-34 2.506897e-27 2.820801e-21 7.297145e-16 4.339885e-11 5.934009e-07 0.001865361 1.3481 223.9888 8556.082 75139.52 151710.5 70790.57 17386.79 60470.99 84847.43 30564.35 13372.4 9477.998 2714.218 760.2017 138.5076 14.54567 0.9441064 0.03115547 
8.102454e-34 3.96559e-27 4.462145e-21 1.154315e-15 6.865142e-11 9.386841e-07 0.002950762 2.132522 354.3215 13534.63 118861.1 239984.9 111786.5 22322.38 64015.83 89671.58 32083.94 13350.14 9308.273 2519.223 659.1577 132.5802 16.3686 1.093548 0.03421506 
8.102454e-34 3.96559e-27 4.462145e-21 1.154315e-15 6.865142e-11 9.386841e-07 0.002950762 2.132522 354.3215 13534.63 118861.1 239984.9 111786.5 22322.38 64015.83 89671.58 32083.94 13350.14 9308.273 2519.223 659.1577 132.5802 16.3686 1.093548 0.03421506 
