#Simulated generalized assessment 
# 
#start/end year 
73 100 
#number of ages 
15 
#ages 
1 2 3 4 5 6 7 8 9 10 11 12 13 14 15 
#Number of length bins 
25 
#CPUE years 
28 
#years for CPUE 
73 74 75 76 77 78 79 80 81 82 83 84 85 86 87 88 89 90 91 92 93 94 95 96 97 98 99 100 
#survey years 
28 
#years for survey 
73 74 75 76 77 78 79 80 81 82 83 84 85 86 87 88 89 90 91 92 93 94 95 96 97 98 99 100 
#length freq from catch years 
28 
#years for length freq catch 
73 74 75 76 77 78 79 80 81 82 83 84 85 86 87 88 89 90 91 92 93 94 95 96 97 98 99 100 
#catch length sample sizes 
200 200 200 200 200 200 200 200 200 200 200 200 200 200 200 200 200 200 200 200 200 200 200 200 200 200 200 200 
#length freq from survey years 
28 
#years for length freq survey 
73 74 75 76 77 78 79 80 81 82 83 84 85 86 87 88 89 90 91 92 93 94 95 96 97 98 99 100 
#survey sample sizes 
200 200 200 200 200 200 200 200 200 200 200 200 200 200 200 200 200 200 200 200 200 200 200 200 200 200 200 200 
#total survey biomass 
50269.4 43216.6 36405.65 61205.34 96527.95 106387.7 125219.1 244783.8 313496 354839.9 491938.1 412172.2 366124.9 495006.8 327878 447024.8 368356.7 423138 328225.6 516269.9 349172.9 591037.8 503694.1 369465 343273.6 303503.6 442527.9 397071.6 
#survey CV 
0.2 0.2 0.2 0.2 0.2 0.2 0.2 0.2 0.2 0.2 0.2 0.2 0.2 0.2 0.2 0.2 0.2 0.2 0.2 0.2 0.2 0.2 0.2 0.2 0.2 0.2 0.2 0.2 
#total CPUE 
70089.1 62583.21 47023.93 46210.9 119281.9 163446.5 203467.7 276347.3 346438.7 308081.8 281252.6 423388.4 529626.4 384760.8 284088.8 376363.4 231850.4 454099.6 379271.8 405896.5 349906.5 447241.9 443303.9 289019.5 456448.3 510471.6 382662.6 435341.9 
#CPUE CV 
0.2 0.2 0.2 0.2 0.2 0.2 0.2 0.2 0.2 0.2 0.2 0.2 0.2 0.2 0.2 0.2 0.2 0.2 0.2 0.2 0.2 0.2 0.2 0.2 0.2 0.2 0.2 0.2 
#total catch biomass 
14363.76 16525.65 15553.47 11009.56 17108.34 37321.5 41198.13 60003.69 92742.86 133224.4 144997.2 160249.9 168919.4 174721.3 201902.5 200705.5 240441.7 171815.9 203434.1 169521.7 170330 182677.2 157415 207200 204827.1 205347.7 185256.9 214224.5 
#catch CV 
0.1 0.1 0.1 0.1 0.1 0.1 0.1 0.1 0.1 0.1 0.1 0.1 0.1 0.1 0.1 0.1 0.1 0.1 0.1 0.1 0.1 0.1 0.1 0.1 0.1 0.1 0.1 0.1 
#Length Bins 
0.6062379 1.818714 3.03119 4.243665 5.456141 6.668617 7.881093 9.093569 10.30604 11.51852 12.731 13.94347 15.15595 16.36842 17.5809 18.79338 20.00585 21.21833 22.4308 23.64328 24.85575 26.06823 27.28071 28.49318 29.70566 
#catch length counts 
1.940459e-06 9.126983e-05 0.002972599 0.06703964 1.046921 11.321 84.77183 439.5861 1578.988 3932.959 6821.768 8375.431 7718.922 6281.085 5593.136 5417.102 5033.207 4481.094 3983.018 3503.242 2973.134 2375.051 1717.962 1070.937 547.6175 
1.833131e-06 8.622164e-05 0.002808183 0.06333165 0.989016 10.69487 80.08437 415.2995 1492.041 3719.255 6470.648 8036.284 7699.454 6862.278 6758.407 6766.123 6087.576 5064.135 4216.105 3562.651 2965.848 2351.354 1698.917 1060.76 543.3723 
2.79376e-07 1.31405e-05 0.0004279781 0.009652031 0.150733 1.630078 12.20931 63.37871 228.6122 578.8769 1068.629 1616.432 2467.58 4044.029 5994.684 7173.993 7104.801 6371.933 5479.672 4515.335 3564.274 2701.239 1904.752 1178.288 602.2525 
4.436648e-10 2.086836e-08 6.797335e-07 1.533552e-05 0.0002398465 0.002609078 0.01999703 0.1131771 0.5419107 2.690598 13.90015 61.48288 206.897 526.2349 1074.775 1908.225 3018.177 4087.164 4593.261 4349.205 3615.565 2722.492 1857.933 1114.348 559.0234 
8.441804e-06 0.0003970618 0.01293204 0.2916501 4.55453 49.25054 368.7777 1912.073 6864.843 17066.44 29379.31 35021.08 28908.81 16534.65 6596.095 1984.739 846.3452 1106.51 1795.115 2420.053 2619.907 2302.657 1671.808 1008.45 497.8058 
7.113611e-06 0.00033459 0.01089738 0.2457635 3.837956 41.50231 310.7741 1611.61 5790.079 14433.79 25115.92 31210.69 29931.74 26574.59 25400.73 23170.22 16654.14 8725.637 3527.13 1648.504 1446.217 1511.283 1306.094 876.7735 453.9201 
1.354195e-05 0.0006369482 0.02074499 0.4678519 7.306177 79.00588 591.5891 3067.523 11016.02 27414.25 47382.56 57383.19 50348.66 35707.75 25672.31 21435.71 18551.43 14968.95 10645.37 6252.66 3014.6 1421.615 844.9103 556.09 309.1433 
1.467778e-05 0.0006903721 0.02248497 0.507093 7.918988 85.6328 641.2179 3325.005 11942.74 29740.88 51543.1 63077.04 57447.81 45163.79 37711.14 33278.51 26484.53 18498.05 12406.25 8299.714 5130.733 2710.145 1227.833 522.4192 222.2709 
2.469426e-05 0.001161499 0.03782926 0.8531456 13.32309 144.0704 1078.791 5593.877 20090.02 50009.7 86532.3 105247.1 93791.37 69544.83 53534.05 45754.79 37772.31 28436.61 20067.8 13266.38 8031.118 4394.186 2122.428 877.9422 309.312 
3.346957e-05 0.001574247 0.0512722 1.156318 18.05757 195.2675 1462.162 7581.985 27233.14 67820.24 117550.1 143916 131280.2 103706.2 87440.17 78341.64 63911.67 46149.76 31605.52 21100.32 13200.15 7417.619 3640.488 1521.656 528.5914 
3.637665e-05 0.001710982 0.05572558 1.256753 19.62601 212.2278 1589.158 8240.459 29597.41 73699.74 127683.8 156055.8 141515.4 110147.9 91348.13 82114.52 69094.94 52552.44 37655.64 25456.55 15791.19 8850.86 4399.956 1874.942 660.0922 
4.080969e-05 0.001919491 0.06251657 1.409907 22.01772 238.0907 1782.814 9244.54 33202.29 82661.35 143108.5 174430.4 156637.8 118660.8 94393.92 82281.1 68081.31 51351.44 37067.65 25758.68 16558.35 9532.478 4800.542 2060.187 731.6041 
4.64534e-05 0.002184944 0.07116219 1.604888 25.06263 271.0172 2029.369 10523.08 37795.13 94104.53 162979.1 198929.7 179530.4 137837.3 111681.3 97921.97 79962.77 58560.23 40843.93 27773.84 17834.27 10440.93 5393.744 2370.85 856.7467 
5.593011e-05 0.002630683 0.08567961 1.932292 30.17551 326.3054 2443.354 12669.52 45500.92 113256.9 195917.3 238041.3 211318.1 154888 116698.8 97475.26 78574.75 57641.93 40130.98 26873.57 16837.99 9660.147 4962.838 2201.741 809.5336 
6.253028e-05 0.002941123 0.09579045 2.160317 33.73645 364.8119 2731.688 14164.61 50870.22 126620.6 219026.8 266081.5 236071.6 172641.1 129196.7 106291.1 83161.02 58089.03 38294.86 24703.28 15173.63 8567.714 4327.077 1894.148 693.2931 
4.966208e-05 0.002335865 0.07607759 1.715742 26.7938 289.7377 2169.561 11250.29 40410.71 100653.6 174571.4 214255.9 197132.4 159185.4 138061.4 125180.7 101148.4 70685.04 45688.14 28377.82 16607.99 8954.704 4367.362 1866.989 672.437 
6.453276e-05 0.00303531 0.09885806 2.229499 34.81683 376.4945 2819.164 14618.13 52498.09 130663.7 225960 274223 242420.6 175617.6 130137 108555 89652.8 68539.16 49200.4 32637.04 19363.51 10200.33 4773.507 1953.955 678.9411 
4.242292e-05 0.00199537 0.06498789 1.465642 22.88811 247.503 1853.303 9610.262 34518.78 85968.31 149034.3 182596.4 166985.5 132725.3 112609.9 100575 80634.21 56379.99 37292.55 24458.02 15273.79 8564.929 4148.503 1694.96 574.027 
4.860431e-05 0.002286113 0.07445719 1.679198 26.22309 283.5659 2123.332 11010.27 39544.32 98453.68 170470 207879.8 187002.8 142401.3 114358.2 100753.7 84285.09 63929.17 45373.99 30050.65 18140.32 9922.962 4853.85 2044.091 709.8976 
4.523715e-05 0.002127737 0.06929901 1.562868 24.40644 263.9214 1976.237 10247.59 36805.88 91643.66 158732.5 193818.7 175151.3 134972.2 109987.2 96884.6 79442.15 58545.61 41148.63 28021.07 17719.69 10007.24 4926.377 2067.523 720.5494 
4.925432e-05 0.002316686 0.07545293 1.701655 26.57378 287.3581 2151.727 11157.5 40072.97 99768.46 172736.8 210596.7 189283.2 143725.5 114650.2 99840.72 81957.15 60729.54 42661.57 28794.33 18121.31 10354.25 5226.336 2247.988 795.6377 
5.89219e-05 0.002771402 0.09026276 2.035654 31.78965 343.7601 2574.055 13347.26 47935.19 119318.7 206421 250886.6 222986.8 163987.5 124163.7 103861.5 83367.68 60678.63 41997.07 28125.56 17646.75 10068.7 5095.196 2213.522 796.1058 
4.753658e-05 0.002235892 0.07282152 1.64231 25.64704 277.3369 2076.697 10768.61 38678.68 96321.11 166931.9 204289.7 186078.5 146394.4 122603.1 109006.1 87876.42 62037.65 41052.13 26448.65 16180.93 9099.629 4573.911 1985.427 717.0641 
5.153992e-05 0.00242419 0.07895427 1.780619 27.80693 300.693 2251.585 11675.45 41935.28 104425.3 180938.7 221253.3 200987.1 157155.4 131136.3 118169.9 99152.52 74792.32 52820.99 34944.72 21062.12 11456.23 5584.406 2376.785 850.3429 
5.234727e-05 0.002462163 0.08019104 1.808511 28.24249 305.4027 2286.84 11858.01 42587.51 106015.1 183458.1 223225.2 199211.6 148284.1 114738.9 98130 80666.19 60725.04 43695.41 30123.8 19081.86 10750.84 5277.804 2212.799 774.4744 
5.34187e-05 0.002512558 0.08183237 1.845527 28.82056 311.654 2333.658 12100.96 43462.59 108218.6 187442.7 228881.1 206848.1 159373.1 129638.8 113477.3 91687.84 65821.17 44856.65 29985.82 19042.16 11021.34 5604.862 2415.621 855.0901 
5.311076e-05 0.002498074 0.08136063 1.834888 28.65442 309.8572 2320.2 12031.1 43210.63 107580.8 186267 227111.9 204189.1 155170.7 123915.2 107918.2 88403.77 65097.24 45122.59 29820.49 18322.18 10296.3 5194.346 2267.329 820.2007 
5.85934e-05 0.002755951 0.08975952 2.024304 31.61242 341.8435 2559.702 13272.81 47667.46 118648.6 205237.1 249331 221227.3 161887.6 121552 101028.9 80857.4 58727.71 40501.21 26928.25 16678.95 9345.334 4642.599 1993.235 716.0718 
#survey length counts 
9.487644e-06 0.0004462531 0.01453417 0.3277824 5.118799 55.35284 414.4868 2149.407 7721.736 19244.18 33452.96 41418.17 39273.55 34190.94 32819.88 32446.02 29093.06 24197.55 20156.58 17040.32 14189.57 11251.3 8130.012 5076.379 2600.424 
1.177837e-06 5.539981e-05 0.001804337 0.04069254 0.6354827 6.872288 51.47243 267.1711 963.3798 2436.178 4475.566 6673.667 9937.135 15971.31 23494.7 28062.88 27792.02 24940.02 21460.66 17691.2 13968.54 10587.99 7466.697 4619.148 2361.019 
1.714653e-09 8.065083e-08 2.626978e-06 5.926586e-05 0.0009268155 0.01007779 0.07711544 0.4339378 2.044908 9.908919 50.34893 221.3515 743.6876 1891.236 3864.161 6864.971 10864.12 14717.25 16543.37 15667.18 13026.43 9810.011 6695.276 4015.875 2014.656 
3.099537e-05 0.001457873 0.04748196 1.070838 16.72265 180.8309 1354.024 7020.47 25205.32 62662.03 107870.6 128585.2 106142.6 60706.32 24204.58 7240.282 2984.282 3804.753 6156.525 8299.188 8985.024 7897.387 5734.002 3458.909 1707.474 
2.3201e-05 0.001091263 0.03554173 0.8015563 12.51747 135.3594 1013.584 5256.177 18883.18 47064.63 81839.57 101434.3 96444.74 83999.78 78642.03 70993.49 50859.89 26624.88 10763.92 5037.597 4425.187 4625.661 3997.821 2683.757 1389.441 
4.444605e-05 0.002090528 0.06808712 1.535537 23.9796 259.3051 1941.652 10067.86 36154.87 89968.4 155460.2 188080.4 164400.9 115234.6 81028.75 66420.78 57099.49 46024.83 32739.74 19235.81 9276.329 4375.823 2601.484 1712.432 952.0137 
5.096426e-05 0.002397113 0.0780724 1.76073 27.49634 297.3344 2226.434 11544.98 41466.05 103250.7 178860.7 218507.1 197796.5 152990.8 124811.9 108544.7 85972.19 60005.98 40267.32 26955.33 16669.12 8806.47 3990.232 1697.936 722.4671 
7.854053e-05 0.003694168 0.1203166 2.713445 42.37433 458.2183 3431.109 17791.3 63894.9 159039.2 275097.6 334171.7 296432.2 216887.2 163298.5 137343.9 112755.2 84819.13 59884.27 39607.98 23985.59 13126.39 6340.996 2623.161 924.2252 
8.606596e-05 0.004048128 0.1318449 2.973436 46.43449 502.124 3759.897 19496.69 70026.99 174375.9 302127.9 369370.8 335264.7 261367.8 216310.6 191594.6 155747.9 112431.9 77049.63 51472.16 32212.7 18105.25 8886.969 3714.868 1290.528 
8.860495e-05 0.00416755 0.1357344 3.061154 47.80432 516.9366 3870.808 20071.67 72090.32 179495.4 310872.4 379474 342587.6 263448 214656.6 190810 160006.4 121675.6 87240.46 59010.92 36618.41 20528.78 10206.66 4349.68 1531.419 
9.853987e-05 0.004634841 0.1509537 3.404389 53.16442 574.8982 4304.81 22321.91 80168.95 199576.4 345420.3 420555.7 376155.6 281782.8 220269.5 189736 156390.3 117925.5 85179.08 59226.6 38085.7 21929.96 11045.23 4740.491 1683.496 
0.0001015658 0.004777167 0.1555892 3.50893 54.79699 592.5524 4437.012 23007.56 82633.48 205731.7 356210.4 434335.3 390534.7 296805.7 236833 205586.3 167355.1 122546.6 85534.9 58202.09 37387.71 21893.12 11311.32 4972.31 1796.904 
0.0001194454 0.005618136 0.182979 4.12664 64.4434 696.8639 5218.069 27057.14 97170.92 241856.7 418288.5 507814.1 449480.3 326621.6 242517.1 200381.8 160932.5 118027.1 82228.57 55099.42 34536.81 19818.68 10183.09 4518.035 1661.259 
0.0001386748 0.006522596 0.2124367 4.790985 74.81809 809.0515 6058.12 31413.02 112814 280788.7 485598.9 589422.3 521329.4 377808.7 278401.1 226403.7 176413.3 123171.3 81254.42 52452.36 32232.02 18204.01 9195.104 4025.414 1473.444 
0.0001072423 0.005044163 0.1642851 3.705045 57.85962 625.6713 4685.031 24294.17 87262.14 217331.5 376812.8 461896.4 423142.1 337908.7 288762.5 259571.5 209205.7 146194.1 94564.55 58777.73 34414.77 18560.57 9053.701 3870.683 1394.182 
0.0001326095 0.006237311 0.2031451 4.581437 71.5457 773.665 5793.143 30038.93 107877.6 268486.4 464215.7 562967.8 496383 356810.5 260824.4 215312 177196.9 135442.1 97290.7 64574.42 38325.31 20193.52 9451.473 3869.164 1344.494 
0.0001020105 0.004798081 0.1562704 3.524293 55.03691 595.1473 4456.458 23108.73 83001.62 206695.4 358200.1 438272.3 398903.1 313134 261136.5 230800.1 184440 128932.9 85343.61 56011.52 34993.28 19627.12 9507.739 3884.88 1315.744 
0.0001094577 0.005148363 0.1676788 3.781582 59.05483 638.5948 4781.771 24795.17 89052.42 221699.2 383763.6 467495.8 418983.4 315752.9 249541.2 217518 181356.6 137535.3 97679.76 64729.09 39088.28 21386.59 10462.82 4406.553 1530.435 
0.000105177 0.004947021 0.1611212 3.633692 56.74532 613.6209 4594.773 23825.64 85572.04 213051.5 368909.3 449938.8 404951.2 308591 247308.1 215497.6 176098.3 129751.6 91258.99 62184.01 39337.89 22220.78 10940.23 4591.791 1600.354 
0.0001108601 0.005214324 0.1698271 3.830031 59.81144 646.7764 4843.033 25112.81 90192.96 224535.6 388652.6 473350.2 423879.6 318555.9 250085.3 215450.5 176251.7 130575.2 91790.02 61992.06 39028.61 22305.25 11260.1 4843.636 1714.4 
0.0001319739 0.006207416 0.2021715 4.559478 71.20279 769.9572 5765.388 29895.18 107363.7 267230.8 462203.5 561272.8 497258.1 362282.2 270019.5 223263.9 178498.4 129871.6 89947.21 60276.6 37833.92 21591.69 10927.76 4747.744 1707.63 
0.0001154391 0.005429699 0.1768417 3.988229 62.28194 673.492 5043.097 26150.59 93925.6 233881.7 405196.8 495225.8 448995 348909.7 287138.2 252534.6 202891.8 143197 94821.66 61131.85 37415.26 21046.08 10580.22 4592.988 1658.896 
0.0001107333 0.005208361 0.1696329 3.825652 59.74306 646.0374 4837.514 25084.5 90095.6 224336 388599.9 474669 429539.2 332413.1 273280.5 243986.3 204161.1 154003.1 108839.3 72047.74 43441.07 23634.08 11522.24 4904.423 1754.745 
0.0001194971 0.005620566 0.1830582 4.128425 64.47127 697.1656 5220.335 27069.04 97215.7 241988.5 418655.7 508918.8 452601.5 333557.8 253938.5 214684.8 175804.9 132307.7 95266.82 65716.53 41642.7 23466.51 11521.61 4830.983 1690.914 
0.000115473 0.005431295 0.1768937 3.989401 62.30023 673.6895 5044.565 26158 93949.16 233910.4 405042.2 494074.9 444872.4 339329.6 271908.4 235702.8 189862.1 136282.2 92944.64 62174.82 39499.74 22867.05 11630.42 5012.92 1774.568 
0.0001131331 0.005321236 0.1733092 3.908561 61.03779 660.0377 4942.334 25627.74 92042.56 229142.6 396643.7 483161.5 432917.9 325874.7 256440.8 221147.4 180596.9 132970.5 92234.98 60994.91 37490.95 21073.25 10632.67 4641.531 1679.139 
0.0001311016 0.006166388 0.2008352 4.529342 70.73217 764.868 5727.278 29697.51 106653 265454.2 459078.2 557229.2 492872.4 357364.1 264148.6 216989.7 172960.8 125574.3 86658.8 57654.13 35723.96 20020.85 9947.338 4271.095 1534.469 
0.0001295047 0.006091279 0.198389 4.474174 69.87065 755.5527 5657.549 29336.45 105363.4 262313.9 454122.3 553453.2 496747 375469.2 296369.5 253298.7 200933.5 140676.3 92437.19 59191.13 35985.49 20055.49 9951.62 4255.166 1516.154 
