#Simulated generalized assessment 
# 
#start/end year 
73 100 
#number of ages 
15 
#ages 
1 2 3 4 5 6 7 8 9 10 11 12 13 14 15 
#Number of length bins 
25 
#CPUE years 
28 
#years for CPUE 
73 74 75 76 77 78 79 80 81 82 83 84 85 86 87 88 89 90 91 92 93 94 95 96 97 98 99 100 
#survey years 
28 
#years for survey 
73 74 75 76 77 78 79 80 81 82 83 84 85 86 87 88 89 90 91 92 93 94 95 96 97 98 99 100 
#length freq from catch years 
28 
#years for length freq catch 
73 74 75 76 77 78 79 80 81 82 83 84 85 86 87 88 89 90 91 92 93 94 95 96 97 98 99 100 
#catch length sample sizes 
200 200 200 200 200 200 200 200 200 200 200 200 200 200 200 200 200 200 200 200 200 200 200 200 200 200 200 200 
#length freq from survey years 
28 
#years for length freq survey 
73 74 75 76 77 78 79 80 81 82 83 84 85 86 87 88 89 90 91 92 93 94 95 96 97 98 99 100 
#survey sample sizes 
200 200 200 200 200 200 200 200 200 200 200 200 200 200 200 200 200 200 200 200 200 200 200 200 200 200 200 200 
#total survey biomass 
3949.22 7283.722 10039.5 15977.59 15713.13 17541.89 24511.66 53425.87 44151.46 82829.75 72616.08 123291.1 151025.9 210263.1 137327 153614.1 100694.2 126908.5 142666.9 172214.2 183620 216808.7 120881.3 301997.1 201098.9 217438.5 143195.9 118395.4 
#survey CV 
0.2 0.2 0.2 0.2 0.2 0.2 0.2 0.2 0.2 0.2 0.2 0.2 0.2 0.2 0.2 0.2 0.2 0.2 0.2 0.2 0.2 0.2 0.2 0.2 0.2 0.2 0.2 0.2 
#total CPUE 
3459.995 3841.052 7151.831 12865.46 11480.67 17164.52 15941.73 17892.19 38276.44 63047.73 55617.91 100713.1 109564.8 157334.9 154906.5 114931.3 157328 74337.23 107755.2 122516.9 120723.4 117147.4 173980.9 137580.3 94759.47 149208.1 140226.2 107532.4 
#CPUE CV 
0.2 0.2 0.2 0.2 0.2 0.2 0.2 0.2 0.2 0.2 0.2 0.2 0.2 0.2 0.2 0.2 0.2 0.2 0.2 0.2 0.2 0.2 0.2 0.2 0.2 0.2 0.2 0.2 
#total catch biomass 
2679.414 2715.241 5084.578 5141.855 9213.253 10573.88 15435.59 15567.1 25460.14 31984.7 39407.7 52968.61 77240.87 99915.77 94640.03 86664.9 97778.45 62156.2 89706.68 78858.68 90720.18 98304.5 86945.6 106992.2 118410.3 120729.8 106287.2 94621.76 
#catch CV 
0.1 0.1 0.1 0.1 0.1 0.1 0.1 0.1 0.1 0.1 0.1 0.1 0.1 0.1 0.1 0.1 0.1 0.1 0.1 0.1 0.1 0.1 0.1 0.1 0.1 0.1 0.1 0.1 
#Length Bins 
0.6062379 1.818714 3.03119 4.243665 5.456141 6.668617 7.881093 9.093569 10.30604 11.51852 12.731 13.94347 15.15595 16.36842 17.5809 18.79338 20.00585 21.21833 22.4308 23.64328 24.85575 26.06823 27.28071 28.49318 29.70566 
#catch length counts 
7.511988e-07 3.533277e-05 0.001150765 0.02595267 0.4052885 4.382634 32.81728 170.1754 611.2786 1522.683 2641.808 3246.533 2999.918 2445.936 2135.972 1909.413 1466.474 919.7766 500.2323 251.5607 116.2527 47.53536 16.85427 5.113536 1.299366 
7.522494e-07 3.538219e-05 0.001152375 0.02598897 0.4058553 4.388763 32.86316 170.4131 612.129 1524.768 2645.192 3249.596 2999.24 2438.112 2120.532 1889.854 1447.349 903.5958 487.814 243.144 111.3673 45.1104 15.82299 4.743731 1.190538 
1.757753e-06 8.267621e-05 0.00269271 0.06072741 0.9483452 10.25499 76.78827 398.1601 1429.8 3557.552 6144.572 7420.991 6442.526 4406.458 2899.815 2103.011 1486.034 905.5439 484.3347 239.7566 109.039 43.80713 15.22063 4.51611 1.121212 
1.700704e-06 7.999294e-05 0.002605318 0.05875652 0.917568 9.922229 74.29794 385.2759 1383.939 3447.452 5981.805 7353.694 6802.441 5555.281 4836.777 4246.56 3106.796 1749.806 786.7915 313.1853 120.2547 44.31451 14.87135 4.345097 1.067451 
3.010984e-06 0.0001416222 0.004612541 0.1040245 1.624491 17.56656 131.537 682.0521 2449.413 6095.997 10539.2 12776.9 11249.18 8034.809 5742.259 4473.831 3255.814 1990.641 1045.357 490.8799 201.8666 69.71975 20.18431 5.051125 1.110443 
3.844645e-06 0.0001808336 0.005889631 0.1328261 2.074271 22.43032 167.9575 870.9241 3128.017 7788.024 13485.98 16450.58 14809.4 11267.62 8902.821 7382.317 5338.845 3057.872 1434.509 605.4416 242.1003 88.6153 28.03464 7.374881 1.578119 
4.400376e-06 0.0002069725 0.006740958 0.1520257 2.3741 25.67257 192.2357 996.8239 3580.314 8915.263 15445.64 18877.37 17111.31 13267.75 10795.48 9170.961 6776.128 4011.169 1977.605 871.1341 347.2202 120.7508 35.93226 9.170682 1.987014 
5.028864e-06 0.0002365335 0.007703742 0.1737389 2.713183 29.33928 219.6921 1139.199 4091.716 10188.99 17654.38 21586.39 19597.72 15261.35 12501.58 10686.33 7953.789 4774.445 2415.946 1105.017 459.4081 166.206 50.80676 12.99777 2.755023 
7.561533e-06 0.0003556581 0.01158355 0.2612384 4.079612 44.11523 330.3324 1712.878 6151.67 15313.11 26495.54 32220.73 28689.12 21173.64 15983.43 12930.51 9446.667 5662.514 2885.35 1337.32 566.7901 210.5872 66.61699 17.69251 3.874234 
1.197432e-05 0.0005632143 0.01834352 0.4136928 6.460406 69.86012 523.1076 2712.458 9741.289 24245.68 41931.11 50897.14 45012.94 32567.51 23747.21 18629.3 13277.37 7682.458 3700.307 1609.004 653.0035 239.1718 76.14391 20.60437 4.630843 
1.472739e-05 0.0006927056 0.02256097 0.5088069 7.945752 85.92217 643.3832 3336.204 11982.55 29835.87 51679.38 63109.18 57035.57 43862.28 35224 29554.09 21517.16 12401.71 5847.442 2449.299 947.0423 328.6269 99.21277 25.76763 5.672887 
2.001374e-05 0.0009413498 0.03065915 0.6914414 10.79785 116.7635 874.3195 4533.642 16282.5 40534.03 70152.13 85395.78 76309.02 56892.18 43634.63 35651.76 26032.63 15442.47 7688.25 3431.063 1381.406 481.2505 141.5716 35.17722 7.363054 
2.788084e-05 0.00131138 0.0427108 0.9632367 15.04232 162.6615 1218.002 6315.752 22682.95 56467.77 97730.68 118976.6 106345.6 79337.14 60870.46 49631.49 35995.68 21048.29 10255.02 4501.324 1822.998 654.9125 200.9499 51.65126 10.93199 
3.224639e-05 0.001516715 0.0493984 1.114059 17.39764 188.1311 1408.724 7304.852 26237.3 65335.94 113214.7 138465.3 125818.9 98187.46 80595.55 68755.19 50696.52 29776.55 14502.93 6334.046 2538.687 900.6246 274.3252 70.90027 15.29894 
2.870744e-05 0.00135026 0.04397708 0.9917946 15.48831 167.4847 1254.132 6503.393 23361.07 58197.47 101008.2 124304.8 115414.8 95192.13 84197.01 75376.69 57047.1 34456.28 17495.8 8008.39 3318.326 1193.73 363.7646 93.4316 20.023 
2.181868e-05 0.001026246 0.03342415 0.7537994 11.77167 127.2946 953.1932 4942.985 17757.72 44256.64 76937.41 95270.64 90334.55 78347.6 73675.3 68558.17 53319.61 33469.25 18043.6 8852.074 3896.94 1473.716 468.7862 124.4834 27.21443 
2.442871e-05 0.001149009 0.03742247 0.8439715 13.17983 142.5215 1067.2 5533.927 19876.9 49500.67 85798.22 105043.9 95813.17 75593.56 63295.93 55497.61 42946.56 27752.57 15791.99 8259.668 3870.603 1558.757 529.0834 149.4236 34.43137 
2.357791e-05 0.001108991 0.03611911 0.8145776 12.72081 137.5579 1030.037 5341.293 19186.07 47790.97 82907.85 101847.9 93986.39 76353.75 66278.89 58793.68 44564.61 27272.13 14326.22 7014.241 3233.651 1341.973 481.5529 144.9809 35.59648 
2.202584e-05 0.001035989 0.03374149 0.7609562 11.88343 128.5029 962.2355 4989.755 17924.02 44654.07 77512.18 95437.27 88767.36 73553.08 65530.51 59186.68 45484.34 28339.53 15181.83 7451.544 3336.947 1318.473 453.8317 135.0275 33.85443 
2.08952e-05 0.0009828097 0.03200947 0.7218947 11.27343 121.9066 912.841 4733.603 17003.7 42359.54 73517.32 90462.7 83964.32 69226.03 61333.33 55339.41 42743.63 26979.25 14776.11 7445.597 3409.004 1362.528 466.5785 135.7556 33.06355 
2.53476e-05 0.001192229 0.03883011 0.8757174 13.67559 147.8823 1107.341 5742.038 20623.89 51355.96 88979.8 108778 98699.27 76771.75 62912.41 54154.94 41132.9 25820.19 14125.16 7148.703 3312.754 1349.396 472.0201 139.6144 34.1975 
2.671145e-05 0.001256378 0.0409194 0.9228362 14.41142 155.8395 1166.928 6051.118 21735.35 54136.76 93887.43 115198.8 105869.5 85111.03 72858.33 64052.35 48291.23 29336.79 15190.61 7261.884 3246.176 1305.41 457.7777 136.9659 34.07407 
2.621154e-05 0.001232865 0.04015359 0.9055652 14.14171 152.9231 1145.093 5937.943 21329.59 53133.68 92199.37 113370.4 104967.6 86001.03 75530.71 67625.3 51730.17 32071.66 17051.74 8285.607 3663.843 1422.243 477.7859 138.2805 33.85317 
2.860156e-05 0.001345279 0.04381487 0.9881363 15.43118 166.8668 1249.501 6479.312 23273.56 57969.56 100545.1 123418.2 113590.5 91696.43 79070.19 70226.27 53927.39 33943.21 18535.18 9302.832 4236.843 1680.664 569.2359 163.1249 38.96709 
2.981146e-05 0.001402187 0.04566832 1.029936 16.08395 173.9256 1302.36 6753.458 24258.92 60430.17 104855.7 128910.7 119286.1 97596.11 85588.89 76646.04 58804.81 36751.2 19874.62 9935.388 4565.047 1849.464 643.7352 189.1763 45.92216 
2.864046e-05 0.001347109 0.04387446 0.9894804 15.45217 167.0939 1251.207 6488.248 23306.98 58065.83 100801.1 124151 115600.5 96053.84 85915.97 77900.27 60206.2 37936.29 20724.99 10438.41 4802.467 1942.679 677.6974 201.2214 49.71025 
2.735348e-05 0.001286576 0.04190293 0.9450174 14.75782 159.5855 1194.985 6196.742 22260.35 55463.36 96317.76 118791.6 111129.3 93403.86 84774.47 77648.12 60533.69 38654.76 21543.36 11085.11 5187.35 2123.681 746.7231 222.7976 55.2772 
2.243572e-05 0.001055268 0.03436939 0.775117 12.10458 130.8946 980.1517 5082.816 18260.52 45514.19 79154.05 98158.91 93531.28 82056.93 78257.22 73656.37 58121.29 37504.72 21206.27 11105.7 5296.051 2211.952 793.3325 240.7478 60.48502 
#survey length counts 
1.587648e-06 7.467532e-05 0.002432126 0.0548506 0.8565709 9.262605 69.35792 359.644 1291.651 3215.426 5564.656 6772.562 6048.077 4502.402 3450.524 2833.687 2105.245 1299.689 696.5408 345.0827 157.4387 63.64118 22.29904 6.681177 1.676177 
3.683544e-06 0.0001732562 0.005642839 0.1272603 1.98735 21.49032 160.9165 834.3653 2996.023 7452.585 12858.66 15466.63 13222.41 8598.621 5064.486 3266.862 2177.889 1300.251 688.9016 338.8392 153.4902 61.53885 21.3586 6.333432 1.571828 
3.537041e-06 0.0001663654 0.005418411 0.1221989 1.908311 20.63569 154.5191 801.2353 2877.643 7163.867 12399.81 15100.35 13512.48 10109.12 7775.682 6308.913 4485.183 2502.205 1118.635 442.461 168.9053 62.02071 20.77812 6.066174 1.489671 
6.21357e-06 0.0002922564 0.009518598 0.2146684 3.352354 36.25089 271.4423 1407.466 5054.122 12574.27 21710.46 26184.02 22613.63 15210.53 9666.904 6773.71 4701.811 2827.959 1473.017 687.677 281.7473 97.11299 28.0822 7.021898 1.542822 
7.852897e-06 0.0003693624 0.01202989 0.2713045 4.236807 45.81503 343.059 1778.841 6388.161 15897.75 27479.44 33286.66 29216.68 20664.68 14463.51 10951.47 7639.377 4322.96 2014.503 844.8589 336.1121 122.6682 38.75398 10.18776 2.179193 
9.082852e-06 0.0004272136 0.01391407 0.3137974 4.900396 52.99081 396.7911 2057.465 7388.91 18389.77 31797.4 38566.68 34012.04 24406.51 17553.3 13649.95 9744.936 5700.6 2791.262 1222.138 484.9756 168.2359 49.99534 12.7496 2.761064 
1.046676e-05 0.0004923062 0.01603409 0.3616093 5.647046 61.06478 457.2485 2370.955 8514.772 21192.21 36645.45 44458.22 39245 28243.33 20425.98 15981.85 11494.6 6817.684 3425.373 1557.141 644.6018 232.6607 71.03442 18.15967 3.84742 
1.544895e-05 0.0007266441 0.02366632 0.5337353 8.33504 90.13153 674.8955 3499.459 12566.79 31269.67 54020.05 65295.16 56858.07 39255.21 26291.11 19291.02 13529.37 7996.301 4043.856 1862.906 786.2698 291.4795 92.0998 24.44423 5.350544 
2.481099e-05 0.001166989 0.03800808 0.8571782 13.38606 144.751 1083.879 5620.085 20181.65 50213.15 86715.78 104672.6 90683.72 61595.59 39875.07 28218.96 19233.78 10961.93 5239.557 2263.563 914.1786 333.9139 106.1608 28.70591 6.448958 
3.000533e-05 0.001411306 0.04596532 1.036634 16.18853 175.0559 1310.804 6796.847 24409.1 60748.25 105025.2 127320 112075.8 79966.13 56876.05 43676.68 30716.56 17498.69 8197.062 3412.651 1313.135 454.3647 136.9712 35.54541 7.821761 
4.139329e-05 0.001946941 0.06341058 1.430069 22.33257 241.4948 1808.289 9376.342 33671.41 83787.29 144770.6 175098.1 152830.8 106283.3 72168.61 53531.96 37564.27 21980.91 10862.96 4818.266 1931.518 671.2779 197.2199 48.96667 10.24421 
5.785598e-05 0.002721267 0.08862986 1.998828 31.21455 337.5407 2527.472 13105.45 47063.05 117111.1 202350.7 244749.9 213653.4 148628.2 100925.5 74704.13 52069.95 30038.77 14528.59 6336.809 2554.306 915.2284 280.4512 72.03341 15.23918 
6.591441e-05 0.003100296 0.1009746 2.277233 35.56226 384.5553 2879.522 14931.11 53622.1 133461.3 230798.1 280086.2 247503.9 178650.1 129761.6 101560 72443.92 42068.46 20353.56 8835.55 3525.195 1247.381 379.4396 97.99384 21.13563 
5.956021e-05 0.002801425 0.09124057 2.057706 32.13403 347.4843 2601.949 13492.05 48457.4 120640.2 208854.3 254533 228401.6 172300.1 134641.3 111552 82077.74 49073.54 24752.5 11262.53 4647.063 1667.868 507.6275 130.2877 27.90866 
4.5704e-05 0.002149696 0.07001418 1.578997 24.65832 266.6453 1996.638 10353.48 37187.67 92608.8 160502.8 196440.5 178960.5 140689.2 116991.7 101502.1 77016.52 47886.01 25641.16 12506.96 5485.279 2070.265 657.8459 174.5745 38.14966 
5.084886e-05 0.002391685 0.07789562 1.756743 27.43407 296.6605 2221.374 11518.46 41366.65 102962.5 178083.3 216246.4 191534.3 139293.6 102891.8 82734.83 61929.09 39531.85 22327.4 11613.12 5423.936 2180.558 739.4535 208.7202 48.07837 
5.011604e-05 0.002357217 0.07677301 1.731426 27.0387 292.3853 2189.367 11352.59 40772.46 101498.2 175650.6 213762.4 190838.6 141921 108479.7 88624.31 65155.73 39432.62 20562.91 10003.19 4591.661 1901.309 681.5286 205.071 50.33394 
4.680463e-05 0.002201464 0.07170025 1.617022 25.25212 273.0662 2044.709 10602.57 38079.77 94804.85 164134.5 200064.8 179634.8 135775.4 106557 88944.03 66413.09 40938.36 21774.28 10622.71 4738.138 1868.122 642.2937 190.9733 47.86275 
4.467394e-05 0.002101247 0.06843624 1.54341 24.10257 260.6353 1951.627 10119.88 36345.87 90485.27 156636.8 190835.1 171058.7 128700.5 100346.5 83548.88 62654.15 39110.73 21262.96 10649.96 4857.503 1937.593 662.798 192.7271 46.92107 
5.431022e-05 0.002554491 0.08319809 1.876327 29.30154 316.8545 2372.582 12302.45 44181.37 109959.7 190126.8 230592.1 203335.3 145914 105176.9 82596.46 60525.81 37503.89 20356.35 10238.83 4726.292 1921.301 671.3691 198.4589 48.59362 
5.777108e-05 0.002717273 0.0884998 1.995895 31.16876 337.046 2523.781 13086.59 46999.33 116992 202414.8 246101.7 218962.7 161253.9 121294.9 97873.47 71455.71 42909.61 22053.51 10473.57 4660.702 1869.763 654.8997 195.8178 48.69715 
5.812671e-05 0.002734 0.0890446 2.008181 31.36063 339.121 2539.322 13167.25 47290.01 117725.6 203752.3 248050.7 221741 165539.2 127403.7 104842.4 77737.5 47642.99 25138.13 12136.24 5343.643 2069.564 694.3919 200.8247 49.14348 
6.356081e-05 0.002989594 0.09736911 2.19592 34.29244 370.8242 2776.711 14398.12 51709.64 128717.9 222707.9 270802.2 241036.3 177767 134246.3 109239.4 81170.92 50471.22 27344.02 13636.72 6185.493 2448.45 828.3499 237.2209 56.64382 
6.590627e-05 0.003099913 0.1009621 2.276952 35.55787 384.5082 2879.179 14929.51 53619.09 133480.6 231014.3 281212.5 251299.3 187432.8 144081 118581.4 88176.88 54469.69 29229.36 14517.64 6642.609 2685.309 933.6173 274.1908 66.53419 
6.455913e-05 0.00303655 0.09889845 2.230411 34.83106 376.6489 2820.332 14624.44 52524.38 130764.8 226378.6 275873.9 247509.7 186689 146109.3 121915 91398.42 56930.23 30858.44 15441.44 7074.677 2855.585 995.0159 295.243 72.90879 
6.173311e-05 0.002903628 0.09456926 2.132776 33.30637 360.1616 2696.878 13984.34 50226.2 125050.8 216538.3 264125.9 237757.2 181008.4 143776.6 121424.2 91907.49 58024.43 32085.38 16404.51 7646.036 3123.78 1097.167 327.1482 81.13568 
5.070003e-05 0.002384685 0.07766763 1.751602 27.35379 295.7931 2214.898 11485.27 41253.07 102735.1 178068.5 218012.6 198854.1 156864.8 131221.6 114721.3 88193.67 56315.3 31597.78 16443.93 7811.284 3255.935 1166.527 353.7815 88.85074 
5.429118e-05 0.002553595 0.08316893 1.87567 29.29128 316.7438 2371.761 12298.37 44169.11 109953.1 190278.2 231545.8 206674.8 153718.4 117955.1 97862.56 74756.74 48838.73 28512.88 15438.58 7551.679 3218.618 1177.164 364.3825 93.31747 
