# Number of parameters = 77 Objective function value = 21989.8732325539  Maximum gradient component = 0.000652936125083601
# srv_sel50:
0.111207586333
# srv_sel95:
2.49657822767
# stNatLen:
 10.3288784155 9.67697273327 8.43065051399 7.41242505277 6.66120189888 6.10505273482 5.68221154312 5.35299531543 5.09317869318 4.88767428025 4.72675782638 4.60399258220 4.51507975066 4.45720557141 4.42866629810
# log_avg_fmort_dir:
0.711005990311
# fmort_dir_dev:
 -0.223229747392 -0.241544138389 -0.279809108950 -0.201241607792 -0.257465597663 -0.158327172299 0.0237911895205 -0.0707471919549 -0.296780613487 -0.0990088317217 0.174234042001 -0.0684417014277 -0.0988186188137 0.197421946317 0.254057532690 0.214021584736 0.0930878638472 0.168195923152 0.143547229501 0.0106841230645 0.247834589011 0.0341910351990 0.180081844739 0.0579436839192 0.0622275807618 0.201399409619 0.0963104270785 -0.163615675268
# mean_log_rec:
12.3650172978
# rec_dev:
 -1.86195665171 -1.62073608624 -1.39983016410 -1.06274640114 -0.993591115473 -1.22115867461 -0.901867936697 -0.183199891970 -0.238417901550 -0.247881797161 0.372468031394 0.685103785901 0.655462530316 0.349485900713 0.256705496597 0.372246452859 0.299493495691 0.373426366871 0.380202670281 0.413958302640 0.497216270641 0.499339748372 0.643720340537 0.726869590254 0.607302913404 0.635166453591 0.981609171156 0.981609099436
# log_avg_NatM:
-0.940144300000
# m_dev:
 0.00000000000 0.00000000000 0.00000000000 0.00000000000 0.00000000000 0.00000000000 0.00000000000 0.00000000000 0.00000000000 0.00000000000 0.00000000000 0.00000000000 0.00000000000 0.00000000000 0.00000000000 0.00000000000 0.00000000000 0.00000000000 0.00000000000 0.00000000000 0.00000000000 0.00000000000 0.00000000000 0.00000000000 0.00000000000 0.00000000000 0.00000000000 0.00000000000
# log_avg_GrowthK:
-1.02151300000
# log_avg_Linf:
3.36611700000
# GrowthK_dev:
 0.00000000000 0.00000000000 0.00000000000 0.00000000000 0.00000000000 0.00000000000 0.00000000000 0.00000000000 0.00000000000 0.00000000000 0.00000000000 0.00000000000 0.00000000000 0.00000000000 0.00000000000 0.00000000000 0.00000000000 0.00000000000 0.00000000000 0.00000000000 0.00000000000 0.00000000000 0.00000000000 0.00000000000 0.00000000000 0.00000000000 0.00000000000 0.00000000000
# Linf_dev:
 0.00000000000 0.00000000000 0.00000000000 0.00000000000 0.00000000000 0.00000000000 0.00000000000 0.00000000000 0.00000000000 0.00000000000 0.00000000000 0.00000000000 0.00000000000 0.00000000000 0.00000000000 0.00000000000 0.00000000000 0.00000000000 0.00000000000 0.00000000000 0.00000000000 0.00000000000 0.00000000000 0.00000000000 0.00000000000 0.00000000000 0.00000000000 0.00000000000
# SelPars50:
1.66811881330
# SelPars95:
2.69051378598
# SelPars_dev50:
 0.00000000000 0.00000000000 0.00000000000 0.00000000000 0.00000000000 0.00000000000 0.00000000000 0.00000000000 0.00000000000 0.00000000000 0.00000000000 0.00000000000 0.00000000000 0.00000000000 0.00000000000 0.00000000000 0.00000000000 0.00000000000 0.00000000000 0.00000000000 0.00000000000 0.00000000000 0.00000000000 0.00000000000 0.00000000000 0.00000000000 0.00000000000 0.00000000000
# SelPars_dev95:
 0.00000000000 0.00000000000 0.00000000000 0.00000000000 0.00000000000 0.00000000000 0.00000000000 0.00000000000 0.00000000000 0.00000000000 0.00000000000 0.00000000000 0.00000000000 0.00000000000 0.00000000000 0.00000000000 0.00000000000 0.00000000000 0.00000000000 0.00000000000 0.00000000000 0.00000000000 0.00000000000 0.00000000000 0.00000000000 0.00000000000 0.00000000000 0.00000000000
