#Simulated generalized assessment 
# 
#start/end year 
69 97 
#number of ages 
15 
#ages 
1 2 3 4 5 6 7 8 9 10 11 12 13 14 15 
#Number of length bins 
25 
#CPUE years 
29 
#years for CPUE 
69 70 71 72 73 74 75 76 77 78 79 80 81 82 83 84 85 86 87 88 89 90 91 92 93 94 95 96 97 
#survey years 
29 
#years for survey 
69 70 71 72 73 74 75 76 77 78 79 80 81 82 83 84 85 86 87 88 89 90 91 92 93 94 95 96 97 
#length freq from catch years 
29 
#years for length freq catch 
69 70 71 72 73 74 75 76 77 78 79 80 81 82 83 84 85 86 87 88 89 90 91 92 93 94 95 96 97 
#catch length sample sizes 
200 200 200 200 200 200 200 200 200 200 200 200 200 200 200 200 200 200 200 200 200 200 200 200 200 200 200 200 200 
#length freq from survey years 
29 
#years for length freq survey 
69 70 71 72 73 74 75 76 77 78 79 80 81 82 83 84 85 86 87 88 89 90 91 92 93 94 95 96 97 
#survey sample sizes 
200 200 200 200 200 200 200 200 200 200 200 200 200 200 200 200 200 200 200 200 200 200 200 200 200 200 200 200 200 
#total survey biomass 
14550.89 16754.29 17931.57 11314.12 16790.36 14353.65 23186.17 36025.44 31973.06 65312.84 92464.23 103999.8 100169.8 82806 135877.7 80887.84 79005.87 75610.77 93096.85 81184.95 104464.8 104250.4 110905.2 135764.7 131650 158239.4 108765 78110.62 99059.55 
#survey CV 
0.2 0.2 0.2 0.2 0.2 0.2 0.2 0.2 0.2 0.2 0.2 0.2 0.2 0.2 0.2 0.2 0.2 0.2 0.2 0.2 0.2 0.2 0.2 0.2 0.2 0.2 0.2 0.2 0.2 
#total CPUE 
8140.146 8114.631 11062.7 14636.89 19464.72 17012.94 24283.14 28804.3 51327.1 66470.41 59715.46 83254.31 99288.24 112577.9 98875.39 118894.6 68737.73 87570.47 78065.2 95789.45 91208.91 96726.08 86885.9 102491.5 137746.5 122198.1 131848.1 106536.2 127566 
#CPUE CV 
0.2 0.2 0.2 0.2 0.2 0.2 0.2 0.2 0.2 0.2 0.2 0.2 0.2 0.2 0.2 0.2 0.2 0.2 0.2 0.2 0.2 0.2 0.2 0.2 0.2 0.2 0.2 0.2 0.2 
#total catch biomass 
6887.769 6919.781 7881.565 9551.423 11586.17 15238.65 17271.74 18747.13 26758.61 34822.99 45549.67 55866.03 77018.71 99116.11 100902 88157.2 82733.64 79287.3 75262.89 81494.76 76189.54 88401.6 90098 105149.9 104049.8 118509.8 105472.9 96806.38 58904.23 
#catch CV 
0.05 0.05 0.05 0.05 0.05 0.05 0.05 0.05 0.05 0.05 0.05 0.05 0.05 0.05 0.05 0.05 0.05 0.05 0.05 0.05 0.05 0.05 0.05 0.05 0.05 0.05 0.05 0.05 0.05 
#Length Bins 
0.7268035 2.18041 3.634017 5.087624 6.541231 7.994838 9.448445 10.90205 12.35566 13.80927 15.26287 16.71648 18.17009 19.62369 21.0773 22.53091 23.98451 25.43812 26.89173 28.34534 29.79894 31.25255 32.70616 34.15976 35.61337 
#catch length counts 
1.999038e-37 2.774532e-29 4.654854e-22 9.43995e-16 2.314093e-10 6.857079e-06 0.02456094 10.63404 556.5433 3520.895 2714.158 1415.897 7582.207 6402.409 4402.458 4257.352 1743.506 650.5528 136.9739 15.85324 0.751008 0.01067048 3.423186e-05 2.016999e-08 1.908038e-12 
2.419948e-37 3.358728e-29 5.634963e-22 1.142759e-15 2.801339e-10 8.300881e-06 0.02973241 12.87311 673.7271 4262.246 3285.813 1637.485 8159.74 6552.603 4584.841 4062.625 1590.017 538.3411 101.634 10.13691 0.3912239 0.00427931 1.015724e-05 4.324014e-09 2.915279e-13 
4.392809e-37 6.096929e-29 1.022886e-21 2.074393e-15 5.08513e-10 1.506817e-05 0.05397173 23.3679 1222.983 7737.007 5948.425 2055.924 8636.069 6592.745 4717.72 3821.661 1423.059 432.6344 71.71921 6.027328 0.187546 0.001576407 2.76881e-06 8.519651e-10 4.096741e-14 
4.718829e-37 6.549424e-29 1.098802e-21 2.228348e-15 5.462532e-10 1.618648e-05 0.05797735 25.10219 1313.749 8311.298 6414.93 3205.395 13982.81 9761.454 5122.561 3614.756 1285.029 349.7642 50.36652 3.493823 0.08591667 0.0005501804 7.147485e-07 1.592601e-10 5.47191e-15 
8.332075e-37 1.156437e-28 1.940163e-21 3.934612e-15 9.645238e-10 2.85806e-05 0.1023711 44.32314 2319.697 14675.23 11286.66 3688.198 13204.38 9261.716 7506.274 4800.509 1229.363 272.3793 33.70123 1.904434 0.03633607 0.0001745311 1.664827e-07 2.683923e-11 6.601314e-16 
1.188067e-36 1.648958e-28 2.76647e-21 5.610345e-15 1.37531e-09 4.075295e-05 0.1459704 63.20016 3307.645 20925.44 16117.56 5902.142 20440.55 12774.39 7110.827 4272.424 1387.506 256.4597 22.25877 0.9746469 0.01424212 5.063047e-05 3.505041e-08 4.059389e-12 7.128794e-17 
1.307541e-36 1.81478e-28 3.044671e-21 6.174531e-15 1.513614e-09 4.485114e-05 0.1606495 69.55568 3640.267 23029.92 17784.13 7750.668 26223 15939.82 10411.64 5277.661 1205.121 212.5392 17.33774 0.531025 0.005465857 1.410727e-05 7.021551e-09 5.7919e-13 7.212117e-18 
2.023984e-36 2.809156e-28 4.712942e-21 9.557752e-15 2.34297e-09 6.94265e-05 0.2486744 107.6674 5634.885 35648.57 27459.61 9022.885 25780.99 15684.47 12489.13 5976.591 1365.835 182.6146 11.43122 0.2978293 0.002190954 3.80622e-06 1.315044e-09 7.636919e-14 6.697835e-19 
3.541818e-36 4.91581e-28 8.247291e-21 1.672534e-14 4.10002e-09 0.0001214911 0.4351614 188.4098 9860.622 62382.36 48041.57 14573.11 37111.89 20082.36 12363.65 5576.268 1397.967 174.7138 8.783904 0.1651225 0.0009246047 1.156061e-06 2.687827e-10 1.050277e-14 6.326174e-20 
5.188572e-36 7.201396e-28 1.208184e-20 2.450172e-14 6.006308e-09 0.0001779779 0.6374879 276.0102 14445.28 91387.62 70529.41 24318.27 59968.77 30245.85 16941.12 6231.343 1176.589 135.5739 6.378976 0.09494963 0.0003760673 3.339677e-07 5.536299e-11 1.492801e-15 6.057687e-21 
6.282152e-36 8.719212e-28 1.462829e-20 2.966587e-14 7.272239e-09 0.0002154898 0.7718492 334.1841 17489.87 110650.6 85642.28 33924.73 80586.67 40378.35 24981.94 8014.881 1210.62 101.3782 3.693351 0.04685596 0.000145649 9.191477e-08 1.050771e-11 1.971621e-16 5.586037e-22 
7.191998e-36 9.982019e-28 1.674691e-20 3.396239e-14 8.32548e-09 0.0002466992 0.8836364 382.5841 20022.93 126678 98300.57 42212.55 94335.87 48027.79 32469.99 9827.258 1464.761 98.50954 2.514948 0.02257849 5.390562e-05 2.615505e-08 2.174089e-12 2.839517e-17 5.523146e-23 
1.434671e-35 1.991228e-27 3.340699e-20 6.77487e-14 1.66078e-08 0.0004921194 1.762692 763.1846 39942.05 252694.8 195060.1 56628.27 100950.5 51226.29 34744.43 9871.323 1439.776 87.27308 1.822544 0.01140137 1.822027e-05 6.2372e-09 3.811807e-13 3.654944e-18 5.096249e-24 
1.576247e-35 2.187727e-27 3.670366e-20 7.443428e-14 1.824669e-08 0.0005406827 1.936638 838.4972 43883.63 277647.1 216658.6 103823.1 198839.3 79908.33 36486.28 9423.34 1302.174 71.7052 1.319312 0.006615395 7.548265e-06 1.719681e-09 7.025391e-14 4.66653e-19 4.636158e-25 
1.271079e-35 1.764174e-27 2.959768e-20 6.002349e-14 1.471405e-08 0.0004360043 1.561696 676.1606 35387.59 223910 176802.9 114409.6 215052.9 106948.8 64453.38 12510.99 1158.601 53.59517 0.856416 0.003591892 3.237386e-06 5.417188e-10 1.52562e-14 6.764205e-20 4.485787e-26 
9.549466e-36 1.325403e-27 2.223638e-20 4.509494e-14 1.105449e-08 0.0003275648 1.173284 507.9915 26586.29 168232.4 133960 97312.56 172639.8 101524.1 67193.08 14817.92 1517.32 49.49226 0.5496719 0.001820198 1.310457e-06 1.702894e-10 3.589948e-15 1.145971e-20 5.288582e-27 
1.330519e-35 1.846672e-27 3.098176e-20 6.283038e-14 1.540213e-08 0.0004563932 1.634726 707.78 37042.43 234379.7 183917.1 85031.45 127810.9 79719.33 51457.78 12233.78 1358.702 46.36658 0.4346633 0.0009779148 4.946503e-07 4.811956e-11 7.684387e-16 1.837659e-21 6.246463e-28 
1.22421e-35 1.699123e-27 2.850631e-20 5.781023e-14 1.41715e-08 0.0004199274 1.504111 651.2283 34082.78 215686.9 172533.3 115859.6 166976.9 73119.45 35595.36 8117.119 877.8319 30.54265 0.2829712 0.0005595127 2.094148e-07 1.383052e-11 1.526281e-16 2.620111e-22 6.518452e-29 
1.322351e-35 1.835336e-27 3.079157e-20 6.244468e-14 1.530758e-08 0.0004535915 1.624691 703.4351 36815.09 232985.3 186320.8 114483.5 153010.4 84877.79 40184.13 6234.636 509.6009 16.04772 0.1386701 0.0002528947 8.253354e-08 4.34652e-12 3.487651e-17 4.120922e-23 6.994647e-30 
1.348495e-35 1.871622e-27 3.140034e-20 6.367925e-14 1.561022e-08 0.0004625593 1.656812 717.3426 37543.01 237624.9 192165.3 130547.1 161640.7 81973.17 35924.1 6044.874 410.9805 8.837035 0.05937038 9.198599e-05 2.574203e-08 1.142457e-12 7.467944e-18 6.87116e-24 8.652949e-31 
1.612787e-35 2.238442e-27 3.755451e-20 7.615979e-14 1.866968e-08 0.0005532167 1.981532 857.935 44901.13 284208.6 229527.1 140258.4 158645.8 83116.91 32437.37 4614.273 283.0323 5.295086 0.02543465 2.759829e-05 5.870076e-09 2.071676e-13 1.086549e-18 7.973919e-25 7.904915e-32 
1.708723e-35 2.371595e-27 3.978842e-20 8.069012e-14 1.978023e-08 0.0005861245 2.099402 908.9689 47572.2 301189.9 247382.8 173369.7 182237.8 85025.34 29217.55 3822.533 195.9837 3.006113 0.01184377 9.634511e-06 1.420335e-09 3.498899e-14 1.33681e-19 7.382941e-26 5.591356e-33 
1.960583e-35 2.72116e-27 4.565311e-20 9.258359e-14 2.269578e-08 0.0006725174 2.408848 1042.948 54584.34 345632.2 285047.8 191890 189196.7 93652.47 28482.72 3053.355 129.4908 1.617852 0.004971474 3.125451e-06 3.483309e-10 6.186118e-15 1.641752e-20 6.259159e-27 3.324567e-34 
2.220346e-35 3.081694e-27 5.170181e-20 1.048502e-13 2.57028e-08 0.000761621 2.728002 1181.131 61816.66 391536.6 327012.2 229209.5 209210.9 96368.84 26560.51 2635.892 91.30875 0.8797483 0.002078026 9.881645e-07 8.206549e-11 1.080003e-15 2.103656e-21 5.777686e-28 2.165083e-35 
2.60045e-35 3.609253e-27 6.05527e-20 1.227997e-13 3.010289e-08 0.0008920037 3.195012 1383.33 72399.51 458683.6 386114.1 266120.9 226877.8 101653.2 24361.71 2048.12 59.84543 0.466389 0.0008297753 2.898207e-07 1.764331e-11 1.695421e-16 2.399904e-22 4.778883e-29 1.296094e-36 
2.991638e-35 4.152196e-27 6.96617e-20 1.412725e-13 3.46313e-08 0.001026189 3.675641 1591.426 83291.45 527924.8 451653.8 324111.6 258565.5 109089.3 23284.33 1718.455 40.99952 0.2536003 0.0003511942 9.198892e-08 4.064316e-12 2.79943e-17 2.838234e-23 4.05236e-30 7.879224e-38 
2.503636e-35 3.474882e-27 5.829835e-20 1.182279e-13 2.898217e-08 0.0008587948 3.076063 1331.831 69706.71 442411.4 399928.2 365291.8 283887.6 115342.6 21462.27 1340.334 26.22373 0.1282374 0.0001353283 2.65727e-08 8.694701e-13 4.363008e-18 3.172899e-24 3.219148e-31 4.433936e-39 
2.415654e-35 3.352768e-27 5.624964e-20 1.140731e-13 2.796369e-08 0.0008286152 2.967965 1285.028 67256.64 426700.9 378873.1 318409.3 270387.4 127485.5 23474.4 1369.622 23.61651 0.09859332 8.712751e-05 1.407492e-08 3.742966e-13 1.519292e-18 8.916876e-25 7.275531e-32 8.017572e-40 
1.359617e-35 1.887059e-27 3.165933e-20 6.420448e-14 1.573897e-08 0.0004663745 1.670478 723.2598 37854.36 240126.5 211671.4 170099.7 138111 61975.5 12199.29 759.9634 12.72853 0.04866644 3.82066e-05 5.411348e-09 1.253827e-13 4.412788e-19 2.236649e-25 1.572799e-32 1.493176e-40 
#survey length counts 
8.564549e-37 1.188703e-28 1.994296e-21 4.044392e-15 9.91435e-10 2.937803e-05 0.1052273 45.5598 2384.419 15084.56 11568.79 2868.042 11712.71 9807.419 6154.011 5828.878 2296.528 828.164 167.3979 18.70565 0.8506202 0.01154575 3.542961e-05 2.006017e-08 1.832468e-12 
1.305932e-36 1.812547e-28 3.040924e-21 6.166934e-15 1.511751e-09 4.479595e-05 0.1604518 69.47009 3635.788 23001.09 17627.6 3571.116 11891.22 9477.085 6212.7 5419.03 2041.779 665.5822 119.0123 11.29976 0.4181888 0.004396925 1.003684e-05 4.119923e-09 2.688607e-13 
1.169675e-36 1.623432e-28 2.723644e-21 5.523495e-15 1.35402e-09 4.012208e-05 0.1437108 62.22181 3256.442 20601.32 15821.95 4673.76 18407.46 13536.28 6640.256 5032.417 1819.92 534.7722 83.76301 6.623157 0.1953533 0.001575698 2.673306e-06 7.969412e-10 3.721929e-14 
1.745302e-36 2.422364e-28 4.064018e-21 8.241747e-15 2.020367e-09 5.986718e-05 0.2144345 92.84274 4859.019 30739.69 23577.67 5302.67 16745.36 12250.06 9458.725 6649.701 1747.431 415.3783 56.35841 3.664566 0.08455814 0.0005146626 6.437892e-07 1.3923e-10 4.662194e-15 
2.158239e-36 2.995494e-28 5.025562e-21 1.019174e-14 2.498385e-09 7.403172e-05 0.2651696 114.8093 6008.66 38012.8 29192.06 7765.878 25281.1 16663.87 8918.289 5798.116 1951.36 400.0154 38.0226 1.920438 0.03420446 0.0001549466 1.411652e-07 2.198286e-11 5.263679e-16 
2.077467e-36 2.883388e-28 4.837481e-21 9.810314e-15 2.404883e-09 7.126108e-05 0.2552456 110.5125 5783.786 36590.39 28159.92 9427.298 31629.61 20194.38 12884.65 7200.195 1700.649 327.4212 30.1896 1.080031 0.01354432 4.471007e-05 2.937745e-08 3.26466e-12 5.5499e-17 
2.912025e-36 4.041699e-28 6.780789e-21 1.37513e-14 3.37097e-09 9.988801e-05 0.3577826 154.9075 8107.243 51289.34 39423.99 10798.49 30765.75 19497.59 15422.64 8136.079 1949.879 290.0946 20.28476 0.626154 0.005694018 1.266117e-05 5.779102e-09 4.527747e-13 5.426861e-18 
4.596677e-36 6.379885e-28 1.070358e-20 2.170665e-14 5.321129e-09 0.0001576748 0.5647654 244.5239 12797.41 80961.17 62246.99 16688.6 43427.25 24690.76 15154.17 7456.687 1979.428 278.4934 15.96174 0.3559167 0.002474445 3.993417e-06 1.228815e-09 6.477471e-14 5.334872e-19 
6.152878e-36 8.539788e-28 1.432727e-20 2.905541e-14 7.122591e-09 0.0002110554 0.7559661 327.3072 17129.96 108371.3 83497.84 26506.28 68779.74 36506.46 20604.04 8365.594 1667.045 214.6866 11.69707 0.210018 0.001038739 1.192409e-06 2.623967e-10 9.555134e-15 5.299155e-20 
7.077368e-36 9.822919e-28 1.647999e-20 3.342108e-14 8.192784e-09 0.0002427672 0.8695525 376.4862 19703.79 124655.9 96315.47 36243.13 92190.32 48284.34 30566.23 10901.75 1759.377 165.9166 6.947741 0.1070698 0.0004207589 3.45169e-07 5.244655e-11 1.330214e-15 5.15322e-21 
7.630921e-36 1.059121e-27 1.776896e-20 3.603509e-14 8.833579e-09 0.0002617551 0.9375642 405.9329 21244.92 134407.6 104133.7 43847.74 106189.3 56054.14 39392.63 13204.37 2132.272 164.2295 4.865536 0.05294985 0.0001600284 1.01556e-07 1.126419e-11 1.990739e-16 5.295731e-22 
1.527396e-35 2.119925e-27 3.556614e-20 7.212741e-14 1.768118e-08 0.0005239258 1.876617 812.5104 42523.57 269024.8 207450.8 59179.4 114122.5 59709.88 42583.32 13343.86 2129.115 148.8558 3.670304 0.02813669 5.694337e-05 2.548722e-08 2.08314e-12 2.708957e-17 5.169372e-23 
1.658933e-35 2.302489e-27 3.862904e-20 7.833891e-14 1.920386e-08 0.0005690455 2.038229 882.4826 46185.64 292206.5 227554.2 107890.3 225431.9 95043.35 45198.06 12808.15 1953.401 124.5602 2.734722 0.0170072 2.479315e-05 7.40046e-09 4.042507e-13 3.645043e-18 4.964535e-24 
1.330659e-35 1.846867e-27 3.098503e-20 6.283702e-14 1.540375e-08 0.0004564414 1.634899 707.8548 37046.33 234398.3 184532.3 119153 244591.5 124715.5 81155.44 17644.33 1787.863 95.45815 1.833468 0.009612149 1.115736e-05 2.459407e-09 9.278387e-14 5.582871e-19 5.075044e-25 
9.897879e-36 1.37376e-27 2.304768e-20 4.674023e-14 1.145782e-08 0.0003395161 1.216091 526.5256 27556.28 174363.2 138366.4 101253.6 196058.3 116886.4 84808.59 20639.83 2399.965 91.95646 1.219173 0.005053807 4.711836e-06 8.105102e-10 2.296381e-14 9.960146e-20 6.297333e-26 
1.364228e-35 1.893459e-27 3.17667e-20 6.442224e-14 1.579235e-08 0.0004679563 1.676143 725.7122 37980.92 240311.2 188196.3 88219.33 144844.6 91459.17 65045.84 16943.43 2157.345 87.37999 1.003785 0.002840183 1.857679e-06 2.397767e-10 5.162095e-15 1.681174e-20 7.838293e-27 
1.251146e-35 1.736508e-27 2.913353e-20 5.908222e-14 1.448331e-08 0.000429167 1.537206 665.5573 34832.68 220421.2 175767.3 120840.9 191220.5 86100.34 45510.04 11359.08 1411.46 58.49598 0.6718875 0.001696184 8.283845e-07 7.26656e-11 1.081855e-15 2.534614e-21 8.668225e-28 
1.352554e-35 1.877255e-27 3.149485e-20 6.387093e-14 1.565721e-08 0.0004639516 1.661799 719.5017 37655.94 238293.6 190023.5 120231.8 175784.6 99762.68 52879.06 9074.248 840.4687 31.53873 0.3396821 0.0007975484 3.426756e-07 2.411947e-11 2.615948e-16 4.217144e-22 9.843648e-29 
1.356565e-35 1.882822e-27 3.158825e-20 6.406034e-14 1.570364e-08 0.0004653275 1.666727 721.6354 37767.65 239029.4 192707.9 136088.6 184554.6 96201.52 46889.9 8785.713 697.8083 17.86309 0.1488566 0.0002980274 1.104332e-07 6.587361e-12 5.845051e-17 7.351842e-23 1.272661e-29 
1.622066e-35 2.251321e-27 3.777059e-20 7.659799e-14 1.87771e-08 0.0005563997 1.992933 862.8712 45159.42 285821.8 230213.7 146976.2 181867.4 98449.6 43140.17 6843.956 490.4373 11.12727 0.06699207 9.376067e-05 2.643255e-08 1.258489e-12 8.995665e-18 9.055987e-24 1.237148e-30 
1.703233e-35 2.363975e-27 3.966059e-20 8.043088e-14 1.971668e-08 0.0005842414 2.092658 906.0485 47419.28 300189.8 245826.4 181495.4 208863.5 101304 39044.89 5743.99 347.151 6.475255 0.0322479 3.413033e-05 6.681936e-09 2.221817e-13 1.159627e-18 8.814191e-25 9.228056e-32 
1.950425e-35 2.707061e-27 4.541657e-20 9.21039e-14 2.257819e-08 0.0006690329 2.396367 1037.544 54301.39 343799.2 282768.4 201547.2 216845.7 112462 38739.83 4692.66 235.4494 3.606463 0.01407876 1.156392e-05 1.719112e-09 4.129541e-14 1.497367e-19 7.860952e-26 5.783396e-33 
2.188227e-35 3.037115e-27 5.095391e-20 1.033335e-13 2.533099e-08 0.0007506036 2.68854 1164.045 60922.23 385813.3 321395.4 240046 239049 116089.8 36219.94 4104.874 170.0332 2.017564 0.006082202 3.794536e-06 4.215517e-10 7.522102e-15 2.005169e-20 7.585593e-27 3.934152e-34 
2.574352e-35 3.57303e-27 5.994499e-20 1.215672e-13 2.980078e-08 0.0008830516 3.162947 1369.447 71672.59 453997.9 381268.6 281181.1 261127.5 124449.4 33938.94 3274.46 115.0402 1.114432 0.002544486 1.169351e-06 9.546892e-11 1.246433e-15 2.418428e-21 6.642364e-28 2.495966e-35 
2.937398e-35 4.076915e-27 6.839871e-20 1.387112e-13 3.400342e-08 0.001007583 3.609 1562.573 81780.82 518234.6 442419.6 341537.9 296550.9 134094.9 32648.11 2790.708 80.60933 0.6229853 0.001113311 3.85307e-07 2.288016e-11 2.144272e-16 2.984108e-22 5.883971e-29 1.58666e-36 
2.483104e-35 3.446385e-27 5.782026e-20 1.172583e-13 2.87445e-08 0.000851752 3.050837 1320.908 69134.23 438616.5 395541.2 391109.3 329591.7 144874.8 30892.85 2249.495 53.61658 0.3297783 0.000451095 1.174244e-07 5.177357e-12 3.540224e-17 3.536235e-23 4.956985e-30 9.47484e-38 
2.363037e-35 3.27974e-27 5.502444e-20 1.115885e-13 2.73546e-08 0.0008105667 2.903318 1257.038 65792.12 417561.9 377306.9 346957.3 299458.8 150728 29968.7 1938.757 38.10001 0.185546 0.0001951998 3.807734e-08 1.235465e-12 6.16271e-18 4.467399e-24 4.517948e-31 6.186653e-39 
2.39426e-35 3.323075e-27 5.575148e-20 1.130629e-13 2.771603e-08 0.0008212767 2.94168 1273.647 66661.19 422992.9 378570.9 331219.6 275714.6 127369.3 25806.29 1715.845 31.19141 0.1319575 0.000116321 1.867897e-08 4.940917e-13 1.994074e-18 1.162764e-24 9.429093e-32 1.034113e-39 
2.39426e-35 3.323075e-27 5.575148e-20 1.130629e-13 2.771603e-08 0.0008212767 2.94168 1273.647 66661.19 422992.9 378570.9 331223.8 275851.4 127647.1 25485.2 1606.133 27.10163 0.1042171 8.215464e-05 1.166934e-08 2.70939e-13 9.549826e-19 4.845825e-25 3.410522e-32 3.240096e-40 
