# Number of parameters = 106 Objective function value = 26726.0953495496  Maximum gradient component = 0.000852657335723494
# srv_sel50:
4.26109364107
# srv_sel95:
10.1486799644
# stNatLen:
 13.3572634485 12.4569079947 11.5851464312 10.7940082763 10.1339466193 9.60703043698 9.18924107396 8.85630444225 8.59001405349 8.37767454326 8.21054189395 8.08258984084 7.98970090640 7.92918974847 7.89940676073
# log_avg_fmort_dir:
-0.390834267289
# fmort_dir_dev:
 0.0650185638104 -0.398814142322 -0.450523047937 -0.873910525730 -0.829829000243 -0.728589738757 -0.670348386589 -0.346879028432 -0.0826972579094 0.222038507006 0.0222769973640 -0.317845658499 0.0300306408973 0.325332924747 0.197584662892 0.256306917997 0.240661856803 0.0140892712537 0.147123652694 0.196432941599 0.522583813792 0.378326854215 0.304009028731 0.437017417996 0.364383981779 0.232999854863 0.348498224416 0.394720673565
# mean_log_rec:
15.8454356321
# rec_dev:
 -3.19341017032 -4.31994070760 -2.33957853937 -0.735560439644 -0.358968867345 0.0754885643965 0.0377608904791 -0.0568752733492 0.129357203427 0.286371733744 0.600287955020 0.737539447963 0.578237912178 0.750502366293 0.618617065196 0.563335691162 0.660125584431 0.599493844768 0.568778933704 0.584119970249 0.287314756024 0.485829134085 0.538632484274 0.448227011258 0.571799162787 0.648515474358 0.616999408997 0.616999402828
# log_avg_NatM:
0.0875899862163
# m_dev:
 -0.453128816872 -0.558807981362 -1.11921504752 -0.618641438599 -0.238385097380 -0.0523764257693 0.187994895814 0.236903769287 -0.0988250997279 0.00882284021985 -0.0115006517152 0.150768026650 0.318010976578 -0.00546951049853 0.277202492202 0.231021112395 0.0995033017852 0.239238968021 0.165244459220 0.118685528727 0.323646630163 -0.0202986362554 0.160340652346 0.170797890486 -0.0159029095790 0.140751441889 0.192345677407 0.171272952092
# log_avg_GrowthK:
-1.02151300000
# log_avg_Linf:
3.36611700000
# GrowthK_dev:
 0.00000000000 0.00000000000 0.00000000000 0.00000000000 0.00000000000 0.00000000000 0.00000000000 0.00000000000 0.00000000000 0.00000000000 0.00000000000 0.00000000000 0.00000000000 0.00000000000 0.00000000000 0.00000000000 0.00000000000 0.00000000000 0.00000000000 0.00000000000 0.00000000000 0.00000000000 0.00000000000 0.00000000000 0.00000000000 0.00000000000 0.00000000000 0.00000000000
# Linf_dev:
 0.00000000000 0.00000000000 0.00000000000 0.00000000000 0.00000000000 0.00000000000 0.00000000000 0.00000000000 0.00000000000 0.00000000000 0.00000000000 0.00000000000 0.00000000000 0.00000000000 0.00000000000 0.00000000000 0.00000000000 0.00000000000 0.00000000000 0.00000000000 0.00000000000 0.00000000000 0.00000000000 0.00000000000 0.00000000000 0.00000000000 0.00000000000 0.00000000000
# SelPars50:
3.88022083604
# SelPars95:
8.51664831237
# SelPars_dev50:
 0.00000000000 0.00000000000 0.00000000000 0.00000000000 0.00000000000 0.00000000000 0.00000000000 0.00000000000 0.00000000000 0.00000000000 0.00000000000 0.00000000000 0.00000000000 0.00000000000 0.00000000000 0.00000000000 0.00000000000 0.00000000000 0.00000000000 0.00000000000 0.00000000000 0.00000000000 0.00000000000 0.00000000000 0.00000000000 0.00000000000 0.00000000000 0.00000000000
# SelPars_dev95:
 0.00000000000 0.00000000000 0.00000000000 0.00000000000 0.00000000000 0.00000000000 0.00000000000 0.00000000000 0.00000000000 0.00000000000 0.00000000000 0.00000000000 0.00000000000 0.00000000000 0.00000000000 0.00000000000 0.00000000000 0.00000000000 0.00000000000 0.00000000000 0.00000000000 0.00000000000 0.00000000000 0.00000000000 0.00000000000 0.00000000000 0.00000000000 0.00000000000
