# Number of parameters = 79 Objective function value = 19404.5667065681  Maximum gradient component = 2.57910751709563
# srv_sel50:
0.999795000406
# srv_sel95:
1.00063908367
# stNatLen:
 10.8829971450 9.50012518778 8.12518221631 7.19941329303 6.55939637253 6.08231274494 5.71100543307 5.41549076986 5.17817912753 4.98796798119 4.83751427877 4.72183782226 4.63755335572 4.58242984810 4.55513011084
# log_avg_fmort_dir:
0.555723380708
# fmort_dir_dev:
 -0.406970549203 -0.226742115309 -0.158425528230 -0.315166798556 -0.490347715862 -0.0909502285554 -0.0566246305311 -0.131350755249 -0.173652243527 -0.0146547713434 -0.0286572391487 -0.0121462159674 -0.0182803522867 0.0158774457705 0.159629731088 0.159920834326 0.165328013550 0.200352886022 0.169170299716 0.206882907158 0.230350873474 0.296856935720 0.255984193294 0.334538639938 0.290699542171 0.304698569122 0.379245177893 0.163276626853 -1.20884353233
# mean_log_rec:
13.6697293886
# rec_dev:
 -2.32027715797 -2.10325037691 -1.95265683282 -1.17169502025 -0.998353742175 -1.09106578851 -0.740299641560 -0.527872683937 -0.234849031679 0.0256372496862 0.297803312956 0.477155316399 0.606670422116 0.543555674809 0.446824459716 0.510494619184 0.451316865162 0.359607573492 0.397339301838 0.445305264333 0.541196673723 0.632984759678 0.678453414163 0.694491405506 0.740940420864 0.703165346830 0.685508421069 0.950934642050 0.950935132231
# log_avg_NatM:
-1.06669500000
# m_dev:
 0.00000000000 0.00000000000 0.00000000000 0.00000000000 0.00000000000 0.00000000000 0.00000000000 0.00000000000 0.00000000000 0.00000000000 0.00000000000 0.00000000000 0.00000000000 0.00000000000 0.00000000000 0.00000000000 0.00000000000 0.00000000000 0.00000000000 0.00000000000 0.00000000000 0.00000000000 0.00000000000 0.00000000000 0.00000000000 0.00000000000 0.00000000000 0.00000000000 0.00000000000
# log_avg_GrowthK:
-1.19613400000
# log_avg_Linf:
3.45239700000
# GrowthK_dev:
 0.00000000000 0.00000000000 0.00000000000 0.00000000000 0.00000000000 0.00000000000 0.00000000000 0.00000000000 0.00000000000 0.00000000000 0.00000000000 0.00000000000 0.00000000000 0.00000000000 0.00000000000 0.00000000000 0.00000000000 0.00000000000 0.00000000000 0.00000000000 0.00000000000 0.00000000000 0.00000000000 0.00000000000 0.00000000000 0.00000000000 0.00000000000 0.00000000000 0.00000000000
# Linf_dev:
 0.00000000000 0.00000000000 0.00000000000 0.00000000000 0.00000000000 0.00000000000 0.00000000000 0.00000000000 0.00000000000 0.00000000000 0.00000000000 0.00000000000 0.00000000000 0.00000000000 0.00000000000 0.00000000000 0.00000000000 0.00000000000 0.00000000000 0.00000000000 0.00000000000 0.00000000000 0.00000000000 0.00000000000 0.00000000000 0.00000000000 0.00000000000 0.00000000000 0.00000000000
# SelPars50:
1.00423770350
# SelPars95:
1.16014878624
# SelPars_dev50:
 0.00000000000 0.00000000000 0.00000000000 0.00000000000 0.00000000000 0.00000000000 0.00000000000 0.00000000000 0.00000000000 0.00000000000 0.00000000000 0.00000000000 0.00000000000 0.00000000000 0.00000000000 0.00000000000 0.00000000000 0.00000000000 0.00000000000 0.00000000000 0.00000000000 0.00000000000 0.00000000000 0.00000000000 0.00000000000 0.00000000000 0.00000000000 0.00000000000 0.00000000000
# SelPars_dev95:
 0.00000000000 0.00000000000 0.00000000000 0.00000000000 0.00000000000 0.00000000000 0.00000000000 0.00000000000 0.00000000000 0.00000000000 0.00000000000 0.00000000000 0.00000000000 0.00000000000 0.00000000000 0.00000000000 0.00000000000 0.00000000000 0.00000000000 0.00000000000 0.00000000000 0.00000000000 0.00000000000 0.00000000000 0.00000000000 0.00000000000 0.00000000000 0.00000000000 0.00000000000
