#Simulated generalized assessment 
# 
#start/end year 
71 98 
#number of ages 
15 
#ages 
1 2 3 4 5 6 7 8 9 10 11 12 13 14 15 
#Number of length bins 
25 
#CPUE years 
28 
#years for CPUE 
71 72 73 74 75 76 77 78 79 80 81 82 83 84 85 86 87 88 89 90 91 92 93 94 95 96 97 98 
#survey years 
28 
#years for survey 
71 72 73 74 75 76 77 78 79 80 81 82 83 84 85 86 87 88 89 90 91 92 93 94 95 96 97 98 
#length freq from catch years 
28 
#years for length freq catch 
71 72 73 74 75 76 77 78 79 80 81 82 83 84 85 86 87 88 89 90 91 92 93 94 95 96 97 98 
#catch length sample sizes 
200 200 200 200 200 200 200 200 200 200 200 200 200 200 200 200 200 200 200 200 200 200 200 200 200 200 200 200 
#length freq from survey years 
28 
#years for length freq survey 
71 72 73 74 75 76 77 78 79 80 81 82 83 84 85 86 87 88 89 90 91 92 93 94 95 96 97 98 
#survey sample sizes 
200 200 200 200 200 200 200 200 200 200 200 200 200 200 200 200 200 200 200 200 200 200 200 200 200 200 200 200 
#total survey biomass 
7518.682 6758.248 8507.071 11133.69 13854.54 14649.43 14830.74 26079.55 39412.51 46862.54 112711.5 94988.13 148906.7 125076.2 143366.6 82550.05 121849 63444.01 66879.02 101460.9 53047.53 84769.27 86234.52 149856.8 144623.7 124315.8 106604.4 72639.19 
#survey CV 
0.2 0.2 0.2 0.2 0.2 0.2 0.2 0.2 0.2 0.2 0.2 0.2 0.2 0.2 0.2 0.2 0.2 0.2 0.2 0.2 0.2 0.2 0.2 0.2 0.2 0.2 0.2 0.2 
#total CPUE 
7638.557 7622.579 8621.224 12698.04 16955.41 11512.66 20656.6 20063.07 33825.6 53966.41 92433.58 156003.4 93119.35 124674 132095.7 120649 93524.03 73091.84 87789.09 150474.4 126543.4 136600.5 146150.9 103260.7 113738.6 90443.72 203477.2 94751.59 
#CPUE CV 
0.2 0.2 0.2 0.2 0.2 0.2 0.2 0.2 0.2 0.2 0.2 0.2 0.2 0.2 0.2 0.2 0.2 0.2 0.2 0.2 0.2 0.2 0.2 0.2 0.2 0.2 0.2 0.2 
#total catch biomass 
4561.928 4850.332 5660.14 7698.151 10541.73 12724.8 12792.22 14650.71 23495.36 34398.06 43488.96 57183.76 75879.26 105657.7 105106.3 99667.77 74469.8 77289.64 81900.73 74962.09 88048.19 85977.51 94930.08 98519.9 106365 115262.7 125436.1 93472.33 
#catch CV 
0.05 0.05 0.05 0.05 0.05 0.05 0.05 0.05 0.05 0.05 0.05 0.05 0.05 0.05 0.05 0.05 0.05 0.05 0.05 0.05 0.05 0.05 0.05 0.05 0.05 0.05 0.05 0.05 
#Length Bins 
0.7268035 2.18041 3.634017 5.087624 6.541231 7.994838 9.448445 10.90205 12.35566 13.80927 15.26287 16.71648 18.17009 19.62369 21.0773 22.53091 23.98451 25.43812 26.89173 28.34534 29.79894 31.25255 32.70616 34.15976 35.61337 
#catch length counts 
5.428589e-37 7.534523e-29 1.264073e-21 2.563514e-15 6.284152e-10 1.862109e-05 0.06669773 28.87781 1511.35 9561.244 7325.557 1474.23 5503.498 4677.639 1447.14 1175.486 389.4904 135.5174 29.9685 4.027581 0.2398977 0.004531771 1.997317e-05 1.645172e-08 2.194589e-12 
5.56394e-37 7.722381e-29 1.29559e-21 2.62743e-15 6.440835e-10 1.908537e-05 0.0683607 29.59782 1549.032 9799.64 7510.085 1565.171 5670.956 4566.091 1460.583 1119.259 359.2055 117.2326 23.91284 2.807178 0.1375858 0.002022713 6.662147e-06 3.996977e-09 3.82457e-13 
8.333152e-37 1.156587e-28 1.940414e-21 3.93512e-15 9.646484e-10 2.85843e-05 0.1023843 44.32887 2319.996 14676.98 11242.55 1994.849 5851.599 4449.168 1465.351 1052.146 329.8951 100.7191 18.79483 1.920538 0.07708833 0.0008772091 2.151465e-06 9.387642e-10 6.4429e-14 
1.198804e-36 1.66386e-28 2.791471e-21 5.661047e-15 1.387739e-09 4.112125e-05 0.1472896 63.77132 3337.537 21114.26 16178.28 3009.186 8681.716 6147.378 1596.85 963.0828 292.5873 83.25085 14.18978 1.25145 0.04093647 0.0003597008 6.556958e-07 2.078404e-10 1.022759e-14 
1.804456e-36 2.504466e-28 4.201761e-21 8.521087e-15 2.088844e-09 6.189627e-05 0.2217024 95.98948 5023.707 31781.5 24356.58 4590.448 12530.36 8340.946 2266.363 1245.587 290.4263 68.75857 10.56722 0.8002458 0.02119379 0.0001434029 1.943074e-07 4.476463e-11 1.579952e-15 
1.976132e-36 2.742741e-28 4.601517e-21 9.331785e-15 2.287577e-09 6.778509e-05 0.2427952 105.1219 5501.663 34805.31 26710.5 6354.593 19372.91 12086.96 3300.827 1674.752 376.4591 72.35436 8.357121 0.5207627 0.01108802 5.758509e-05 5.796596e-08 9.719013e-12 2.464583e-16 
1.424438e-36 1.977026e-28 3.316871e-21 6.726548e-15 1.648934e-09 4.886093e-05 0.1750119 75.77411 3965.715 25088.58 19303.65 6291.874 20867.85 12427.99 4451.808 2220.537 470.846 81.58025 7.57763 0.3394238 0.005447798 2.148745e-05 1.604845e-08 1.959524e-12 3.575866e-17 
2.969603e-36 4.121612e-28 6.91486e-21 1.40232e-14 3.437622e-09 0.000101863 0.3648568 157.9704 8267.541 52303.08 40098.01 7287.706 15396.35 8951.403 4573.341 2317.642 579.8468 96.56158 7.717351 0.2629774 0.002931902 8.206372e-06 4.457458e-09 3.951739e-13 5.19302e-18 
4.414817e-36 6.127475e-28 1.028011e-20 2.084786e-14 5.110607e-09 0.0001514366 0.5424214 234.8497 12291.1 77757.8 59710.98 13637.78 32178.9 16166.62 3893.834 1711.756 545.156 98.97177 7.811122 0.2185878 0.001776215 3.387948e-06 1.258804e-09 7.830359e-14 7.320543e-19 
7.112995e-36 9.872367e-28 1.656294e-20 3.358932e-14 8.234026e-09 0.0002439892 0.8739298 378.3814 19802.98 125280.9 96244.08 22138.67 48415.68 23284 7304.33 2549.846 439.0722 78.72749 6.738511 0.1759398 0.001141956 1.564848e-06 3.96211e-10 1.660732e-14 1.059432e-19 
7.065618e-36 9.806613e-28 1.645263e-20 3.33656e-14 8.179183e-09 0.0002423642 0.868109 375.8612 19671.08 124448.2 95982.62 31405.32 75716.55 33870.22 10195.28 3393.417 597.6968 66.68535 4.410493 0.1116578 0.0006412274 6.931405e-07 1.274652e-10 3.702265e-15 1.602606e-20 
1.196842e-35 1.661138e-27 2.786903e-20 5.651783e-14 1.385468e-08 0.0004105395 1.470486 636.6696 33320.75 210800.9 162178.5 39744.96 76561.55 34422.16 15019.53 4724.715 771.7054 78.28881 3.561212 0.06350795 0.0003095075 2.820795e-07 4.090001e-11 8.830115e-16 2.726177e-21 
1.432235e-35 1.987848e-27 3.335027e-20 6.763367e-14 1.65796e-08 0.0004912838 1.759699 761.8888 39874.23 252265.6 194873.4 63534.76 128701 50512.29 15496.59 4925.315 970.5707 89.95929 3.404827 0.04222062 0.0001387738 9.580551e-08 1.105942e-11 1.872407e-16 4.387104e-22 
2.009706e-35 2.789339e-27 4.679695e-20 9.490327e-14 2.326442e-08 0.0006893673 2.469202 1069.079 55951.35 353979.6 273486.2 84468.42 153435 60642.06 23800.17 6124.401 949.0405 92.14693 3.248568 0.03174487 7.282097e-05 3.337935e-08 2.680472e-12 3.349671e-17 5.952493e-23 
1.773593e-35 2.46163e-27 4.129894e-20 8.375343e-14 2.053117e-08 0.000608376 2.179104 943.4768 49377.84 312407.4 243631.5 113866.8 216044.3 78924.05 28342.25 7459.93 1159.209 87.23 2.73677 0.02362994 4.222642e-05 1.373739e-08 7.433336e-13 6.22326e-18 7.610016e-24 
1.375382e-35 1.90894e-27 3.202643e-20 6.494895e-14 1.592147e-08 0.0004717823 1.689847 731.6455 38291.44 242276 190185.9 103988.3 187610.1 75766.87 35921.91 8526.564 1228.137 86.68086 2.16047 0.01494237 2.199154e-05 5.582548e-09 2.207851e-13 1.290048e-18 1.072577e-24 
1.55056e-35 2.152075e-27 3.610552e-20 7.322128e-14 1.794933e-08 0.0005318716 1.905078 824.8328 43168.49 273129.7 213352.7 91440.91 142702 59454.07 30367.42 8334.891 1272.383 78.89901 1.687395 0.009143254 1.01804e-05 1.993528e-09 6.069812e-14 2.657196e-19 1.602901e-25 
1.576112e-35 2.18754e-27 3.670052e-20 7.442791e-14 1.824513e-08 0.0005406364 1.936472 838.4254 43879.9 277647.7 218478.9 109514.2 161011.2 56942.74 23758.1 6722.895 1118.688 70.9293 1.307882 0.005700726 4.865353e-06 7.040628e-10 1.57803e-14 5.133087e-20 2.307307e-26 
1.653454e-35 2.294885e-27 3.850146e-20 7.808019e-14 1.914044e-08 0.0005671662 2.031497 879.5681 46033.17 291286.3 230118.6 118164.1 159931.3 58412.2 23752.49 5327.177 801.4288 51.16012 0.8899473 0.003255679 2.165206e-06 2.360206e-10 3.891098e-15 9.1708e-21 2.97573e-27 
1.630174e-35 2.262574e-27 3.795936e-20 7.698083e-14 1.887094e-08 0.0005591806 2.002894 867.1839 45385.07 287211.3 228765.7 129885.9 163770.4 58185.77 22564.82 4844.088 595.8006 31.69959 0.4981918 0.001599189 8.713e-07 7.3449e-11 9.056015e-16 1.567939e-21 3.693521e-28 
1.888089e-35 2.620543e-27 4.396504e-20 8.916022e-14 2.185658e-08 0.0006476504 2.319778 1004.384 52565.62 332665 265106 139947.1 159552.4 58220.61 21877.38 4364.215 477.4803 20.28573 0.2503914 0.0006614478 2.973704e-07 2.009658e-11 1.918801e-16 2.499891e-22 4.344887e-29 
2.002819e-35 2.779781e-27 4.663659e-20 9.457807e-14 2.31847e-08 0.0006870051 2.46074 1065.416 55759.89 352931.8 284309.7 166706.2 176289.8 58797.1 19957.43 3815.616 371.3717 13.06644 0.123638 0.0002449279 8.446982e-08 4.454148e-12 3.314205e-17 3.324155e-23 4.378086e-30 
2.213066e-35 3.07159e-27 5.15323e-20 1.045065e-13 2.561853e-08 0.0007591239 2.719058 1177.258 61613.44 390035.4 316539.8 190133 186383.1 64894.64 20621.15 3428.73 293.5313 8.660971 0.0641425 9.463311e-05 2.37905e-08 9.186214e-13 5.074298e-18 3.817971e-24 3.786286e-31 
2.471489e-35 3.430264e-27 5.754979e-20 1.167098e-13 2.861004e-08 0.0008477678 3.036566 1314.729 68808.33 435665.1 357030.4 222801.5 202022.8 69314.54 20944.63 3266.483 234.6643 5.635422 0.0329511 3.680397e-05 6.788822e-09 1.88925e-13 7.476722e-19 4.041509e-25 2.899298e-32 
2.823839e-35 3.919302e-27 6.575443e-20 1.333487e-13 3.268885e-08 0.0009686305 3.469477 1502.164 78618.33 497875.2 411074.4 255828.3 213570.5 71893.48 20077.1 2884.876 180.7559 3.482172 0.01566166 1.323353e-05 1.812134e-09 3.677565e-14 1.047553e-19 4.04233e-26 2.061836e-33 
2.983592e-35 4.141029e-27 6.947435e-20 1.408926e-13 3.453816e-08 0.001023429 3.665755 1587.146 83066.64 526269.4 443242.6 305341.4 238868.5 77952.97 19980.77 2590.852 139.6424 2.194817 0.007598927 4.78043e-06 4.816414e-10 7.145432e-15 1.477367e-20 4.108001e-27 1.500438e-34 
2.862776e-35 3.973344e-27 6.666109e-20 1.351873e-13 3.313959e-08 0.0009819865 3.517316 1522.877 79703.97 505276.2 436558.3 334149.1 249819.7 84886.77 20289.35 2335.843 106.2351 1.34768 0.003620459 1.708733e-06 1.262062e-10 1.356836e-15 2.023983e-21 4.052258e-28 1.063627e-35 
2.79284e-35 3.876278e-27 6.503261e-20 1.318848e-13 3.233001e-08 0.0009579974 3.431391 1485.675 77757.87 493187.2 431913.7 330045.4 234524.1 83357.36 19313.59 2039.558 77.5773 0.7818411 0.001615654 5.733654e-07 3.128349e-11 2.450137e-16 2.636463e-22 3.785242e-29 7.103781e-37 
#survey length counts 
7.238545e-37 1.004662e-28 1.68553e-21 3.41822e-15 8.379364e-10 2.482959e-05 0.08893555 38.50602 2015.252 12749.08 9767.746 1952.148 7244.767 6158.216 1911.56 1552.73 506.3557 173.1614 37.4203 4.859233 0.2772859 0.005016663 2.125767e-05 1.691593e-08 2.189601e-12 
1.057091e-36 1.467173e-28 2.461487e-21 4.991846e-15 1.223692e-09 3.626024e-05 0.1298783 56.23282 2943.002 18618.29 14258.66 2451.255 7383.259 5940.55 1896.061 1450.498 461.9348 148.6158 29.56061 3.372134 0.1592638 0.002249216 7.136887e-06 4.144332e-09 3.85518e-13 
1.498727e-36 2.080135e-28 3.489857e-21 7.077361e-15 1.734932e-09 5.14092e-05 0.1841394 79.726 4172.541 26396.73 20221.11 3651.06 10908.87 8208.116 2082.849 1330.384 410.5579 123.687 22.63397 2.24935 0.08746167 0.0009616427 2.279943e-06 9.647845e-10 6.44646e-14 
2.239676e-36 3.108522e-28 5.215191e-21 1.05763e-14 2.592656e-09 7.682513e-05 0.2751751 119.1413 6235.383 39446.9 30223.54 5543.218 15770.14 11175.75 2962.002 1745.132 416.9768 103.6212 17.20453 1.482296 0.04712972 0.0004021159 7.122502e-07 2.197121e-10 1.05474e-14 
2.400706e-36 3.332021e-28 5.590157e-21 1.133673e-14 2.779065e-09 8.234878e-05 0.2949599 127.7075 6683.7 42283.21 32436.46 7505.649 24131.03 16057.91 4279.351 2336.609 540.3862 111.1534 13.83131 0.9837598 0.02537965 0.0001674231 2.213581e-07 4.983943e-11 1.721864e-15 
1.723406e-36 2.391973e-28 4.013032e-21 8.138348e-15 1.99502e-09 5.911609e-05 0.2117442 91.67794 4798.059 30354.21 23339.55 7391.888 26091.35 16541.63 5758.915 3131.051 684.459 127.9114 13.0457 0.6695838 0.01304011 6.570165e-05 6.473868e-08 1.064418e-11 2.650753e-16 
3.554434e-36 4.93332e-28 8.276669e-21 1.678492e-14 4.114625e-09 0.0001219239 0.4367114 189.081 9895.745 62603.55 47981.99 8575.307 19208.53 11813.67 5876.5 3251.912 840.1917 153.4347 13.623 0.5406022 0.007349633 2.62919e-05 1.888808e-08 2.260387e-12 4.060226e-17 
5.230543e-36 7.259649e-28 1.217957e-20 2.469992e-14 6.054894e-09 0.0001794176 0.6426446 278.2429 14562.13 92124.92 70713.39 15883.17 40094.11 21603.62 5106.326 2370.39 784.0358 157.1027 14.05687 0.4654591 0.004665582 1.141546e-05 5.611067e-09 4.716067e-13 6.034957e-18 
8.261365e-36 1.146623e-27 1.923698e-20 3.901221e-14 9.563384e-09 0.0002833805 1.015023 439.4699 23000.11 145506.7 111731.9 25384.27 59704.59 30675.46 9470.473 3634.133 639.6041 122.9251 12.12588 0.3816389 0.003100769 5.490395e-06 1.843028e-09 1.04386e-13 9.117513e-19 
8.208585e-36 1.139298e-27 1.911408e-20 3.876297e-14 9.502286e-09 0.0002815701 1.008538 436.6623 22853.17 144578.9 111417.6 36042.88 94033.14 44966.32 13371.71 4856.159 899.2423 109.8226 8.095596 0.249151 0.001818468 2.565662e-06 6.283867e-10 2.468919e-14 1.462676e-19 
1.381132e-35 1.916921e-27 3.216032e-20 6.522048e-14 1.598803e-08 0.0004737546 1.696912 734.7043 38451.5 243259.3 187045.2 45536.12 95113.32 45187.46 19684 6816.775 1171.793 132.2799 6.875519 0.146581 0.0009086062 1.090696e-06 2.11976e-10 6.208585e-15 2.624634e-20 
1.64618e-35 2.284789e-27 3.833208e-20 7.773669e-14 1.905624e-08 0.0005646711 2.02256 875.6987 45830.59 289946.7 223778.1 72691.97 160448.1 67181.62 20536.85 7020.214 1486.105 155.2572 6.824538 0.1028316 0.0004277246 3.883189e-07 6.034124e-11 1.391553e-15 4.47378e-21 
2.308171e-35 3.20359e-27 5.374687e-20 1.089976e-13 2.671947e-08 0.0007917467 2.835908 1227.85 64260.8 406546.8 313818.8 96908.22 192307 80181.67 31886.9 8997.125 1468.907 160.6978 6.72797 0.08105233 0.0002375293 1.431906e-07 1.546562e-11 2.638126e-16 6.452167e-22 
2.017731e-35 2.800477e-27 4.698381e-20 9.528222e-14 2.335732e-08 0.00069212 2.479061 1073.348 56174.77 355405.2 276711.8 129982.3 270229.3 104238.5 38037.27 10846.55 1831.296 155.344 5.762377 0.06225124 0.0001437226 6.182299e-08 4.503974e-12 5.145843e-17 8.669914e-23 
1.558804e-35 2.163518e-27 3.62975e-20 7.36106e-14 1.804477e-08 0.0005346996 1.915207 829.2185 43398.02 274579.9 215095.1 118782.7 234987.3 98285.59 48560.08 12546.58 1957.641 158.2339 4.71776 0.04079406 7.80937e-05 2.639322e-08 1.409979e-12 1.124875e-17 1.28763e-23 
1.770439e-35 2.457253e-27 4.122552e-20 8.360452e-14 2.049466e-08 0.0006072944 2.17523 941.7993 49290.05 311854.9 243202.6 105539.3 180854.6 77357.16 41471.97 12249.67 2082.723 148.7205 3.845605 0.02631806 3.820813e-05 9.989862e-09 4.123489e-13 2.470066e-18 2.05215e-24 
1.789497e-35 2.483704e-27 4.166928e-20 8.450447e-14 2.071528e-08 0.0006138315 2.198645 951.9372 49820.64 315228.1 247531.4 126312.1 204430.2 74927.15 32549.46 9828.518 1827.432 135.9832 3.074179 0.01705354 1.910003e-05 3.701908e-09 1.126972e-13 5.02711e-19 3.118147e-25 
1.875232e-35 2.602699e-27 4.366567e-20 8.855311e-14 2.170775e-08 0.0006432404 2.303982 997.5449 52207.59 330344.4 260384.8 136723.3 203767.2 76651.97 33142.66 7956.126 1320.645 99.51805 2.154905 0.01015608 8.917872e-06 1.306906e-09 2.933296e-14 9.49342e-20 4.25609e-26 
1.852615e-35 2.571308e-27 4.313902e-20 8.748507e-14 2.144593e-08 0.0006354823 2.276194 985.5135 51577.95 326385.4 259273.4 151286.6 210106.4 76814.47 31805.87 7373.661 1014.57 63.32285 1.244595 0.005199725 3.771019e-06 4.29359e-10 7.225306e-15 1.720479e-20 5.604751e-27 
2.141043e-35 2.971627e-27 4.98552e-20 1.011053e-13 2.478479e-08 0.0007344185 2.630568 1138.945 59607.99 377212.3 299842.3 163291.9 205039.1 76800.92 31111.47 6722.298 832.7745 42.00277 0.6483772 0.002235684 1.345658e-06 1.23451e-10 1.614003e-15 2.897195e-21 6.970361e-28 
2.29387e-35 3.18374e-27 5.341384e-20 1.083222e-13 2.655391e-08 0.0007868409 2.818336 1220.242 63862.86 404188.6 324621.5 197352 229964.3 79034.9 28884.05 6016.426 669.9017 28.31461 0.3378783 0.0008755496 4.050553e-07 2.908868e-11 2.973439e-16 4.119204e-22 7.521349e-29 
2.540754e-35 3.526398e-27 5.916265e-20 1.199807e-13 2.941185e-08 0.0008715268 3.121667 1351.574 70736.38 447744.5 362217.1 226595.6 244318 87681.73 30364.64 5516.462 543.4018 19.47768 0.1835123 0.0003560167 1.203302e-07 6.33773e-12 4.819366e-17 5.020339e-23 6.917524e-30 
2.818198e-35 3.911473e-27 6.562308e-20 1.330823e-13 3.262356e-08 0.0009666957 3.462547 1499.163 78460.83 496720.9 405688.6 264986.1 263997 93579.27 30874.56 5323.386 444.2082 13.04076 0.09773286 0.000144321 3.590268e-08 1.365066e-12 7.444871e-18 5.578334e-24 5.56905e-31 
3.249761e-35 4.510454e-27 7.567222e-20 1.534617e-13 3.761934e-08 0.00111473 3.992781 1728.737 90476.13 572885.3 471378.9 308258.6 282428.4 98614.46 30174.9 4822.929 355.0478 8.444601 0.04893225 5.489279e-05 1.016897e-08 2.824847e-13 1.110033e-18 5.940926e-25 4.218961e-32 
3.443529e-35 4.779391e-27 8.01842e-20 1.62612e-13 3.986241e-08 0.001181196 4.230852 1831.813 95871.37 607272.4 509471.5 370764.4 317752.6 108075 30461.02 4428.081 282.7771 5.540537 0.0248837 2.085921e-05 2.850006e-09 5.798245e-14 1.655869e-19 6.390678e-26 3.251014e-33 
3.293082e-35 4.57058e-27 7.668096e-20 1.555074e-13 3.812082e-08 0.00112959 4.046006 1751.782 91683.65 581059.3 499845.9 406291.5 331364.4 118049.9 31226.57 4064.34 220.8864 3.520558 0.01234472 7.795776e-06 7.826916e-10 1.15567e-14 2.383919e-20 6.630988e-27 2.425857e-34 
3.221679e-35 4.471477e-27 7.501831e-20 1.521356e-13 3.729426e-08 0.001105097 3.958278 1713.799 89696.61 568718.8 495927.3 403820.3 311791.5 116862.7 30084.55 3636.411 166.8992 2.128737 0.005771611 2.750558e-06 2.044935e-10 2.202918e-15 3.280967e-21 6.548651e-28 1.713936e-35 
3.421062e-35 4.748209e-27 7.966106e-20 1.61551e-13 3.960233e-08 0.00117349 4.203249 1819.863 95248.85 604162.7 530705.8 413085.5 295700.4 108115.9 26831.62 3081.721 122.9222 1.257592 0.002610987 9.315637e-07 5.116285e-11 4.032722e-16 4.360945e-22 6.279399e-29 1.179484e-36 
