# Number of parameters = 106 Objective function value = 26724.3594419376  Maximum gradient component = 0.00278788292662670
# srv_sel50:
4.49681445458
# srv_sel95:
11.5040369700
# stNatLen:
 13.4870792341 12.6314801613 11.7313400251 10.8856180279 10.1771713888 9.61185180738 9.16428946958 8.80850343066 8.52477809300 8.29921401320 8.12216730819 7.98696646422 7.88904494738 7.82535729094 7.79403546612
# log_avg_fmort_dir:
-0.431292234522
# fmort_dir_dev:
 -0.371730438976 -0.673864197301 -0.674602551891 -0.825637546784 -0.557317474015 -0.722504304354 -0.642526095695 -0.239397774651 -0.0151428679504 0.291823276744 0.125581725010 0.202032551390 0.214291288465 0.190282000818 0.149259621537 0.557988847814 0.245779496423 0.257232332001 0.0768636426111 0.209146731528 0.106721683970 0.246915176380 0.171957797601 0.258044836951 0.310698470748 0.317296168878 0.473034860385 0.317772742361
# mean_log_rec:
15.5877515124
# rec_dev:
 -3.04860404151 -4.24051579736 -2.43855132685 -0.959384116438 -0.571450712238 0.120195799889 0.223275224712 0.277311471899 0.0551318698028 0.182828953925 0.458407488295 0.450767993278 0.588366007654 0.694504309178 0.632959105125 0.693687832277 0.517772953791 0.641573374939 0.474346549530 0.527603018102 0.765577244262 0.514447165194 0.600259377450 0.623643471006 0.679079441316 0.475043917254 0.530861719436 0.530861706094
# log_avg_NatM:
0.0512794448982
# m_dev:
 -0.228839630067 -0.377582977011 -0.730936317077 -0.526261676024 -0.334415327578 -0.182396041984 0.110179980832 0.0124107846650 0.226222128874 -0.0737181580737 -0.0351691327333 0.207090428887 -0.00882515913083 0.0418358386794 0.212044902624 0.0660061810954 0.254053061250 -0.111616402779 0.268185940826 0.105146194594 -0.0749648886538 0.297301385480 0.0880784605962 0.167689810215 0.0980219067082 0.308495521926 0.0682261320545 0.153737051806
# log_avg_GrowthK:
-1.02151300000
# log_avg_Linf:
3.36611700000
# GrowthK_dev:
 0.00000000000 0.00000000000 0.00000000000 0.00000000000 0.00000000000 0.00000000000 0.00000000000 0.00000000000 0.00000000000 0.00000000000 0.00000000000 0.00000000000 0.00000000000 0.00000000000 0.00000000000 0.00000000000 0.00000000000 0.00000000000 0.00000000000 0.00000000000 0.00000000000 0.00000000000 0.00000000000 0.00000000000 0.00000000000 0.00000000000 0.00000000000 0.00000000000
# Linf_dev:
 0.00000000000 0.00000000000 0.00000000000 0.00000000000 0.00000000000 0.00000000000 0.00000000000 0.00000000000 0.00000000000 0.00000000000 0.00000000000 0.00000000000 0.00000000000 0.00000000000 0.00000000000 0.00000000000 0.00000000000 0.00000000000 0.00000000000 0.00000000000 0.00000000000 0.00000000000 0.00000000000 0.00000000000 0.00000000000 0.00000000000 0.00000000000 0.00000000000
# SelPars50:
3.52273058535
# SelPars95:
8.22033361759
# SelPars_dev50:
 0.00000000000 0.00000000000 0.00000000000 0.00000000000 0.00000000000 0.00000000000 0.00000000000 0.00000000000 0.00000000000 0.00000000000 0.00000000000 0.00000000000 0.00000000000 0.00000000000 0.00000000000 0.00000000000 0.00000000000 0.00000000000 0.00000000000 0.00000000000 0.00000000000 0.00000000000 0.00000000000 0.00000000000 0.00000000000 0.00000000000 0.00000000000 0.00000000000
# SelPars_dev95:
 0.00000000000 0.00000000000 0.00000000000 0.00000000000 0.00000000000 0.00000000000 0.00000000000 0.00000000000 0.00000000000 0.00000000000 0.00000000000 0.00000000000 0.00000000000 0.00000000000 0.00000000000 0.00000000000 0.00000000000 0.00000000000 0.00000000000 0.00000000000 0.00000000000 0.00000000000 0.00000000000 0.00000000000 0.00000000000 0.00000000000 0.00000000000 0.00000000000
