# Number of parameters = 106 Objective function value = 26594.5702066850  Maximum gradient component = 7992.18934337532
# srv_sel50:
0.999870539707
# srv_sel95:
1.00037078474
# stNatLen:
 11.3028444311 10.6576197919 8.95130273037 7.68560385666 6.78439886046 6.14614624930 5.66291896113 5.25654831462 4.98613050829 4.79400134750 4.60293656349 4.50861021627 4.42793219434 4.36938210379 4.40773986637
# log_avg_fmort_dir:
0.874347764432
# fmort_dir_dev:
 -1.17373221428 -0.669913674526 -0.854147001988 -0.981753722582 -0.742996044805 -0.426221523367 -0.486497543920 -0.274899744471 -0.337793343533 -0.0471884612164 -0.160574334358 -0.114380153436 -0.120773045549 0.101264109058 0.108165819475 0.173366401324 0.201472324317 0.225110923244 0.260675271466 0.436612698804 0.329038647577 0.580583842440 0.493619480573 0.609429179204 0.727449837088 0.745592830397 0.737555643662 0.660933799399
# mean_log_rec:
13.9310234870
# rec_dev:
 -2.86139572578 -2.53846517497 -2.59106790617 -1.82304515634 -1.32120741107 -0.840873937847 -0.488970316830 -0.208864118802 0.0513252712559 0.0651300311080 0.305874105277 0.543554614432 0.627458140137 0.552610056988 0.573720419479 0.560364347515 0.562354380523 0.654360394892 0.744815540768 0.685490370047 0.790691970226 0.714732748579 0.936533984348 1.00183683898 0.940319552076 0.869861997061 0.742991298100 0.749863686028
# log_avg_NatM:
-3.04820610529
# m_dev:
 -0.964662951197 -0.896644701448 -0.836152149433 -0.770271643140 -0.678439497468 -0.545867609424 -0.350872589863 -0.234057094779 -0.154241485525 -0.0933368238556 -0.0235312980764 0.0844571667465 0.161583832388 0.160746826127 0.163507631549 0.181166011367 0.178886297347 0.218288477997 0.286239335877 0.336626272040 0.373116298634 0.397751546788 0.433288270603 0.496149295392 0.549164460899 0.527824184897 0.517873876858 0.481408058699
# log_avg_GrowthK:
-1.20372700000
# log_avg_Linf:
3.45755400000
# GrowthK_dev:
 0.00000000000 0.00000000000 0.00000000000 0.00000000000 0.00000000000 0.00000000000 0.00000000000 0.00000000000 0.00000000000 0.00000000000 0.00000000000 0.00000000000 0.00000000000 0.00000000000 0.00000000000 0.00000000000 0.00000000000 0.00000000000 0.00000000000 0.00000000000 0.00000000000 0.00000000000 0.00000000000 0.00000000000 0.00000000000 0.00000000000 0.00000000000 0.00000000000
# Linf_dev:
 0.00000000000 0.00000000000 0.00000000000 0.00000000000 0.00000000000 0.00000000000 0.00000000000 0.00000000000 0.00000000000 0.00000000000 0.00000000000 0.00000000000 0.00000000000 0.00000000000 0.00000000000 0.00000000000 0.00000000000 0.00000000000 0.00000000000 0.00000000000 0.00000000000 0.00000000000 0.00000000000 0.00000000000 0.00000000000 0.00000000000 0.00000000000 0.00000000000
# SelPars50:
1.04801804974
# SelPars95:
1.29772930307
# SelPars_dev50:
 0.00000000000 0.00000000000 0.00000000000 0.00000000000 0.00000000000 0.00000000000 0.00000000000 0.00000000000 0.00000000000 0.00000000000 0.00000000000 0.00000000000 0.00000000000 0.00000000000 0.00000000000 0.00000000000 0.00000000000 0.00000000000 0.00000000000 0.00000000000 0.00000000000 0.00000000000 0.00000000000 0.00000000000 0.00000000000 0.00000000000 0.00000000000 0.00000000000
# SelPars_dev95:
 0.00000000000 0.00000000000 0.00000000000 0.00000000000 0.00000000000 0.00000000000 0.00000000000 0.00000000000 0.00000000000 0.00000000000 0.00000000000 0.00000000000 0.00000000000 0.00000000000 0.00000000000 0.00000000000 0.00000000000 0.00000000000 0.00000000000 0.00000000000 0.00000000000 0.00000000000 0.00000000000 0.00000000000 0.00000000000 0.00000000000 0.00000000000 0.00000000000
