# Number of parameters = 78 Objective function value = 20916.1917582496  Maximum gradient component = 0.000674515590474222
# srv_sel50:
1.14985800881
# srv_sel95:
2.58053270573
# stNatLen:
 11.2669839607 10.5469666281 8.64752538572 7.35468362779 6.51468186222 5.92603447728 5.48499965419 5.14238285516 4.87170027766 4.65720939219 4.48893688279 4.36032661679 4.26701973136 4.20618536945 4.17614355403
# log_avg_fmort_dir:
0.716089486691
# fmort_dir_dev:
 -1.17751927533 -0.726909583907 -0.603729179887 -0.528195544521 -0.613131197462 -0.357216116853 -0.251829464713 -0.279204279739 -0.163810809585 -0.152098476786 -0.0932424637079 -0.0351685752404 -0.0816856391235 0.0249153195290 0.108767989201 0.221269899267 0.366458170980 0.224714471467 0.303230327332 0.374828982962 0.346181908839 0.328215574684 0.548951160116 0.426627094915 0.423580286104 0.519906940852 0.554842251211 0.291250229399
# mean_log_rec:
13.5096861471
# rec_dev:
 -1.95349200901 -1.80857627219 -1.70110617428 -1.39232472376 -1.25124141427 -1.15291588125 -0.775601551242 -0.413194759542 -0.163206115056 -0.0113879783322 0.298995392537 0.689913186902 0.782211525378 0.547699121334 0.459008955096 0.488213884923 0.388541295983 0.436582127977 0.437419405697 0.481714877350 0.548533981290 0.621687473702 0.643245930994 0.766438169769 0.818653317233 0.754854998195 0.729666577681 0.729666656897
# log_avg_NatM:
-0.761693783372
# m_dev:
 0.00000000000 0.00000000000 0.00000000000 0.00000000000 0.00000000000 0.00000000000 0.00000000000 0.00000000000 0.00000000000 0.00000000000 0.00000000000 0.00000000000 0.00000000000 0.00000000000 0.00000000000 0.00000000000 0.00000000000 0.00000000000 0.00000000000 0.00000000000 0.00000000000 0.00000000000 0.00000000000 0.00000000000 0.00000000000 0.00000000000 0.00000000000 0.00000000000
# log_avg_GrowthK:
-1.18630400000
# log_avg_Linf:
3.44583300000
# GrowthK_dev:
 0.00000000000 0.00000000000 0.00000000000 0.00000000000 0.00000000000 0.00000000000 0.00000000000 0.00000000000 0.00000000000 0.00000000000 0.00000000000 0.00000000000 0.00000000000 0.00000000000 0.00000000000 0.00000000000 0.00000000000 0.00000000000 0.00000000000 0.00000000000 0.00000000000 0.00000000000 0.00000000000 0.00000000000 0.00000000000 0.00000000000 0.00000000000 0.00000000000
# Linf_dev:
 0.00000000000 0.00000000000 0.00000000000 0.00000000000 0.00000000000 0.00000000000 0.00000000000 0.00000000000 0.00000000000 0.00000000000 0.00000000000 0.00000000000 0.00000000000 0.00000000000 0.00000000000 0.00000000000 0.00000000000 0.00000000000 0.00000000000 0.00000000000 0.00000000000 0.00000000000 0.00000000000 0.00000000000 0.00000000000 0.00000000000 0.00000000000 0.00000000000
# SelPars50:
1.21573952695
# SelPars95:
1.78115949722
# SelPars_dev50:
 0.00000000000 0.00000000000 0.00000000000 0.00000000000 0.00000000000 0.00000000000 0.00000000000 0.00000000000 0.00000000000 0.00000000000 0.00000000000 0.00000000000 0.00000000000 0.00000000000 0.00000000000 0.00000000000 0.00000000000 0.00000000000 0.00000000000 0.00000000000 0.00000000000 0.00000000000 0.00000000000 0.00000000000 0.00000000000 0.00000000000 0.00000000000 0.00000000000
# SelPars_dev95:
 0.00000000000 0.00000000000 0.00000000000 0.00000000000 0.00000000000 0.00000000000 0.00000000000 0.00000000000 0.00000000000 0.00000000000 0.00000000000 0.00000000000 0.00000000000 0.00000000000 0.00000000000 0.00000000000 0.00000000000 0.00000000000 0.00000000000 0.00000000000 0.00000000000 0.00000000000 0.00000000000 0.00000000000 0.00000000000 0.00000000000 0.00000000000 0.00000000000
