# Number of parameters = 77 Objective function value = 21964.0172048219  Maximum gradient component = 0.00199599996504827
# srv_sel50:
0.276627008441
# srv_sel95:
1.89732575124
# stNatLen:
 10.3468514039 9.61597381470 8.36126194905 7.34774455836 6.60029987285 6.04658156929 5.62537221468 5.29731120215 5.03834168489 4.83346981910 4.67302655824 4.55060944505 4.46194154630 4.40422252753 4.37575394142
# log_avg_fmort_dir:
0.765503675449
# fmort_dir_dev:
 -0.384722951780 -0.170534161277 -0.269204224202 -0.168187213418 -0.225307326760 -0.194834843869 -0.0930281530762 -0.00494512580336 -0.363238740181 -0.0640429929571 0.000354568616615 -0.137163726912 -0.00975364098671 0.130842594868 0.229729066567 0.253729295871 -0.0155527447927 0.237394533325 0.176155587971 0.126207592782 0.207479275363 -0.0167389947902 0.185410661272 0.0849985990673 0.0463520104675 0.168924320577 0.152678006830 0.116998727226
# mean_log_rec:
12.3453453691
# rec_dev:
 -1.85470939678 -1.59261827874 -1.32459708926 -1.06813019004 -1.03523936768 -1.21034497417 -0.909289383157 -0.174632980074 -0.244828731376 -0.237168407159 0.437118908767 0.684461387634 0.622964129264 0.364660544210 0.287005706847 0.436180161500 0.355547335926 0.388843156299 0.381050324423 0.412090537828 0.547319894861 0.550829213671 0.705238799191 0.744259794145 0.615616179059 0.552773149660 0.782799869817 0.782799705342
# log_avg_NatM:
-0.940144300000
# m_dev:
 0.00000000000 0.00000000000 0.00000000000 0.00000000000 0.00000000000 0.00000000000 0.00000000000 0.00000000000 0.00000000000 0.00000000000 0.00000000000 0.00000000000 0.00000000000 0.00000000000 0.00000000000 0.00000000000 0.00000000000 0.00000000000 0.00000000000 0.00000000000 0.00000000000 0.00000000000 0.00000000000 0.00000000000 0.00000000000 0.00000000000 0.00000000000 0.00000000000
# log_avg_GrowthK:
-1.02151300000
# log_avg_Linf:
3.36611700000
# GrowthK_dev:
 0.00000000000 0.00000000000 0.00000000000 0.00000000000 0.00000000000 0.00000000000 0.00000000000 0.00000000000 0.00000000000 0.00000000000 0.00000000000 0.00000000000 0.00000000000 0.00000000000 0.00000000000 0.00000000000 0.00000000000 0.00000000000 0.00000000000 0.00000000000 0.00000000000 0.00000000000 0.00000000000 0.00000000000 0.00000000000 0.00000000000 0.00000000000 0.00000000000
# Linf_dev:
 0.00000000000 0.00000000000 0.00000000000 0.00000000000 0.00000000000 0.00000000000 0.00000000000 0.00000000000 0.00000000000 0.00000000000 0.00000000000 0.00000000000 0.00000000000 0.00000000000 0.00000000000 0.00000000000 0.00000000000 0.00000000000 0.00000000000 0.00000000000 0.00000000000 0.00000000000 0.00000000000 0.00000000000 0.00000000000 0.00000000000 0.00000000000 0.00000000000
# SelPars50:
1.71271801195
# SelPars95:
2.77821089876
# SelPars_dev50:
 0.00000000000 0.00000000000 0.00000000000 0.00000000000 0.00000000000 0.00000000000 0.00000000000 0.00000000000 0.00000000000 0.00000000000 0.00000000000 0.00000000000 0.00000000000 0.00000000000 0.00000000000 0.00000000000 0.00000000000 0.00000000000 0.00000000000 0.00000000000 0.00000000000 0.00000000000 0.00000000000 0.00000000000 0.00000000000 0.00000000000 0.00000000000 0.00000000000
# SelPars_dev95:
 0.00000000000 0.00000000000 0.00000000000 0.00000000000 0.00000000000 0.00000000000 0.00000000000 0.00000000000 0.00000000000 0.00000000000 0.00000000000 0.00000000000 0.00000000000 0.00000000000 0.00000000000 0.00000000000 0.00000000000 0.00000000000 0.00000000000 0.00000000000 0.00000000000 0.00000000000 0.00000000000 0.00000000000 0.00000000000 0.00000000000 0.00000000000 0.00000000000
