#Simulated generalized assessment 
# 
#start/end year 
73 100 
#number of ages 
15 
#ages 
1 2 3 4 5 6 7 8 9 10 11 12 13 14 15 
#Number of length bins 
25 
#CPUE years 
28 
#years for CPUE 
73 74 75 76 77 78 79 80 81 82 83 84 85 86 87 88 89 90 91 92 93 94 95 96 97 98 99 100 
#survey years 
28 
#years for survey 
73 74 75 76 77 78 79 80 81 82 83 84 85 86 87 88 89 90 91 92 93 94 95 96 97 98 99 100 
#length freq from catch years 
28 
#years for length freq catch 
73 74 75 76 77 78 79 80 81 82 83 84 85 86 87 88 89 90 91 92 93 94 95 96 97 98 99 100 
#catch length sample sizes 
200 200 200 200 200 200 200 200 200 200 200 200 200 200 200 200 200 200 200 200 200 200 200 200 200 200 200 200 
#length freq from survey years 
28 
#years for length freq survey 
73 74 75 76 77 78 79 80 81 82 83 84 85 86 87 88 89 90 91 92 93 94 95 96 97 98 99 100 
#survey sample sizes 
200 200 200 200 200 200 200 200 200 200 200 200 200 200 200 200 200 200 200 200 200 200 200 200 200 200 200 200 
#total survey biomass 
4651.412 4255.402 9050.261 12848.73 28808.17 15172.31 22056.44 30195.02 58952.09 66469.41 75641.64 87390.17 176523.5 201696.3 241795.6 90587.47 126391.3 203262.2 78734.7 124579.3 126856.6 232729.3 114999 201213.6 182572.3 220253.4 109560.6 211831.4 
#survey CV 
0.2 0.2 0.2 0.2 0.2 0.2 0.2 0.2 0.2 0.2 0.2 0.2 0.2 0.2 0.2 0.2 0.2 0.2 0.2 0.2 0.2 0.2 0.2 0.2 0.2 0.2 0.2 0.2 
#total CPUE 
3129.063 4214.642 4815.099 12661.17 15419.14 20256.19 18913.65 26590.24 65823.65 50133.28 89377.72 142295 108309.9 284693.2 124745.4 144058.5 132676.7 116852.2 88902.27 109245.3 98564.17 128775.3 136285.6 152758.1 168799.7 212230.1 144686 148970.1 
#CPUE CV 
0.2 0.2 0.2 0.2 0.2 0.2 0.2 0.2 0.2 0.2 0.2 0.2 0.2 0.2 0.2 0.2 0.2 0.2 0.2 0.2 0.2 0.2 0.2 0.2 0.2 0.2 0.2 0.2 
#total catch biomass 
2008.07 2114.303 2911.353 5493.363 10919.59 15573.09 22904.34 14506.84 23945.99 35855.97 45197.81 57523.13 71767.84 109006.7 126470.8 89740.63 92589.05 76060.39 72985.19 90713.8 78096.46 88515.49 102185.5 119751.3 121789 110037.1 98937.59 86047.78 
#catch CV 
0.1 0.1 0.1 0.1 0.1 0.1 0.1 0.1 0.1 0.1 0.1 0.1 0.1 0.1 0.1 0.1 0.1 0.1 0.1 0.1 0.1 0.1 0.1 0.1 0.1 0.1 0.1 0.1 
#Length Bins 
0.7268035 2.18041 3.634017 5.087624 6.541231 7.994838 9.448445 10.90205 12.35566 13.80927 15.26287 16.71648 18.17009 19.62369 21.0773 22.53091 23.98451 25.43812 26.89173 28.34534 29.79894 31.25255 32.70616 34.15976 35.61337 
#catch length counts 
1.403353e-07 1.523208e-05 0.0009748513 0.03678792 0.8185831 10.74054 83.11334 379.6404 1028.001 1684.885 1830.962 1722.205 1770.597 1665.942 1245.743 785.5692 428.1019 190.3723 67.13182 18.65457 3.987097 0.6333461 0.07237176 0.005769396 0.000311986 
1.465058e-07 1.590183e-05 0.001017715 0.03840548 0.8545768 11.21285 86.76942 396.3596 1073.421 1759.644 1909.799 1780.329 1798.111 1664.046 1225.466 757.9451 402.8406 173.9954 59.27232 15.79142 3.210139 0.4812491 0.05152789 0.003825374 0.0001916852 
4.177834e-07 4.534646e-05 0.002902168 0.1095188 2.436933 31.97372 247.3818 1129.051 3044.636 4888.937 4846.053 3415.792 2340.752 1764.262 1221.532 736.2433 381.0946 159.4055 52.26873 13.31713 2.57255 0.3641574 0.03658382 0.002533726 0.0001178743 
5.632422e-07 6.113465e-05 0.003912611 0.1476501 3.285422 43.10756 333.5705 1523.396 4120.403 6707.979 7045.024 5922.875 5141.112 4095.246 2434.161 1099.763 430.9818 153.1143 46.28141 11.14783 2.037734 0.2716798 0.02557718 0.001652584 7.144374e-05 
1.339338e-06 0.0001453726 0.009303827 0.3510979 7.81239 102.5032 793.1019 3620.316 9769.368 15730.41 15750.31 11406.21 8025.967 5888.794 3724.127 1924.438 809.1431 260.7693 62.6736 11.70045 1.759016 0.2067407 0.01781074 0.001065487 4.270109e-05 
2.161474e-06 0.0002346077 0.01501487 0.5666156 12.608 165.4278 1280.084 5845.566 15801.61 25635.74 26450.74 20915.17 16499.9 12349.58 7175.449 3214.845 1207.423 379.6055 93.40218 17.14493 2.29196 0.2210959 0.01540191 0.0007695432 2.686608e-05 
7.01845e-07 7.617872e-05 0.004875443 0.1839865 4.09417 53.73132 416.2015 1909.353 5266.84 9292.977 12671.97 17023.41 20833.89 18689.1 11792.47 5664.612 2185.663 653.1167 145.0913 24.04414 2.988062 0.2715069 0.01735712 0.0007586848 2.232418e-05 
1.726377e-06 0.000187382 0.01199243 0.4525577 10.07003 132.1261 1022.339 4667.259 12598.76 20301.82 20347.24 14784.22 10922.76 9676.486 8366.18 5789.301 2859.55 966.8603 226.238 37.525 4.441598 0.3711118 0.02156896 0.0008590585 2.302456e-05 
3.741826e-06 0.0004061401 0.02599293 0.9808947 21.82632 286.3803 2216 10118.51 27333.27 44159.39 44592.47 32556.64 22174.65 14783.2 8256.781 3929.855 1763.814 694.3536 204.9466 41.34895 5.512103 0.482179 0.02772828 0.001048942 2.600156e-05 
5.129393e-06 0.0005567476 0.03563181 1.34464 29.92046 392.5982 3038.409 13883.12 37606.66 61433.17 64594.77 52568.96 41327.52 29525.24 16229.65 6808.102 2313.851 647.9531 149.0635 27.79357 3.926523 0.3845656 0.02458633 0.0009973528 2.539403e-05 
6.003777e-06 0.0006516538 0.04170583 1.573859 35.02124 459.5417 3556.929 16259.91 44123.17 72551.13 77936.53 66619.07 55487.7 41642.82 24520.93 11251.12 4035.487 1082.155 210.7373 30.25291 3.285298 0.2689145 0.01592576 0.0006448898 1.700215e-05 
6.707566e-06 0.0007280436 0.04659479 1.758357 39.12691 513.4272 3974.336 18173.21 49362.68 81412.93 88154.9 76337.6 64174.94 48634.89 29372.16 14037.57 5263.021 1473.079 296.3897 42.22195 4.212436 0.2914384 0.01392348 0.0004581566 1.027248e-05 
1.191666e-05 0.001293442 0.08278028 3.12389 69.51203 912.1063 7059.185 32254.79 87332.93 142169.6 146752.2 112166.9 80164.53 55367.37 32501.85 15467.67 5815.844 1644.323 337.1311 49.09112 4.965283 0.3405047 0.01552644 0.0004646387 9.049267e-06 
1.475546e-05 0.001601568 0.1025004 3.868091 86.07334 1129.492 8743.816 39989.55 108649.8 179064.6 192221.9 160274.4 124529.6 85283.79 45504.11 18938.34 6353.124 1677.767 332.4825 47.61696 4.774008 0.3253459 0.01470688 0.0004326103 8.157143e-06 
1.256936e-05 0.001364288 0.08731468 3.295047 73.32408 962.2958 7452.469 34133.33 93226.16 156448 177259.1 164738.9 142966.7 104894.3 59035.34 25472.22 8397.303 2045.352 360.6752 46.00706 4.209876 0.2691311 0.01163095 0.0003303012 6.033251e-06 
1.053971e-05 0.001143989 0.0732156 2.762995 61.48537 806.9676 6250.571 28643.4 78354.73 132064.6 151137.1 142775.5 126814.2 97217.14 58863.44 27559.17 9659.092 2429.859 429.0806 52.75758 4.476063 0.2587502 0.01005598 0.0002590668 4.354638e-06 
1.142207e-05 0.001239761 0.07934503 2.994301 66.63218 874.4868 6772.509 31014.52 84606.8 141077 155854.1 136475 111890.8 82491.12 49739.98 23671.4 8561.261 2248.755 415.5571 52.81848 4.523176 0.2563923 0.009493262 0.0002273301 3.49096e-06 
1.141467e-05 0.001238959 0.07929385 2.992392 66.59128 874.0178 6770.559 31029.8 84849.81 142431.2 159738.8 142348.5 115719.3 81295.88 45544.51 20150.4 6936.134 1783.244 329.3116 42.3158 3.67573 0.2105125 0.007795829 0.0001839955 2.7378e-06 
1.207766e-05 0.001310921 0.08389955 3.166213 70.46009 924.8183 7164.44 32836.92 89774.77 150419.7 167240.3 145580.4 114707.2 78747.2 43192.53 18394.97 5946.284 1414.926 242.4381 29.34486 2.445488 0.1363048 0.004952372 0.0001149664 1.679805e-06 
1.32697e-05 0.001440306 0.0921805 3.478745 77.41673 1016.19 7873.639 36104.11 98819.48 165957.6 184986.2 160399.1 124080.4 82772.93 43922.17 18047 5612.399 1276.058 206.3473 23.26885 1.794515 0.09272111 0.003146511 6.886478e-05 9.565464e-07 
1.427094e-05 0.001548983 0.09913621 3.741276 83.2613 1092.987 8470.394 38861.21 106504.1 179340.3 200573.5 173570.9 132289 86074.37 44230.13 17440.78 5161.32 1110.378 169.1869 17.89624 1.28753 0.06169094 0.001931911 3.892686e-05 4.981085e-07 
1.575255e-05 0.001709801 0.109429 4.129752 91.90908 1206.589 9352.397 42925.2 117738.9 198474 221772 190133.8 141974.4 90164.14 45148.7 17236.59 4892.877 1000.783 143.8405 14.25707 0.9563142 0.04256526 0.00123458 2.297646e-05 2.708618e-07 
1.888111e-05 0.002049381 0.131163 4.950014 110.1667 1446.356 11212.23 51473 141214.9 237856.5 264221.5 222327.5 160857.8 98823.55 47930.18 17673.92 4822.743 943.4071 128.8814 12.05505 0.7577619 0.03142361 0.000845437 1.454912e-05 1.582437e-07 
2.083801e-05 0.002261792 0.1447585 5.463208 121.5949 1596.632 12382.11 56903.13 156521.9 265216.6 297791 253091.1 182068.9 108874 50625.95 17737.11 4580.596 846.8246 109.1456 9.605459 0.5662061 0.02194078 0.0005496382 8.777298e-06 8.8327e-08 
2.310685e-05 0.002508062 0.1605214 6.058221 134.8451 1770.848 13737.67 63181.92 174091.4 295946.6 333702.5 283892.9 202887.8 119941.9 54904.29 18742.02 4647.536 814.401 98.61709 8.111757 0.4456941 0.0160734 0.0003742628 5.547712e-06 5.174305e-08 
2.558758e-05 0.002777336 0.1777572 6.708885 149.3373 1961.486 15222.63 70077.05 193485.9 330190.9 374213.8 318732.2 225717.9 131150 58773.21 19558.97 4701.817 793.2652 91.70436 7.132949 0.367338 0.01233367 0.0002662203 3.649257e-06 3.143634e-08 
2.28763e-05 0.00248307 0.1589273 5.99861 133.5505 1754.957 13636.69 62978.66 175309.2 304973.6 359030.2 322070.6 236786.6 138454.2 61026.37 19714.95 4564.785 738.0545 81.42576 6.01697 0.2928803 0.009244217 0.0001865711 2.379685e-06 1.899774e-08 
2.191472e-05 0.002378708 0.1522494 5.746699 127.949 1681.533 13068.61 60368 168010.4 291641.1 340780.3 301637.2 219688.8 128903.8 57337.92 18522.5 4213.804 658.4628 69.39501 4.861988 0.2232934 0.006626527 0.0001253796 1.495132e-06 1.112925e-08 
#survey length counts 
2.798787e-07 3.03782e-05 0.001944201 0.0733682 1.632541 21.42008 165.7424 756.792 2045.555 3323.486 3479.415 2954.522 2716.959 2434.622 1783.351 1105.807 594.3407 261.3647 91.12055 25.00029 5.269141 0.8243681 0.09269145 0.0072675 0.0003865031 
7.647039e-07 8.300142e-05 0.00531208 0.2004614 4.460515 58.52368 452.7854 2066.21 5568.034 8913.217 8716.437 5855.115 3659.516 2593.891 1768.611 1068.358 560.0644 238.887 80.28867 21.09864 4.232263 0.6261441 0.06614413 0.004843496 0.0002393673 
9.9188e-07 0.0001076593 0.00689018 0.2600143 5.785666 75.9118 587.3741 2681.699 7243.552 11722.93 12027.23 9486.994 7656.276 5946.542 3537.689 1606.81 635.277 229.5486 71.13941 17.69753 3.364184 0.4694319 0.04652974 0.003182094 0.0001462708 
2.283554e-06 0.0002478583 0.0158629 0.598617 13.31999 174.7648 1352.163 6171.275 16640.98 26710.68 26403.36 18347.27 12061.22 8522.637 5364.881 2794.781 1195.815 394.6361 97.3837 18.73769 2.924833 0.3599018 0.03268218 0.002071805 8.836759e-05 
3.565515e-06 0.0003870032 0.02476816 0.9346747 20.79777 272.8811 2111.443 9639.713 26031.33 42052.96 42695.08 32299.72 24137.95 17722.32 10329.79 4668.998 1779.804 572.6899 145.1781 27.60749 3.842595 0.3878637 0.02843813 0.00150521 5.597936e-05 
1.139277e-06 0.0001236578 0.007914102 0.2986565 6.645768 87.21242 675.3583 3094.667 8496.395 14734.53 19211.96 24528.22 29557.54 26672.8 16999.29 8269.182 3253.902 998.2129 228.5833 39.23008 5.081428 0.4842448 0.03263189 0.001510176 4.725636e-05 
2.743314e-06 0.000297761 0.01905667 0.7191403 16.00183 209.9536 1624.476 7415.032 20003.5 32152.95 31917.34 22507.22 15816.75 13643.24 11849.05 8370.639 4250.925 1482.001 358.5556 61.7651 7.632931 0.6692665 0.04102077 0.001731233 4.937591e-05 
5.779181e-06 0.0006272758 0.04014559 1.514972 33.71022 442.3026 3422.37 15624.21 42177.14 67964.91 68014.23 48481.33 32013.5 21122.58 11846.2 5675.728 2587.126 1049.256 322.0807 67.91506 9.493964 0.8737348 0.05305507 0.002127566 5.611755e-05 
7.827041e-06 0.0008495519 0.05437126 2.051809 45.65594 599.0586 4635.925 21176.71 57304.49 93263.21 96908.09 76881.53 59134.61 42260.45 23493.31 10005.53 3471.389 997.7211 236.8311 45.96818 6.823778 0.7063924 0.04788871 0.002064717 5.599912e-05 
8.998831e-06 0.0009767388 0.06251123 2.358992 52.49156 688.7679 5330.714 24360.58 66027.58 108129 114768.6 95899.1 78668.06 59266.73 35334.46 16510.51 6077.943 1682.601 339.4569 50.69517 5.763313 0.4976085 0.03129403 0.00135177 3.811439e-05 
9.922172e-06 0.001076959 0.06892534 2.601045 57.87796 759.4606 5878.272 26870.03 72898.17 119757.5 128261.7 108990.8 90700.22 69161.97 42327.24 20625.03 7947.798 2300.712 481.0644 71.56994 7.494116 0.5467036 0.02767612 0.0009701659 2.328839e-05 
1.730213e-05 0.001877984 0.1201909 4.535652 100.9257 1324.279 10248.53 46817.31 126669.2 205722.3 210967.4 159246.1 112855.9 78392.03 46657.71 22662.16 8765.913 2565.746 547.4812 83.43096 8.877744 0.6433402 0.03111795 0.0009913381 2.062498e-05 
2.108185e-05 0.002288238 0.1464472 5.526511 122.9758 1613.698 12491.05 57109.45 155007.2 254701.2 271436.3 224091.2 174096.8 120722.4 65489.15 27810.06 9587.466 2621.336 541.1687 81.22391 8.581253 0.6191118 0.02974208 0.0009327748 1.88029e-05 
1.804251e-05 0.001958347 0.1253345 4.729805 105.2501 1381.229 10695.34 48963.4 133540.3 223220.2 250827.8 231297.4 201659.9 150140.6 86065.46 38027.27 12930.49 3266.288 600.0067 80.17564 7.733866 0.5240766 0.02411024 0.0007312724 1.430312e-05 
1.50879e-05 0.001637652 0.10481 3.955281 88.01617 1155.115 8945.818 40974.26 111924.1 187932.3 213509 200595.1 179306.2 139527.4 86137.2 41401.42 15005.29 3924.049 723.6741 93.39469 8.359088 0.5121642 0.0211895 0.0005834331 1.051529e-05 
1.625952e-05 0.00176482 0.1129488 4.262415 94.85023 1244.77 9638.916 44123.75 120234.7 199928.8 219746.4 191821.6 158446.4 118657.7 72991.67 35680.47 13355.56 3652.785 706.698 94.52784 8.557836 0.5148367 0.02030276 0.000519505 8.549952e-06 
1.605025e-05 0.001742107 0.1114954 4.207592 93.6322 1228.87 9517.95 43602.05 119088.6 199371.7 222706.1 198520.7 163288.1 116838 66835.82 30364.15 10815.35 2897 560.8323 75.98016 6.992279 0.4259128 0.01682857 0.0004248974 6.778858e-06 
1.723168e-05 0.001870341 0.1197025 4.517323 100.5255 1319.37 10219.41 46818.92 127862.4 213737.7 236909.5 206584.3 164921.1 115492.1 64820.2 28411.26 9517.112 2360.516 424.0493 54.14485 4.786377 0.2842311 0.01103935 0.000274656 4.309659e-06 
1.864314e-05 0.002023543 0.1295078 4.887383 108.7626 1427.559 11059.2 50689.36 138595.9 232286.5 258418.2 224999.4 176803.8 120528.1 65528.18 27742.99 8953.304 2125.352 360.8352 42.95945 3.516103 0.1936761 0.007032837 0.0001651927 2.468142e-06 
2.010597e-05 0.002182322 0.13967 5.270928 117.3006 1539.726 11930.4 54710.68 149787.9 251768.7 281271.1 244844.4 189919 126477.7 66687.74 27132.06 8341.904 1875.725 300.3916 33.5829 2.566476 0.1311785 0.004397628 9.513648e-05 1.3102e-06 
2.235999e-05 0.002426977 0.1553286 5.861902 130.4552 1712.502 13271.29 60884.14 166834 280793.1 313649.9 270860.4 206136.7 134177 69041.76 27235.28 8042.583 1721.383 260.314 27.29435 1.946275 0.09247294 0.002872852 5.742857e-05 7.288478e-07 
2.647408e-05 0.002873528 0.1839087 6.940532 154.4629 2027.758 15716.29 72118.33 197677.9 332547.6 369594.4 313680.1 231671.3 146110.3 72927.61 27822.54 7907.51 1620.634 233.2189 23.09937 1.544769 0.06842326 0.001972738 3.647916e-05 4.272881e-07 
2.956399e-05 0.003208918 0.2053751 7.750783 172.5034 2264.893 17560.72 80662.55 221670.7 375196.4 421808 362157.4 266359 163707 78422.19 28453.71 7660.796 1485.369 201.8757 18.8309 1.181941 0.04895496 0.001314917 2.257218e-05 2.446888e-07 
3.300559e-05 0.003582481 0.2292851 8.653282 192.5984 2529.032 19614.73 90165.42 248215.4 421573.2 476248.6 409727.2 299679.7 182303.2 86103.9 30486.27 7891.087 1451.561 185.4877 16.18323 0.9474739 0.03654792 0.0009130169 1.455576e-05 1.463059e-07 
3.642115e-05 0.003953224 0.2530153 9.549074 212.5484 2791.412 21657.81 99647.71 274886.7 468786.4 532658.8 459324.6 333270.3 199472 92344.26 31915.27 8018.577 1421.931 173.6582 14.33883 0.7872676 0.02828388 0.0006552157 9.663227e-06 8.974348e-08 
3.253951e-05 0.003531929 0.2260562 8.532092 189.9415 2495.573 19384.74 89463.77 248774.3 432556.4 511175 465278.1 350924.2 211457.5 96346.83 32355.44 7837.83 1333.386 155.5747 12.21577 0.6344498 0.02144002 0.0004645777 6.376675e-06 5.488718e-08 
3.145897e-05 0.003414658 0.2185524 8.249056 183.6495 2413.15 18747.95 86544.91 240631.7 417562.3 489863.1 439970.1 328882.9 199145 91757.4 30871.46 7357.294 1210.736 135.0468 10.06139 0.4934024 0.01568757 0.0003188687 4.093811e-06 3.286626e-08 
3.060481e-05 0.003321966 0.2126234 8.025599 178.6923 2348.556 18255.66 84366.53 235074.3 409185.1 480696.3 428362.6 313287.2 184176 82452.02 27092.89 6337.496 1024.189 111.5607 8.035864 0.3768137 0.01134824 0.0002169814 2.608187e-06 1.95435e-08 
