# Number of parameters = 78 Objective function value = 25102.1154585936  Maximum gradient component = 0.000148440257902861
# srv_sel50:
1.44006682121
# srv_sel95:
4.33766429517
# stNatLen:
 11.0125409564 9.47636758027 8.16349330779 7.23123988615 6.55320358732 6.04137855453 5.64366691536 5.32889952341 5.07768916039 4.87748849959 4.71991853190 4.59927877783 4.51168746069 4.45457326299 4.42637439686
# log_avg_fmort_dir:
0.542002323881
# fmort_dir_dev:
 -0.687744220197 -0.427798314042 -0.246973018660 -0.0917030444611 -0.0421287731788 0.0505329372100 0.0626069764909 0.131908721413 0.0185271801652 -0.0320030451723 0.0407306497503 -0.0694011216628 0.102548310717 0.0538229971202 0.0257665293569 0.183786723756 -0.0273072481981 0.243338999084 0.197157344621 0.0328854468307 -0.0194833783423 0.0185237883740 -0.00352886946363 -0.0738673299851 0.202627586257 0.00130987562198 0.181592040109 0.174272256484
# mean_log_rec:
14.1655225742
# rec_dev:
 -2.34668584109 -2.07305945029 -1.89831802881 -1.43856214534 -1.24959132308 -1.13444772944 -0.834639425197 -0.462740315698 -0.127214209414 0.180840909334 0.501179692471 0.724767928257 0.698497292271 0.612151464109 0.565500589714 0.572281622679 0.527892095661 0.408132031373 0.504631445669 0.675471299470 0.695576761978 0.748767357378 0.844696203699 0.867493314750 0.762030858617 0.675148858521 0.500099373050 0.500099369367
# log_avg_NatM:
0.199760371325
# m_dev:
 0.00000000000 0.00000000000 0.00000000000 0.00000000000 0.00000000000 0.00000000000 0.00000000000 0.00000000000 0.00000000000 0.00000000000 0.00000000000 0.00000000000 0.00000000000 0.00000000000 0.00000000000 0.00000000000 0.00000000000 0.00000000000 0.00000000000 0.00000000000 0.00000000000 0.00000000000 0.00000000000 0.00000000000 0.00000000000 0.00000000000 0.00000000000 0.00000000000
# log_avg_GrowthK:
-1.02151300000
# log_avg_Linf:
3.36611700000
# GrowthK_dev:
 0.00000000000 0.00000000000 0.00000000000 0.00000000000 0.00000000000 0.00000000000 0.00000000000 0.00000000000 0.00000000000 0.00000000000 0.00000000000 0.00000000000 0.00000000000 0.00000000000 0.00000000000 0.00000000000 0.00000000000 0.00000000000 0.00000000000 0.00000000000 0.00000000000 0.00000000000 0.00000000000 0.00000000000 0.00000000000 0.00000000000 0.00000000000 0.00000000000
# Linf_dev:
 0.00000000000 0.00000000000 0.00000000000 0.00000000000 0.00000000000 0.00000000000 0.00000000000 0.00000000000 0.00000000000 0.00000000000 0.00000000000 0.00000000000 0.00000000000 0.00000000000 0.00000000000 0.00000000000 0.00000000000 0.00000000000 0.00000000000 0.00000000000 0.00000000000 0.00000000000 0.00000000000 0.00000000000 0.00000000000 0.00000000000 0.00000000000 0.00000000000
# SelPars50:
1.97337508024
# SelPars95:
3.77703260961
# SelPars_dev50:
 0.00000000000 0.00000000000 0.00000000000 0.00000000000 0.00000000000 0.00000000000 0.00000000000 0.00000000000 0.00000000000 0.00000000000 0.00000000000 0.00000000000 0.00000000000 0.00000000000 0.00000000000 0.00000000000 0.00000000000 0.00000000000 0.00000000000 0.00000000000 0.00000000000 0.00000000000 0.00000000000 0.00000000000 0.00000000000 0.00000000000 0.00000000000 0.00000000000
# SelPars_dev95:
 0.00000000000 0.00000000000 0.00000000000 0.00000000000 0.00000000000 0.00000000000 0.00000000000 0.00000000000 0.00000000000 0.00000000000 0.00000000000 0.00000000000 0.00000000000 0.00000000000 0.00000000000 0.00000000000 0.00000000000 0.00000000000 0.00000000000 0.00000000000 0.00000000000 0.00000000000 0.00000000000 0.00000000000 0.00000000000 0.00000000000 0.00000000000 0.00000000000
