# Number of parameters = 77 Objective function value = 19526.4243678027  Maximum gradient component = 17.9114083938177
# srv_sel50:
0.999938688653
# srv_sel95:
1.00019248187
# stNatLen:
 10.4874376484 9.28753538559 7.84181854137 6.85690098536 6.19080192997 5.70114273024 5.32321909250 5.02405636637 4.78469934475 4.59334296306 4.44224747306 4.32623798477 4.24179109333 4.18658322934 4.15924337400
# log_avg_fmort_dir:
0.722861547170
# fmort_dir_dev:
 -0.518457433140 -0.202598317640 -0.292099187088 -0.194909084780 -0.188548251291 -0.0178321173007 -0.0800249078053 -0.189528351070 -0.269021433144 0.00194750002404 -0.0833022913199 -0.0570140288537 -0.0151045456284 0.0261866594522 0.0239020294925 0.106025050849 0.0827125684007 0.136724970190 0.176822646336 0.236632720647 0.116110247583 0.167342646543 0.237853238284 0.251139640071 0.233170636167 0.242531296842 0.215880467411 -0.146542369233
# mean_log_rec:
13.3213240999
# rec_dev:
 -2.40769727820 -2.06426375817 -1.60812767588 -1.32924002541 -1.40292457743 -1.38427721026 -0.960884640681 -0.500355136396 -0.208016880875 -0.0456665630181 0.305752100940 0.612422355682 0.741606848915 0.615755897319 0.546540777937 0.521059979136 0.519887932056 0.485023694082 0.498177554809 0.502487756363 0.630105989914 0.739104903179 0.781268069613 0.789595046714 0.819516944118 0.871388895012 0.965877869790 0.965881130749
# log_avg_NatM:
-1.36837500000
# m_dev:
 0.00000000000 0.00000000000 0.00000000000 0.00000000000 0.00000000000 0.00000000000 0.00000000000 0.00000000000 0.00000000000 0.00000000000 0.00000000000 0.00000000000 0.00000000000 0.00000000000 0.00000000000 0.00000000000 0.00000000000 0.00000000000 0.00000000000 0.00000000000 0.00000000000 0.00000000000 0.00000000000 0.00000000000 0.00000000000 0.00000000000 0.00000000000 0.00000000000
# log_avg_GrowthK:
-1.19613400000
# log_avg_Linf:
3.45239700000
# GrowthK_dev:
 0.00000000000 0.00000000000 0.00000000000 0.00000000000 0.00000000000 0.00000000000 0.00000000000 0.00000000000 0.00000000000 0.00000000000 0.00000000000 0.00000000000 0.00000000000 0.00000000000 0.00000000000 0.00000000000 0.00000000000 0.00000000000 0.00000000000 0.00000000000 0.00000000000 0.00000000000 0.00000000000 0.00000000000 0.00000000000 0.00000000000 0.00000000000 0.00000000000
# Linf_dev:
 0.00000000000 0.00000000000 0.00000000000 0.00000000000 0.00000000000 0.00000000000 0.00000000000 0.00000000000 0.00000000000 0.00000000000 0.00000000000 0.00000000000 0.00000000000 0.00000000000 0.00000000000 0.00000000000 0.00000000000 0.00000000000 0.00000000000 0.00000000000 0.00000000000 0.00000000000 0.00000000000 0.00000000000 0.00000000000 0.00000000000 0.00000000000 0.00000000000
# SelPars50:
1.01629246491
# SelPars95:
1.18639878503
# SelPars_dev50:
 0.00000000000 0.00000000000 0.00000000000 0.00000000000 0.00000000000 0.00000000000 0.00000000000 0.00000000000 0.00000000000 0.00000000000 0.00000000000 0.00000000000 0.00000000000 0.00000000000 0.00000000000 0.00000000000 0.00000000000 0.00000000000 0.00000000000 0.00000000000 0.00000000000 0.00000000000 0.00000000000 0.00000000000 0.00000000000 0.00000000000 0.00000000000 0.00000000000
# SelPars_dev95:
 0.00000000000 0.00000000000 0.00000000000 0.00000000000 0.00000000000 0.00000000000 0.00000000000 0.00000000000 0.00000000000 0.00000000000 0.00000000000 0.00000000000 0.00000000000 0.00000000000 0.00000000000 0.00000000000 0.00000000000 0.00000000000 0.00000000000 0.00000000000 0.00000000000 0.00000000000 0.00000000000 0.00000000000 0.00000000000 0.00000000000 0.00000000000 0.00000000000
