# Number of parameters = 78 Objective function value = 23451.1601784944  Maximum gradient component = 0.0103957312742420
# srv_sel50:
1.35681139648
# srv_sel95:
2.61717727715
# stNatLen:
 12.0630756021 11.1215844623 9.62905099298 8.45637507982 7.61733425374 7.00442033342 6.54081487958 6.18062250819 5.89659900545 5.67198788522 5.49606731982 5.36178024410 5.26444324091 5.20102196871 5.16972558559
# log_avg_fmort_dir:
0.526249832482
# fmort_dir_dev:
 -0.504716488999 -0.231070247246 -0.310243876832 -0.212754055721 -0.199293429366 -0.0571407775175 -0.123958191997 -0.285644190789 -0.149971402354 -0.118860145720 -0.0801974829612 -0.222122310205 -0.164151643031 0.0341146517347 0.00642882241659 0.162743766868 0.0519355078477 0.0564392415784 0.0565971525083 0.131018926731 0.393827771756 -0.0172521063747 0.173859272053 0.308059527373 0.250504601380 0.308760043348 0.341833231772 0.401253831748
# mean_log_rec:
13.9904622299
# rec_dev:
 -2.09733624404 -1.78441065241 -1.42765437126 -1.47183613875 -1.32283695264 -1.02178520340 -0.643405706151 -0.344542455229 -0.0763855573636 0.0926928570620 0.344197757918 0.649596792429 0.723793358502 0.544367219921 0.363150859562 0.305915008925 0.366782327595 0.416274463910 0.415242840534 0.379387414119 0.456643667334 0.702969500334 0.737662682060 0.725263046467 0.748800418523 0.734806644409 0.741323215218 0.741323206414
# log_avg_NatM:
-0.137658270138
# m_dev:
 0.00000000000 0.00000000000 0.00000000000 0.00000000000 0.00000000000 0.00000000000 0.00000000000 0.00000000000 0.00000000000 0.00000000000 0.00000000000 0.00000000000 0.00000000000 0.00000000000 0.00000000000 0.00000000000 0.00000000000 0.00000000000 0.00000000000 0.00000000000 0.00000000000 0.00000000000 0.00000000000 0.00000000000 0.00000000000 0.00000000000 0.00000000000 0.00000000000
# log_avg_GrowthK:
-1.20372700000
# log_avg_Linf:
3.45755400000
# GrowthK_dev:
 0.00000000000 0.00000000000 0.00000000000 0.00000000000 0.00000000000 0.00000000000 0.00000000000 0.00000000000 0.00000000000 0.00000000000 0.00000000000 0.00000000000 0.00000000000 0.00000000000 0.00000000000 0.00000000000 0.00000000000 0.00000000000 0.00000000000 0.00000000000 0.00000000000 0.00000000000 0.00000000000 0.00000000000 0.00000000000 0.00000000000 0.00000000000 0.00000000000
# Linf_dev:
 0.00000000000 0.00000000000 0.00000000000 0.00000000000 0.00000000000 0.00000000000 0.00000000000 0.00000000000 0.00000000000 0.00000000000 0.00000000000 0.00000000000 0.00000000000 0.00000000000 0.00000000000 0.00000000000 0.00000000000 0.00000000000 0.00000000000 0.00000000000 0.00000000000 0.00000000000 0.00000000000 0.00000000000 0.00000000000 0.00000000000 0.00000000000 0.00000000000
# SelPars50:
1.03002008235
# SelPars95:
1.09772179856
# SelPars_dev50:
 0.00000000000 0.00000000000 0.00000000000 0.00000000000 0.00000000000 0.00000000000 0.00000000000 0.00000000000 0.00000000000 0.00000000000 0.00000000000 0.00000000000 0.00000000000 0.00000000000 0.00000000000 0.00000000000 0.00000000000 0.00000000000 0.00000000000 0.00000000000 0.00000000000 0.00000000000 0.00000000000 0.00000000000 0.00000000000 0.00000000000 0.00000000000 0.00000000000
# SelPars_dev95:
 0.00000000000 0.00000000000 0.00000000000 0.00000000000 0.00000000000 0.00000000000 0.00000000000 0.00000000000 0.00000000000 0.00000000000 0.00000000000 0.00000000000 0.00000000000 0.00000000000 0.00000000000 0.00000000000 0.00000000000 0.00000000000 0.00000000000 0.00000000000 0.00000000000 0.00000000000 0.00000000000 0.00000000000 0.00000000000 0.00000000000 0.00000000000 0.00000000000
