# Number of parameters = 77 Objective function value = 18717.0384683074  Maximum gradient component = 9.91321622171099
# srv_sel50:
0.999982886210
# srv_sel95:
1.00005242202
# stNatLen:
 10.7408682953 9.28717337235 7.88851532958 6.95050204785 6.30279189786 5.82024416457 5.44481066139 5.14608238509 4.90623178977 4.71400993883 4.56197852654 4.44509400425 4.35992954925 4.30422832867 4.27664523239
# log_avg_fmort_dir:
0.547836876341
# fmort_dir_dev:
 -0.561592669605 -0.346990548482 -0.228236059528 -0.183000306537 -0.488764070425 -0.160259251850 -0.141357098397 -0.0349551283087 -0.132413505396 -0.0690142978000 -0.108126815945 -0.161447684610 -0.0892857899307 0.0290150188135 0.0955983350554 0.180810149098 0.168164091613 0.159526347265 0.321266642873 0.203267043056 0.200727085285 0.128837171273 0.235869234816 0.300239571089 0.271448292129 0.331164602978 0.262416988851 -0.182907347382
# mean_log_rec:
13.6279699276
# rec_dev:
 -2.32371942031 -2.02692696431 -1.86198168916 -1.15119323000 -0.987466532237 -1.01220848138 -0.630473312593 -0.520294129526 -0.296171820373 -0.00692310724717 0.364418997589 0.571005552269 0.669885442265 0.576597944834 0.515397211630 0.511893319055 0.480903236301 0.433262169631 0.377919778121 0.507439142295 0.594792898938 0.632981760091 0.648470907374 0.716040361117 0.803296070521 0.768191746528 0.822431073500 0.822431075078
# log_avg_NatM:
-1.06669500000
# m_dev:
 0.00000000000 0.00000000000 0.00000000000 0.00000000000 0.00000000000 0.00000000000 0.00000000000 0.00000000000 0.00000000000 0.00000000000 0.00000000000 0.00000000000 0.00000000000 0.00000000000 0.00000000000 0.00000000000 0.00000000000 0.00000000000 0.00000000000 0.00000000000 0.00000000000 0.00000000000 0.00000000000 0.00000000000 0.00000000000 0.00000000000 0.00000000000 0.00000000000
# log_avg_GrowthK:
-1.19613400000
# log_avg_Linf:
3.45239700000
# GrowthK_dev:
 0.00000000000 0.00000000000 0.00000000000 0.00000000000 0.00000000000 0.00000000000 0.00000000000 0.00000000000 0.00000000000 0.00000000000 0.00000000000 0.00000000000 0.00000000000 0.00000000000 0.00000000000 0.00000000000 0.00000000000 0.00000000000 0.00000000000 0.00000000000 0.00000000000 0.00000000000 0.00000000000 0.00000000000 0.00000000000 0.00000000000 0.00000000000 0.00000000000
# Linf_dev:
 0.00000000000 0.00000000000 0.00000000000 0.00000000000 0.00000000000 0.00000000000 0.00000000000 0.00000000000 0.00000000000 0.00000000000 0.00000000000 0.00000000000 0.00000000000 0.00000000000 0.00000000000 0.00000000000 0.00000000000 0.00000000000 0.00000000000 0.00000000000 0.00000000000 0.00000000000 0.00000000000 0.00000000000 0.00000000000 0.00000000000 0.00000000000 0.00000000000
# SelPars50:
1.00092104498
# SelPars95:
1.12220505087
# SelPars_dev50:
 0.00000000000 0.00000000000 0.00000000000 0.00000000000 0.00000000000 0.00000000000 0.00000000000 0.00000000000 0.00000000000 0.00000000000 0.00000000000 0.00000000000 0.00000000000 0.00000000000 0.00000000000 0.00000000000 0.00000000000 0.00000000000 0.00000000000 0.00000000000 0.00000000000 0.00000000000 0.00000000000 0.00000000000 0.00000000000 0.00000000000 0.00000000000 0.00000000000
# SelPars_dev95:
 0.00000000000 0.00000000000 0.00000000000 0.00000000000 0.00000000000 0.00000000000 0.00000000000 0.00000000000 0.00000000000 0.00000000000 0.00000000000 0.00000000000 0.00000000000 0.00000000000 0.00000000000 0.00000000000 0.00000000000 0.00000000000 0.00000000000 0.00000000000 0.00000000000 0.00000000000 0.00000000000 0.00000000000 0.00000000000 0.00000000000 0.00000000000 0.00000000000
