# Number of parameters = 77 Objective function value = 19330.9484768897  Maximum gradient component = 0.0488038567776109
# srv_sel50:
0.996907703394
# srv_sel95:
1.00189166751
# stNatLen:
 10.7469528287 9.32652488816 8.12704453625 7.27292349890 6.66215943443 6.20675376593 5.85419389074 5.57496279258 5.35159874524 5.17312436520 5.03231986867 4.92430878096 4.84577830404 4.79453081686 4.76922337355
# log_avg_fmort_dir:
0.421105478572
# fmort_dir_dev:
 -0.0951198993084 -0.116451096289 0.0644107824406 -0.0877084656636 -0.0396178812618 -0.00953668181975 0.00533577129229 -0.0822783922291 -0.102691147930 -0.0594072792681 -0.00424479180623 -0.00835026695668 -0.0210603578045 -0.0289586176590 0.102373089756 0.0752497383403 0.00950331325010 0.0516316203115 0.0445862424921 0.0420904311422 0.0725293975633 0.105857790542 0.0247462702215 0.0133143766158 -0.0543209596731 0.00169512673237 0.00923314382499 0.0871887431445
# mean_log_rec:
13.2150052052
# rec_dev:
 -2.13786308816 -2.06958555885 -2.15871300919 -1.72014390284 -1.52616112235 -1.47300856178 -1.15274740720 -0.548778708366 -0.121730648382 0.170880971626 0.395426653924 0.667855184252 0.907195521075 0.822273919886 0.635778152413 0.569580055351 0.563947523113 0.583761845002 0.604684526751 0.675856388328 0.712656741134 0.719372261824 0.830569773808 0.950400716936 0.947538529427 0.790975208181 0.679989010890 0.679989023200
# log_avg_NatM:
-0.940144300000
# m_dev:
 0.00000000000 0.00000000000 0.00000000000 0.00000000000 0.00000000000 0.00000000000 0.00000000000 0.00000000000 0.00000000000 0.00000000000 0.00000000000 0.00000000000 0.00000000000 0.00000000000 0.00000000000 0.00000000000 0.00000000000 0.00000000000 0.00000000000 0.00000000000 0.00000000000 0.00000000000 0.00000000000 0.00000000000 0.00000000000 0.00000000000 0.00000000000 0.00000000000
# log_avg_GrowthK:
-1.02151300000
# log_avg_Linf:
3.36611700000
# GrowthK_dev:
 0.00000000000 0.00000000000 0.00000000000 0.00000000000 0.00000000000 0.00000000000 0.00000000000 0.00000000000 0.00000000000 0.00000000000 0.00000000000 0.00000000000 0.00000000000 0.00000000000 0.00000000000 0.00000000000 0.00000000000 0.00000000000 0.00000000000 0.00000000000 0.00000000000 0.00000000000 0.00000000000 0.00000000000 0.00000000000 0.00000000000 0.00000000000 0.00000000000
# Linf_dev:
 0.00000000000 0.00000000000 0.00000000000 0.00000000000 0.00000000000 0.00000000000 0.00000000000 0.00000000000 0.00000000000 0.00000000000 0.00000000000 0.00000000000 0.00000000000 0.00000000000 0.00000000000 0.00000000000 0.00000000000 0.00000000000 0.00000000000 0.00000000000 0.00000000000 0.00000000000 0.00000000000 0.00000000000 0.00000000000 0.00000000000 0.00000000000 0.00000000000
# SelPars50:
0.958924964271
# SelPars95:
1.08490574335
# SelPars_dev50:
 0.00000000000 0.00000000000 0.00000000000 0.00000000000 0.00000000000 0.00000000000 0.00000000000 0.00000000000 0.00000000000 0.00000000000 0.00000000000 0.00000000000 0.00000000000 0.00000000000 0.00000000000 0.00000000000 0.00000000000 0.00000000000 0.00000000000 0.00000000000 0.00000000000 0.00000000000 0.00000000000 0.00000000000 0.00000000000 0.00000000000 0.00000000000 0.00000000000
# SelPars_dev95:
 0.00000000000 0.00000000000 0.00000000000 0.00000000000 0.00000000000 0.00000000000 0.00000000000 0.00000000000 0.00000000000 0.00000000000 0.00000000000 0.00000000000 0.00000000000 0.00000000000 0.00000000000 0.00000000000 0.00000000000 0.00000000000 0.00000000000 0.00000000000 0.00000000000 0.00000000000 0.00000000000 0.00000000000 0.00000000000 0.00000000000 0.00000000000 0.00000000000
