#Simulated generalized assessment 
# 
#start/end year 
73 100 
#number of ages 
15 
#ages 
1 2 3 4 5 6 7 8 9 10 11 12 13 14 15 
#Number of length bins 
25 
#CPUE years 
28 
#years for CPUE 
73 74 75 76 77 78 79 80 81 82 83 84 85 86 87 88 89 90 91 92 93 94 95 96 97 98 99 100 
#survey years 
28 
#years for survey 
73 74 75 76 77 78 79 80 81 82 83 84 85 86 87 88 89 90 91 92 93 94 95 96 97 98 99 100 
#length freq from catch years 
28 
#years for length freq catch 
73 74 75 76 77 78 79 80 81 82 83 84 85 86 87 88 89 90 91 92 93 94 95 96 97 98 99 100 
#catch length sample sizes 
200 200 200 200 200 200 200 200 200 200 200 200 200 200 200 200 200 200 200 200 200 200 200 200 200 200 200 200 
#length freq from survey years 
28 
#years for length freq survey 
73 74 75 76 77 78 79 80 81 82 83 84 85 86 87 88 89 90 91 92 93 94 95 96 97 98 99 100 
#survey sample sizes 
200 200 200 200 200 200 200 200 200 200 200 200 200 200 200 200 200 200 200 200 200 200 200 200 200 200 200 200 
#total survey biomass 
82480.19 58062.34 34605.28 59174.3 77673.4 173920.6 287428.1 270494.5 215598.2 372887.3 421882.3 353374.3 313870.9 259029 442642.2 365319.1 344139.8 322742.9 407796 323026.9 390449.8 391633 318788.6 534521.6 442627.3 574279.5 507568.6 329400.7 
#survey CV 
0.2 0.2 0.2 0.2 0.2 0.2 0.2 0.2 0.2 0.2 0.2 0.2 0.2 0.2 0.2 0.2 0.2 0.2 0.2 0.2 0.2 0.2 0.2 0.2 0.2 0.2 0.2 0.2 
#total CPUE 
82716.9 64638.69 33796.08 64973.21 90962.43 123953.7 181327.1 195954.5 252086.4 215481.7 296523.1 260570.9 363515.8 350466.1 352532.4 455755.1 407414.3 318826.3 344751.2 417717.2 296560.5 495658.3 469449.1 272715.5 369118.7 285296.4 352491 396823 
#CPUE CV 
0.2 0.2 0.2 0.2 0.2 0.2 0.2 0.2 0.2 0.2 0.2 0.2 0.2 0.2 0.2 0.2 0.2 0.2 0.2 0.2 0.2 0.2 0.2 0.2 0.2 0.2 0.2 0.2 
#total catch biomass 
14999.87 15817.12 13004.85 12906.21 18774.02 28723.72 39990.07 70145.19 82630.42 113625.4 103501.5 133275.3 149966.2 168749.8 170018.2 181987.7 194480.7 160144.4 202278.7 157201.1 171298.5 165907.1 180567.2 189610.9 173990.3 192731.2 191121 198162.4 
#catch CV 
0.1 0.1 0.1 0.1 0.1 0.1 0.1 0.1 0.1 0.1 0.1 0.1 0.1 0.1 0.1 0.1 0.1 0.1 0.1 0.1 0.1 0.1 0.1 0.1 0.1 0.1 0.1 0.1 
#Length Bins 
0.6062379 1.818714 3.03119 4.243665 5.456141 6.668617 7.881093 9.093569 10.30604 11.51852 12.731 13.94347 15.15595 16.36842 17.5809 18.79338 20.00585 21.21833 22.4308 23.64328 24.85575 26.06823 27.28071 28.49318 29.70566 
#catch length counts 
1.827976e-06 8.597916e-05 0.002800285 0.06315353 0.986234 10.66477 79.85836 414.1153 1487.612 3706.499 6436.756 7939.43 7434.855 6294.372 5888.995 5855.316 5463.883 4818.635 4190.894 3576.522 2949.675 2317.584 1671.957 1048.01 540.03 
1.671818e-06 7.863427e-05 0.002561067 0.05775856 0.9019842 9.753743 73.03724 378.7574 1360.795 3392.473 5904.721 7345.75 7077.944 6394.328 6413.919 6551.258 6067.648 5243.694 4493.159 3809.95 3114.383 2405.171 1701.393 1051.262 537.7409 
2.792909e-07 1.31365e-05 0.0004278476 0.009649085 0.1506867 1.629566 12.20513 63.35002 228.4088 577.3794 1059.263 1573.068 2325.665 3718.747 5469.146 6563.385 6578.126 6033.895 5353.375 4560.297 3685.623 2803.498 1951.45 1186.588 598.8556 
4.347631e-10 2.044968e-08 6.660988e-07 1.502815e-05 0.0002350541 0.002557586 0.01962128 0.1114307 0.5385066 2.71009 14.11874 62.54368 209.7437 528.4402 1060.384 1840.89 2863.267 3860.959 4377.369 4231.852 3620.305 2799.779 1938.581 1162.923 578.5677 
6.747737e-06 0.000317381 0.01033689 0.233123 3.640545 39.36714 294.7729 1528.366 5487.234 13641.61 23483.6 27993.23 23107.83 13218.41 5280.248 1610.715 733.3732 990.5126 1601.798 2164.821 2372.948 2127.581 1578.218 967.4153 480.961 
6.453888e-06 0.0003035598 0.009886744 0.2229712 3.482019 37.65331 281.9517 1462.129 5252.83 13092.51 22768.34 28229.51 26871.72 23465.04 22031.25 19918.64 14281.64 7494.201 3071.124 1509.276 1388.717 1479.077 1297.56 884.4161 463.8977 
1.152623e-05 0.0005421384 0.01765709 0.3982121 6.218653 67.2459 503.5323 2610.95 9376.681 23337.58 40356.68 48969.79 43275.82 31359.24 23409.82 20054.07 17375.52 13873.93 9768.724 5720.715 2790.008 1370.051 858.3379 582.2869 328.7917 
1.745326e-05 0.0008209172 0.02673673 0.6029811 9.416416 101.8253 762.4639 3953.655 14199.8 35352.42 61205.66 74607.05 67006.63 50736.42 40148.04 34372.2 27371.59 19500.33 13397.72 9072.419 5614.276 2972.834 1370.057 605.4647 268.6956 
2.271528e-05 0.001068418 0.03479766 0.7847753 12.25539 132.5248 992.3388 5145.606 18480.28 46004.44 79614.5 96891.78 86528.83 64516.19 49969.8 42505.74 34318.88 24902.56 16983.07 11086.44 6761.301 3750.177 1833.196 768.8223 277.0895 
2.779321e-05 0.001307259 0.04257656 0.9602095 14.99506 162.1508 1214.188 6296.196 22615.84 56331.65 97706.65 119948 110463.8 89445.31 78002.44 71379.68 58723.73 42444.56 28784.39 18783.82 11433.6 6302.889 3078.789 1295.607 455.9905 
2.955209e-05 0.001389988 0.045271 1.020976 15.94401 172.412 1291.017 6694.429 24043.96 59865.77 103679.5 126543 114196.6 87751.72 71552.04 64002.09 54480.52 42411.98 31115.94 21289.89 13166.11 7267.932 3541.922 1485.813 519.6764 
3.589618e-05 0.001688384 0.05498955 1.240154 19.36678 209.4245 1568.164 8131.522 29205.13 72712.94 125905.9 153559.9 138206.3 105336.3 84506.75 73892.79 60886.59 45598.77 32872.58 23080.38 15082.75 8788.456 4431.538 1885.605 661.0884 
4.017591e-05 0.001889681 0.06154568 1.388011 21.67578 234.393 1755.124 9100.916 32685.86 81369.75 140832.2 171465.4 153356 114832.1 89561.48 76612.01 62166.25 45603.46 31873.3 21669.99 13929.3 8204.513 4278.389 1894.306 685.5252 
4.569199e-05 0.002149131 0.06999579 1.578582 24.65183 266.5749 1996.103 10350.53 37174.64 92552.22 160240.3 195348.8 175529.8 133129.2 105803.4 91322.65 73624.39 52958.33 35987.43 23733.93 14798.91 8495.055 4378.427 1952.58 722.0572 
5.417248e-05 0.002548012 0.0829871 1.871569 29.22724 316.0514 2366.578 12271.52 44073.2 109719.1 189906.4 231251.9 206948 155204.3 121299.2 103750.9 83814.13 60761.77 41476.64 27128.03 16539.36 9207.65 4605.73 2010.53 737.1684 
5.36575e-05 0.00252379 0.08219819 1.853777 28.94939 313.0468 2344.077 12154.79 43653.16 108665.6 188029.2 228712.2 203852.7 151113.5 115808.6 97390.67 77645.97 55477.65 37368.03 24276.79 14749.84 8138.066 3994.844 1700.638 608.7185 
5.147361e-05 0.002421071 0.07885268 1.778328 27.77114 300.3057 2248.676 11660.17 41877.65 104254.7 180457.2 219786.8 196813.4 147823.9 115615.4 98408.14 78340.8 55315.54 36582.32 23319.23 13942.07 7595.255 3686.773 1548.81 544.9365 
4.734743e-05 0.002226995 0.07253176 1.635775 25.54498 276.2331 2068.425 10725.6 38522.37 95914.14 166105.5 202709.1 182820.2 140089.4 113090.6 98651.16 79793.31 57221.44 38340.07 24494.5 14496.54 7762.823 3700.571 1529.798 530.5107 
4.951801e-05 0.002329089 0.07585689 1.710765 26.71606 288.8967 2163.251 11217.32 40288.74 100314.7 173744.3 212116.1 191584.9 147438.9 119969.6 105714.2 86824.24 63830.37 44097.36 28924.34 17411.66 9383.201 4453.103 1818.279 620.7777 
5.130017e-05 0.002412913 0.07858699 1.772336 27.67757 299.2939 2241.101 11620.92 41737.14 103909.3 179889.7 219239.8 196801 148899.6 118103.8 102398.8 83833.65 61970.83 43394.8 29076.85 17977.12 9947.917 4814.334 1983.657 676.6532 
4.94548e-05 0.002326115 0.07576005 1.708581 26.68195 288.5278 2160.488 11202.98 40236.98 100183.4 173500.7 211741.3 190992.5 146420.9 118347.5 103515.6 84261.46 61311.87 42230.67 28126.25 17524.65 9877.906 4894.919 2063.607 716.3129 
5.158446e-05 0.002426284 0.07902249 1.782157 27.83095 300.9524 2253.519 11685.28 41967.84 104479.3 180846.7 220265.8 197268.2 148286.8 116402.1 100114.7 81529.85 59883.1 41570 27638.29 17078.31 9575.582 4765.861 2036.856 720.1359 
5.594011e-05 0.002631153 0.08569494 1.932638 30.18092 326.3642 2443.803 12672.03 45512.59 113312.1 196191 239214.6 215069.7 163387.7 130209.2 112681.6 91096.93 65794.26 44908.52 29637.65 18319.38 10278.61 5108.776 2183.074 775.408 
4.789954e-05 0.002252963 0.07337754 1.65485 25.84286 279.4544 2092.552 10850.8 38973.51 97051.62 168172.7 205691.2 186991.2 146423.1 122094.4 109037.7 89510.7 65274.47 44736.17 29371.64 17949.25 9965.646 4924.785 2100.42 746.1388 
5.580801e-05 0.00262494 0.08549257 1.928074 30.10964 325.5933 2438.028 12642.01 45403.73 113030.8 195634 238207.4 213122.6 159798 125128.8 107981.7 89085.01 66929.5 47605.34 32115.96 19872.57 11043.82 5425.422 2296.255 810.9328 
4.979531e-05 0.002342132 0.07628169 1.720345 26.86567 290.5147 2175.371 11280.25 40516.01 100892.8 174828.7 213831.5 194384.3 152167.3 126711.5 112750.9 91937.76 66550.9 45697.18 30593.76 19273.65 10982.19 5491.282 2339.783 825.4721 
5.661245e-05 0.002662777 0.08672489 1.955866 30.54365 330.2864 2473.165 12824.13 46056.64 114644.7 198348.9 241142.7 214553 158327.4 120801.3 102278.9 83665.95 62510.43 44192.78 29679.86 18409.2 10366.11 5199.637 2244.787 802.5338 
5.344703e-05 0.002513891 0.08187578 1.846506 28.83585 311.8193 2334.894 12107.35 43485.31 108272.7 187520 228897 206607.2 158631.3 128282.7 111618.7 89526.09 63536.18 42656.5 28061.52 17503.59 9940.69 4989.205 2148.75 769.3446 
#survey length counts 
8.737523e-06 0.000410971 0.01338506 0.301867 4.714093 50.97651 381.7171 1979.486 7111.478 17725.1 30824.74 38223.27 36436.9 32139.16 31425.51 31709.03 29275.02 25296.85 21687.5 18397.52 15042.53 11618.73 8219.647 5079.011 2598.073 
1.200935e-06 5.648623e-05 0.001839721 0.04149052 0.6479434 7.006996 52.48001 272.3729 981.736 2478.657 4527.105 6632.721 9566.225 14985.63 21855.79 26172.6 26230.15 24074.28 21371.89 18212.98 14723.27 11201.04 7797.451 4741.495 2393.03 
1.68897e-09 7.944284e-08 2.58764e-06 5.837925e-05 0.0009130042 0.009929909 0.07605191 0.4293233 2.041127 10.02463 51.38295 226.2808 757.6753 1908.613 3831.316 6655.545 10357.82 13972.28 15844.93 15321.07 13109.08 10139.17 7020.947 4211.938 2095.54 
2.681778e-05 0.001261379 0.04108228 0.9265092 14.46875 156.4583 1171.527 6074.242 21808.11 54216.36 93331.71 111254.4 91837.71 52531.02 20970.76 6352.644 2788.382 3675.801 5930.017 8013.9 8784.851 7876.872 5843.214 3581.875 1780.804 
2.197925e-05 0.001033798 0.03367013 0.7593468 11.8583 128.2314 960.2065 4979.328 17887.92 44577.47 77469.97 95808.85 90434.88 77462.61 71178.36 63640.92 45467.6 23837.23 9769.96 4807.982 4429.313 4718.777 4139.856 2821.768 1480.102 
3.821209e-05 0.001797313 0.0585373 1.320164 20.61625 222.9354 1669.322 8655.841 31085.06 77361.72 133738.9 162096 142644.1 102057.1 74477.92 62691.46 53986.81 43068.25 30333.54 17769.46 8668.375 4258.017 2668.444 1810.46 1022.318 
5.163793e-05 0.002428799 0.0791044 1.784004 27.85979 301.2643 2255.853 11697.36 42010.87 104582.9 181002 220339.4 196946 147130.6 114000.9 96199.86 76230.27 54271.86 37309.27 25279.91 15649.33 8288.005 3820.062 1688.364 749.325 
7.114411e-05 0.003346276 0.108986 2.45791 38.3838 415.0664 3107.992 16115.89 57878.45 144069.4 249241.1 302938.5 269277.2 198097.3 150109.4 125702.4 100941.5 73185.9 49935.38 32615.58 19898.51 11039.18 5396.974 2263.608 815.8629 
6.994855e-05 0.003290043 0.1071545 2.416606 37.73879 408.0926 3055.8 15845.81 56916.47 141753.5 245772.5 301259.7 275972.6 220445 188803.5 170966.1 140212.2 101326 68761.88 44900.22 27341.08 15075.43 7364.931 3099.541 1090.94 
7.535751e-05 0.003544454 0.1154406 2.603477 40.65703 439.6486 3292.072 17070.6 61310.14 152640.4 264267.7 322143.4 289421.8 219678.2 175819.1 155362.6 131747.9 102535.7 75270.95 51528.09 31876.35 17599.91 8578.19 3598.786 1258.769 
8.410686e-05 0.003955981 0.1288437 2.905752 45.37749 490.6937 3674.294 19052.52 68427.68 170354.3 294892.7 359267.9 322075.3 242795.9 191528.3 165596.5 135958.9 101798.3 73437.98 51593.73 33727.89 19656.51 9912.843 4218.179 1478.948 
9.539499e-05 0.004486921 0.1461361 3.295738 51.46768 556.5502 4167.417 21609.39 77608.61 193189.6 334277.2 406567.6 362272.8 268396.1 205783.4 173931.6 140572.6 103082.4 72093.64 49045.69 31538.25 18580.41 9690.29 4290.789 1552.845 
0.0001025478 0.004823353 0.1570934 3.542855 55.32677 598.281 4479.901 23229.84 83430.18 207698.9 359504.9 437825.5 391968.9 294256.9 230172.9 196545.9 157902.8 113552 77217.04 50958.96 31787.59 18251.35 9408.181 4195.947 1551.714 
0.0001100011 0.00517392 0.1685112 3.800354 59.34798 641.7645 4805.499 24918.08 89492.12 222776.4 385508.5 469052.7 418509.9 311229.3 239989.4 203365 163794.3 118733.6 81109.07 53085.56 32378.37 18029.71 9019.878 3937.761 1443.865 
0.000113204 0.005324571 0.1734178 3.91101 61.07603 660.4508 4945.415 25643.47 92095.63 229240.7 396580.4 481983.1 428292.9 314722.8 237752.9 197887.7 157222.7 112307.9 75700.99 49213.93 29913.28 16508.22 8104.756 3450.551 1235.136 
0.0001141935 0.005371113 0.1749336 3.945196 61.6099 666.2241 4988.652 25867.8 92903.05 231268.2 400209.1 486963.9 434555 323200.2 248869 209546.6 166215.7 117327.4 77646.16 49528.81 29624.7 16142.62 7836.828 3292.524 1158.507 
0.0001108905 0.005215754 0.1698737 3.831082 59.82785 646.9541 4844.368 25119.83 90219.45 224614.4 388877.2 474037.4 425809.3 322677.1 256143.4 220970.8 178093.1 127678 85604.29 54725.34 32400.91 17354.61 8274.213 3420.819 1186.349 
0.0001106476 0.005204331 0.1695016 3.822691 59.69682 645.5372 4833.76 25064.87 90022.73 224131.2 388085.4 473285.2 425835.3 324270.7 259718 226515 185442.5 136311.2 94235.9 61849.74 37245.98 20076.48 9529.269 3891.297 1328.594 
0.0001144213 0.005381826 0.1752825 3.953065 61.73279 667.553 4998.606 25919.48 93089.6 231741.9 401092.5 488342.3 436790.9 327158.9 255436.3 219108.6 178766.9 132120.2 92580.28 62072.43 38391.43 21249.08 10284.92 4238.046 1445.727 
0.0001112007 0.005230343 0.1703488 3.841798 59.9952 648.7636 4857.918 25190.1 90471.98 225244.5 389977.1 475421.8 427198.1 324066.6 257791 223131.2 181025.2 131696.2 90774.06 60496.2 37708.21 21259.24 10536.22 4442.216 1542.038 
0.0001194145 0.005616683 0.1829317 4.125572 64.42673 696.6841 5216.734 27050.47 97150.51 241840.9 418500.6 509201.7 454363.8 338004.5 260965.6 221886.9 180015.8 132180 91817.73 61083.8 37759.36 21175.9 10540.87 4505.361 1592.956 
0.0001247433 0.005867322 0.1910948 4.309672 67.30172 727.7733 5449.535 28257.75 101488.2 252657 437340.8 532704.9 477192 358845 281508.5 241044.7 194205.3 140232.6 95784.12 63254.97 39114.25 21951.15 10911.84 4663.2 1656.404 
0.0001108517 0.00521393 0.1698143 3.829742 59.80694 646.7283 4842.688 25111.34 90192.18 224578.2 389030.5 475244.4 430187.5 332999 273115.3 241399.3 197539.7 144031 98780.32 64895.59 39673.68 22032.33 10889.35 4644.684 1650.024 
0.0001234104 0.00580463 0.189053 4.263624 66.5826 719.9968 5391.297 27955.61 100400.9 249928.7 432471.9 526087.9 469082.8 348311.8 268530.6 229237.3 188460.3 141562.2 100757.7 68014.85 42101.21 23402.05 11498.1 4866.85 1718.833 
0.0001083797 0.005097661 0.1660275 3.74434 58.47326 632.3064 4734.698 24551.38 88181.11 219572 380368.3 464707.1 420781.6 325933.1 267328.7 235636.1 191586 138674 95291.85 63840.16 40234.6 22930.86 11467.29 4886.473 1724.019 
0.0001231149 0.005790732 0.1886003 4.253415 66.42317 718.2725 5378.377 27888.45 100157.3 249298.8 431221.4 523808.7 464600.9 339755.4 255340.2 213826.8 174274.6 130176.1 92091.81 61886.4 38399.9 21627.59 10849.86 4684.476 1674.823 
0.0001155076 0.005432922 0.1769467 3.990596 62.3189 673.8912 5046.074 26165.79 93976.63 233973.9 405117.8 494005.3 444281.7 337725.1 269046.8 231807.6 185345.9 131518.6 88363.66 58170.89 36299.86 20620.26 10350.61 4458.144 1596.281 
0.0001146122 0.005390803 0.1755749 3.959659 61.83577 668.6666 5006.946 25962.74 93245.32 232132.8 401791.3 489297.9 437981.7 328751.1 257487.3 221137 179920.2 131737.1 90591.2 59199.86 35832.85 19776.04 9792.912 4209.067 1509.012 
