# Number of parameters = 227 Objective function value = 98120.4  Maximum gradient component = 0.00576273
# srv_sel50:
2.02182765927
# srv_sel95:
8.59278200651
# stNatLen:
 8.00811686990 7.61458498708 7.24157169197 6.92939507217 6.64800449488 6.37288390554 6.09263961759 5.81875439710 5.56980409440 5.35498473434 5.17636764414 5.03369504399 4.92592287223 4.85301388309 4.81498759515
# log_avg_fmort_dir:
-0.104907386362
# fmort_dir_dev:
 -2.03324963588 -1.50160465309 -1.54734953559 -1.41852136477 -1.50398690271 -1.43314369661 -1.47946385822 -1.52226783839 -1.40802958606 -1.46393759998 -1.54948249489 -1.39727821374 -1.42799405848 -1.44773575258 -1.45627264824 -1.54203156006 -1.51262480196 -1.48985976767 -1.45976794894 -1.52171398184 -1.64749716731 -1.61361479193 -1.52504020644 -1.48143019439 -1.48582648295 -1.55751449443 -1.46089328706 -1.57451419269 -1.56006608319 -1.44250349409 -1.48490981113 -1.40446487725 -1.49232243821 -1.50333616744 -1.41622191960 -1.47820790085 -1.43542191388 -1.54572732249 -1.40607212989 -1.42772617637 -1.33134072311 -1.20465319731 -1.03698805588 -0.828107744593 -0.815608334868 -0.647582254647 -0.683224282344 -0.460122178378 -0.506903911815 -0.397629232914 -0.373652666473 -0.214270858368 -0.135251155567 -0.123357067848 -0.0412181173625 -0.0307256220785 0.0132950205131 0.0146351285448 0.0106036429452 0.152210085162 0.256180696826 0.254825184843 0.197674668142 0.338403222994 0.300148492210 0.301256396075 0.478205828311 0.520065662404 0.598249383068 0.684588326009 0.824031991841 0.981008218768 0.911291597189 1.02892253518 1.07792550868 1.17068036371 1.37405016009 1.31604620318 1.32200877189 1.49291737084 1.54378779819 1.61959314912 1.56674584891 1.56971708366 1.54623028471 1.54121398928 1.66986496459 1.64732992921 1.68759476677 1.64410253746 1.68630278397 1.65524079405 1.59524712062 1.74152975089 1.83349734608 1.94453905702 3.96090719182 4.31207004289 4.17215621815 4.14590636373 4.17495210233 3.97836882484 2.03413994712
# mean_log_rec:
8.06977707497
# rec_dev:
 -0.0570732553125 -0.0744532901587 -0.0808578289398 -0.0912790149221 -0.103746575345 -0.117791022066 -0.124549897553 -0.125477614798 -0.121723494543 -0.114644288761 -0.107500412420 -0.102906522200 -0.0916793683555 -0.0753488307468 -0.0642904220849 -0.0642161316525 -0.0715106213303 -0.0826139179429 -0.0916330931990 -0.0988994350371 -0.105797290644 -0.109534161140 -0.111659029540 -0.111536487873 -0.107607770364 -0.103533424210 -0.0973118041684 -0.0899881076057 -0.0902690952786 -0.0983681777081 -0.108794192077 -0.116155310943 -0.119541527870 -0.129850662477 -0.152312788627 -0.175610086142 -0.194063782123 -0.211004197078 -0.232440464270 -0.253863363397 -0.268637229242 -0.277099603311 -0.273799336964 -0.262751550507 -0.251963191989 -0.248978423282 -0.245344309119 -0.243570502018 -0.243951182266 -0.260516393220 -0.266378968927 -0.262387105536 -0.262532785285 -0.252780368445 -0.255999588687 -0.248655402273 -0.232350813905 -0.213493194677 -0.203332234395 -0.208327696557 -0.211324502889 -0.213069982430 -0.198381028690 -0.183336081339 -0.165526834349 -0.149747729322 -0.123220272370 -0.0644735412428 -0.0163566351856 0.0262573568169 0.0803200229440 0.123026576813 0.177561477857 0.223977834066 0.242542367625 0.251362581338 0.295901132303 0.376546333615 0.463246549791 0.505205646851 0.519177028327 0.528497657713 0.526550937950 0.525531543858 0.536309927385 0.530147574623 0.493231243847 0.486758481089 0.508571500129 0.510373541786 0.518858119576 0.553554347051 0.557688009155 0.508782885534 0.214115385038 -0.223243087307 -0.249210267278 -0.324941464341 -0.316773574648 -0.398252340399 -0.196932478970 1.15749023956 1.15749015963
# log_avg_NatM:
-1.14665100000
# m_dev:
 0.00000000000 0.00000000000 0.00000000000 0.00000000000 0.00000000000 0.00000000000 0.00000000000 0.00000000000 0.00000000000 0.00000000000 0.00000000000 0.00000000000 0.00000000000 0.00000000000 0.00000000000 0.00000000000 0.00000000000 0.00000000000 0.00000000000 0.00000000000 0.00000000000 0.00000000000 0.00000000000 0.00000000000 0.00000000000 0.00000000000 0.00000000000 0.00000000000 0.00000000000 0.00000000000 0.00000000000 0.00000000000 0.00000000000 0.00000000000 0.00000000000 0.00000000000 0.00000000000 0.00000000000 0.00000000000 0.00000000000 0.00000000000 0.00000000000 0.00000000000 0.00000000000 0.00000000000 0.00000000000 0.00000000000 0.00000000000 0.00000000000 0.00000000000 0.00000000000 0.00000000000 0.00000000000 0.00000000000 0.00000000000 0.00000000000 0.00000000000 0.00000000000 0.00000000000 0.00000000000 0.00000000000 0.00000000000 0.00000000000 0.00000000000 0.00000000000 0.00000000000 0.00000000000 0.00000000000 0.00000000000 0.00000000000 0.00000000000 0.00000000000 0.00000000000 0.00000000000 0.00000000000 0.00000000000 0.00000000000 0.00000000000 0.00000000000 0.00000000000 0.00000000000 0.00000000000 0.00000000000 0.00000000000 0.00000000000 0.00000000000 0.00000000000 0.00000000000 0.00000000000 0.00000000000 0.00000000000 0.00000000000 0.00000000000 0.00000000000 0.00000000000 0.00000000000 0.00000000000 0.00000000000 0.00000000000 0.00000000000 0.00000000000 0.00000000000 0.00000000000
# log_avg_GrowthK:
-0.967584000000
# log_avg_Linf:
3.40453700000
# GrowthK_dev:
 0.00000000000 0.00000000000 0.00000000000 0.00000000000 0.00000000000 0.00000000000 0.00000000000 0.00000000000 0.00000000000 0.00000000000 0.00000000000 0.00000000000 0.00000000000 0.00000000000 0.00000000000 0.00000000000 0.00000000000 0.00000000000 0.00000000000 0.00000000000 0.00000000000 0.00000000000 0.00000000000 0.00000000000 0.00000000000 0.00000000000 0.00000000000 0.00000000000 0.00000000000 0.00000000000 0.00000000000 0.00000000000 0.00000000000 0.00000000000 0.00000000000 0.00000000000 0.00000000000 0.00000000000 0.00000000000 0.00000000000 0.00000000000 0.00000000000 0.00000000000 0.00000000000 0.00000000000 0.00000000000 0.00000000000 0.00000000000 0.00000000000 0.00000000000 0.00000000000 0.00000000000 0.00000000000 0.00000000000 0.00000000000 0.00000000000 0.00000000000 0.00000000000 0.00000000000 0.00000000000 0.00000000000 0.00000000000 0.00000000000 0.00000000000 0.00000000000 0.00000000000 0.00000000000 0.00000000000 0.00000000000 0.00000000000 0.00000000000 0.00000000000 0.00000000000 0.00000000000 0.00000000000 0.00000000000 0.00000000000 0.00000000000 0.00000000000 0.00000000000 0.00000000000 0.00000000000 0.00000000000 0.00000000000 0.00000000000 0.00000000000 0.00000000000 0.00000000000 0.00000000000 0.00000000000 0.00000000000 0.00000000000 0.00000000000 0.00000000000 0.00000000000 0.00000000000 0.00000000000 0.00000000000 0.00000000000 0.00000000000 0.00000000000 0.00000000000 0.00000000000
# Linf_dev:
 0.00000000000 0.00000000000 0.00000000000 0.00000000000 0.00000000000 0.00000000000 0.00000000000 0.00000000000 0.00000000000 0.00000000000 0.00000000000 0.00000000000 0.00000000000 0.00000000000 0.00000000000 0.00000000000 0.00000000000 0.00000000000 0.00000000000 0.00000000000 0.00000000000 0.00000000000 0.00000000000 0.00000000000 0.00000000000 0.00000000000 0.00000000000 0.00000000000 0.00000000000 0.00000000000 0.00000000000 0.00000000000 0.00000000000 0.00000000000 0.00000000000 0.00000000000 0.00000000000 0.00000000000 0.00000000000 0.00000000000 0.00000000000 0.00000000000 0.00000000000 0.00000000000 0.00000000000 0.00000000000 0.00000000000 0.00000000000 0.00000000000 0.00000000000 0.00000000000 0.00000000000 0.00000000000 0.00000000000 0.00000000000 0.00000000000 0.00000000000 0.00000000000 0.00000000000 0.00000000000 0.00000000000 0.00000000000 0.00000000000 0.00000000000 0.00000000000 0.00000000000 0.00000000000 0.00000000000 0.00000000000 0.00000000000 0.00000000000 0.00000000000 0.00000000000 0.00000000000 0.00000000000 0.00000000000 0.00000000000 0.00000000000 0.00000000000 0.00000000000 0.00000000000 0.00000000000 0.00000000000 0.00000000000 0.00000000000 0.00000000000 0.00000000000 0.00000000000 0.00000000000 0.00000000000 0.00000000000 0.00000000000 0.00000000000 0.00000000000 0.00000000000 0.00000000000 0.00000000000 0.00000000000 0.00000000000 0.00000000000 0.00000000000 0.00000000000 0.00000000000
# SelPars50:
3.18701035931
# SelPars95:
5.03527713492
# SelPars_dev50:
 0.00000000000 0.00000000000 0.00000000000 0.00000000000 0.00000000000 0.00000000000 0.00000000000 0.00000000000 0.00000000000 0.00000000000 0.00000000000 0.00000000000 0.00000000000 0.00000000000 0.00000000000 0.00000000000 0.00000000000 0.00000000000 0.00000000000 0.00000000000 0.00000000000 0.00000000000 0.00000000000 0.00000000000 0.00000000000 0.00000000000 0.00000000000 0.00000000000 0.00000000000 0.00000000000 0.00000000000 0.00000000000 0.00000000000 0.00000000000 0.00000000000 0.00000000000 0.00000000000 0.00000000000 0.00000000000 0.00000000000 0.00000000000 0.00000000000 0.00000000000 0.00000000000 0.00000000000 0.00000000000 0.00000000000 0.00000000000 0.00000000000 0.00000000000 0.00000000000 0.00000000000 0.00000000000 0.00000000000 0.00000000000 0.00000000000 0.00000000000 0.00000000000 0.00000000000 0.00000000000 0.00000000000 0.00000000000 0.00000000000 0.00000000000 0.00000000000 0.00000000000 0.00000000000 0.00000000000 0.00000000000 0.00000000000 0.00000000000 0.00000000000 0.00000000000 0.00000000000 0.00000000000 0.00000000000 0.00000000000 0.00000000000 0.00000000000 0.00000000000 0.00000000000 0.00000000000 0.00000000000 0.00000000000 0.00000000000 0.00000000000 0.00000000000 0.00000000000 0.00000000000 0.00000000000 0.00000000000 0.00000000000 0.00000000000 0.00000000000 0.00000000000 0.00000000000 0.00000000000 0.00000000000 0.00000000000 0.00000000000 0.00000000000 0.00000000000 0.00000000000
# SelPars_dev95:
 0.00000000000 0.00000000000 0.00000000000 0.00000000000 0.00000000000 0.00000000000 0.00000000000 0.00000000000 0.00000000000 0.00000000000 0.00000000000 0.00000000000 0.00000000000 0.00000000000 0.00000000000 0.00000000000 0.00000000000 0.00000000000 0.00000000000 0.00000000000 0.00000000000 0.00000000000 0.00000000000 0.00000000000 0.00000000000 0.00000000000 0.00000000000 0.00000000000 0.00000000000 0.00000000000 0.00000000000 0.00000000000 0.00000000000 0.00000000000 0.00000000000 0.00000000000 0.00000000000 0.00000000000 0.00000000000 0.00000000000 0.00000000000 0.00000000000 0.00000000000 0.00000000000 0.00000000000 0.00000000000 0.00000000000 0.00000000000 0.00000000000 0.00000000000 0.00000000000 0.00000000000 0.00000000000 0.00000000000 0.00000000000 0.00000000000 0.00000000000 0.00000000000 0.00000000000 0.00000000000 0.00000000000 0.00000000000 0.00000000000 0.00000000000 0.00000000000 0.00000000000 0.00000000000 0.00000000000 0.00000000000 0.00000000000 0.00000000000 0.00000000000 0.00000000000 0.00000000000 0.00000000000 0.00000000000 0.00000000000 0.00000000000 0.00000000000 0.00000000000 0.00000000000 0.00000000000 0.00000000000 0.00000000000 0.00000000000 0.00000000000 0.00000000000 0.00000000000 0.00000000000 0.00000000000 0.00000000000 0.00000000000 0.00000000000 0.00000000000 0.00000000000 0.00000000000 0.00000000000 0.00000000000 0.00000000000 0.00000000000 0.00000000000 0.00000000000 0.00000000000
