# Number of parameters = 80 Objective function value = 21702.5516158447  Maximum gradient component = 0.00210504385677356
# srv_sel50:
1.17466171343
# srv_sel95:
2.51235951883
# stNatLen:
 11.4655694683 11.0267774897 9.16286554350 7.88651295214 7.05956001106 6.48150708749 6.04920859089 5.71382248451 5.44911104721 5.23951184941 5.07518399415 4.94966649491 4.85866478719 4.79938330057 4.77015705721
# log_avg_fmort_dir:
0.667019129408
# fmort_dir_dev:
 -0.657187370807 -0.722540791286 -0.575794638495 -0.559761202989 -0.498508581955 -0.429934314950 -0.287077682495 -0.331530304770 -0.222215820256 -0.0905322506058 -0.0394732283805 -0.153922797119 -0.0123841289157 -0.0547752315544 0.164959174516 0.0948498997345 0.253059199484 0.183021006975 0.318861505166 0.324857900886 0.318808264037 0.367424794811 0.414219420814 0.566737376000 0.460610517704 0.523653370578 0.492940030015 0.464768032340 -0.313132148482
# mean_log_rec:
13.6298275387
# rec_dev:
 -1.99863848450 -1.86159357406 -1.73693277435 -1.40495549261 -1.22343402796 -1.07651662423 -0.773429979410 -0.412298711415 -0.150171141537 -0.0821605220028 0.228509557214 0.648400946105 0.700242372325 0.515209375081 0.404997400470 0.487142536938 0.432885498246 0.391887897494 0.367502709250 0.397837005402 0.453419831519 0.533275434817 0.642158408513 0.716333926141 0.770186669510 0.699659789437 0.656459436722 0.837011258779 0.837011278115
# log_avg_NatM:
-0.603728823054
# m_dev:
 0.00000000000 0.00000000000 0.00000000000 0.00000000000 0.00000000000 0.00000000000 0.00000000000 0.00000000000 0.00000000000 0.00000000000 0.00000000000 0.00000000000 0.00000000000 0.00000000000 0.00000000000 0.00000000000 0.00000000000 0.00000000000 0.00000000000 0.00000000000 0.00000000000 0.00000000000 0.00000000000 0.00000000000 0.00000000000 0.00000000000 0.00000000000 0.00000000000 0.00000000000
# log_avg_GrowthK:
-1.18630400000
# log_avg_Linf:
3.44583300000
# GrowthK_dev:
 0.00000000000 0.00000000000 0.00000000000 0.00000000000 0.00000000000 0.00000000000 0.00000000000 0.00000000000 0.00000000000 0.00000000000 0.00000000000 0.00000000000 0.00000000000 0.00000000000 0.00000000000 0.00000000000 0.00000000000 0.00000000000 0.00000000000 0.00000000000 0.00000000000 0.00000000000 0.00000000000 0.00000000000 0.00000000000 0.00000000000 0.00000000000 0.00000000000 0.00000000000
# Linf_dev:
 0.00000000000 0.00000000000 0.00000000000 0.00000000000 0.00000000000 0.00000000000 0.00000000000 0.00000000000 0.00000000000 0.00000000000 0.00000000000 0.00000000000 0.00000000000 0.00000000000 0.00000000000 0.00000000000 0.00000000000 0.00000000000 0.00000000000 0.00000000000 0.00000000000 0.00000000000 0.00000000000 0.00000000000 0.00000000000 0.00000000000 0.00000000000 0.00000000000 0.00000000000
# SelPars50:
1.04597786468
# SelPars95:
1.16683432487
# SelPars_dev50:
 0.00000000000 0.00000000000 0.00000000000 0.00000000000 0.00000000000 0.00000000000 0.00000000000 0.00000000000 0.00000000000 0.00000000000 0.00000000000 0.00000000000 0.00000000000 0.00000000000 0.00000000000 0.00000000000 0.00000000000 0.00000000000 0.00000000000 0.00000000000 0.00000000000 0.00000000000 0.00000000000 0.00000000000 0.00000000000 0.00000000000 0.00000000000 0.00000000000 0.00000000000
# SelPars_dev95:
 0.00000000000 0.00000000000 0.00000000000 0.00000000000 0.00000000000 0.00000000000 0.00000000000 0.00000000000 0.00000000000 0.00000000000 0.00000000000 0.00000000000 0.00000000000 0.00000000000 0.00000000000 0.00000000000 0.00000000000 0.00000000000 0.00000000000 0.00000000000 0.00000000000 0.00000000000 0.00000000000 0.00000000000 0.00000000000 0.00000000000 0.00000000000 0.00000000000 0.00000000000
