# Number of parameters = 77 Objective function value = 20939.9715318490  Maximum gradient component = 0.0429473153060831
# srv_sel50:
1.12927929641
# srv_sel95:
2.46252143860
# stNatLen:
 11.3294900847 10.7193862134 8.83842754235 7.55981813433 6.73078831226 6.15080090886 5.71678392998 5.37990818760 5.11392695146 4.90326281157 4.73806000464 4.61184510811 4.52031492098 4.46067294996 4.43124221400
# log_avg_fmort_dir:
0.664415992802
# fmort_dir_dev:
 -0.927770986491 -0.720133565819 -0.699798427875 -0.485464247878 -0.614884499563 -0.344692779080 -0.286898311826 -0.309700967978 -0.272777329155 -0.236211325999 -0.0469779046343 -0.0816204655778 0.00683654453540 0.112486016287 0.138860692947 0.186108754320 0.191166821360 0.270420602717 0.272796030859 0.299042694346 0.263371887351 0.445353026261 0.375637991055 0.412473758373 0.466971059923 0.509216759277 0.534028912647 0.542159259618
# mean_log_rec:
13.5321351447
# rec_dev:
 -1.98637470371 -1.80476618692 -1.69024644403 -1.41649874920 -1.23619978188 -1.11063706006 -0.756386691575 -0.382200684400 -0.118158773228 0.0117318302302 0.298183631008 0.730490698051 0.754561465859 0.504418979921 0.442999755229 0.499726586812 0.496591720586 0.457868136903 0.454369714758 0.513027798617 0.552786013156 0.550503007705 0.681903729942 0.795409298306 0.761080341350 0.696831817909 0.649492271641 0.649492277024
# log_avg_NatM:
-1.05607500000
# m_dev:
 0.00000000000 0.00000000000 0.00000000000 0.00000000000 0.00000000000 0.00000000000 0.00000000000 0.00000000000 0.00000000000 0.00000000000 0.00000000000 0.00000000000 0.00000000000 0.00000000000 0.00000000000 0.00000000000 0.00000000000 0.00000000000 0.00000000000 0.00000000000 0.00000000000 0.00000000000 0.00000000000 0.00000000000 0.00000000000 0.00000000000 0.00000000000 0.00000000000
# log_avg_GrowthK:
-1.18630400000
# log_avg_Linf:
3.44583300000
# GrowthK_dev:
 0.00000000000 0.00000000000 0.00000000000 0.00000000000 0.00000000000 0.00000000000 0.00000000000 0.00000000000 0.00000000000 0.00000000000 0.00000000000 0.00000000000 0.00000000000 0.00000000000 0.00000000000 0.00000000000 0.00000000000 0.00000000000 0.00000000000 0.00000000000 0.00000000000 0.00000000000 0.00000000000 0.00000000000 0.00000000000 0.00000000000 0.00000000000 0.00000000000
# Linf_dev:
 0.00000000000 0.00000000000 0.00000000000 0.00000000000 0.00000000000 0.00000000000 0.00000000000 0.00000000000 0.00000000000 0.00000000000 0.00000000000 0.00000000000 0.00000000000 0.00000000000 0.00000000000 0.00000000000 0.00000000000 0.00000000000 0.00000000000 0.00000000000 0.00000000000 0.00000000000 0.00000000000 0.00000000000 0.00000000000 0.00000000000 0.00000000000 0.00000000000
# SelPars50:
1.04301057067
# SelPars95:
1.16032219455
# SelPars_dev50:
 0.00000000000 0.00000000000 0.00000000000 0.00000000000 0.00000000000 0.00000000000 0.00000000000 0.00000000000 0.00000000000 0.00000000000 0.00000000000 0.00000000000 0.00000000000 0.00000000000 0.00000000000 0.00000000000 0.00000000000 0.00000000000 0.00000000000 0.00000000000 0.00000000000 0.00000000000 0.00000000000 0.00000000000 0.00000000000 0.00000000000 0.00000000000 0.00000000000
# SelPars_dev95:
 0.00000000000 0.00000000000 0.00000000000 0.00000000000 0.00000000000 0.00000000000 0.00000000000 0.00000000000 0.00000000000 0.00000000000 0.00000000000 0.00000000000 0.00000000000 0.00000000000 0.00000000000 0.00000000000 0.00000000000 0.00000000000 0.00000000000 0.00000000000 0.00000000000 0.00000000000 0.00000000000 0.00000000000 0.00000000000 0.00000000000 0.00000000000 0.00000000000
