# Number of parameters = 79 Objective function value = 22516.5278738787  Maximum gradient component = 0.0536855628081204
# srv_sel50:
1.09876896539
# srv_sel95:
2.25128261280
# stNatLen:
 10.7130284267 10.5430737443 8.73637556942 7.42450044738 6.57683677733 5.99284455124 5.56018818712 5.22651312953 4.96419837284 4.75707535706 4.59501746119 4.47142011751 4.38191028316 4.32364024013 4.29490542967
# log_avg_fmort_dir:
0.592909155817
# fmort_dir_dev:
 -0.548940956264 -0.400812140927 -0.541698942050 -0.481114273150 -0.341720568360 -0.234454291226 -0.201603694169 -0.139554916387 -0.104001485659 -0.0963142344364 0.121039117408 0.0511757982180 0.114110236240 0.169045111352 0.209503176222 0.249502334359 0.274366977665 0.234803210425 0.335713198808 0.355933869929 0.447861207460 0.433104235089 0.447457728240 0.514551430602 0.548767709836 0.505419180650 0.541725402940 0.719518913727 -3.18338333654
# mean_log_rec:
13.2727816404
# rec_dev:
 -2.23087929538 -1.75016879703 -1.56787221451 -1.35967683813 -1.05384464320 -0.910595156411 -0.767719363321 -0.554137091687 -0.0981403809274 0.0156189140185 0.216573395471 0.635486044709 0.685191379311 0.464967957363 0.337557483580 0.340780352987 0.363576716709 0.493351606390 0.385489827594 0.533158840502 0.596659284171 0.572368283346 0.738363573506 0.844447106359 0.766315327990 0.665227699831 0.441775053213 0.598062466792 0.598062466754
# log_avg_NatM:
-1.37331700000
# m_dev:
 0.00000000000 0.00000000000 0.00000000000 0.00000000000 0.00000000000 0.00000000000 0.00000000000 0.00000000000 0.00000000000 0.00000000000 0.00000000000 0.00000000000 0.00000000000 0.00000000000 0.00000000000 0.00000000000 0.00000000000 0.00000000000 0.00000000000 0.00000000000 0.00000000000 0.00000000000 0.00000000000 0.00000000000 0.00000000000 0.00000000000 0.00000000000 0.00000000000 0.00000000000
# log_avg_GrowthK:
-1.18630400000
# log_avg_Linf:
3.44583300000
# GrowthK_dev:
 0.00000000000 0.00000000000 0.00000000000 0.00000000000 0.00000000000 0.00000000000 0.00000000000 0.00000000000 0.00000000000 0.00000000000 0.00000000000 0.00000000000 0.00000000000 0.00000000000 0.00000000000 0.00000000000 0.00000000000 0.00000000000 0.00000000000 0.00000000000 0.00000000000 0.00000000000 0.00000000000 0.00000000000 0.00000000000 0.00000000000 0.00000000000 0.00000000000 0.00000000000
# Linf_dev:
 0.00000000000 0.00000000000 0.00000000000 0.00000000000 0.00000000000 0.00000000000 0.00000000000 0.00000000000 0.00000000000 0.00000000000 0.00000000000 0.00000000000 0.00000000000 0.00000000000 0.00000000000 0.00000000000 0.00000000000 0.00000000000 0.00000000000 0.00000000000 0.00000000000 0.00000000000 0.00000000000 0.00000000000 0.00000000000 0.00000000000 0.00000000000 0.00000000000 0.00000000000
# SelPars50:
1.04638576383
# SelPars95:
1.16793372644
# SelPars_dev50:
 0.00000000000 0.00000000000 0.00000000000 0.00000000000 0.00000000000 0.00000000000 0.00000000000 0.00000000000 0.00000000000 0.00000000000 0.00000000000 0.00000000000 0.00000000000 0.00000000000 0.00000000000 0.00000000000 0.00000000000 0.00000000000 0.00000000000 0.00000000000 0.00000000000 0.00000000000 0.00000000000 0.00000000000 0.00000000000 0.00000000000 0.00000000000 0.00000000000 0.00000000000
# SelPars_dev95:
 0.00000000000 0.00000000000 0.00000000000 0.00000000000 0.00000000000 0.00000000000 0.00000000000 0.00000000000 0.00000000000 0.00000000000 0.00000000000 0.00000000000 0.00000000000 0.00000000000 0.00000000000 0.00000000000 0.00000000000 0.00000000000 0.00000000000 0.00000000000 0.00000000000 0.00000000000 0.00000000000 0.00000000000 0.00000000000 0.00000000000 0.00000000000 0.00000000000 0.00000000000
