# Number of parameters = 78 Objective function value = 23417.4615532925  Maximum gradient component = 0.0397012091399899
# srv_sel50:
1.21697666318
# srv_sel95:
2.25778338133
# stNatLen:
 11.7904241148 10.6229866634 9.09172057536 7.91405196865 7.07306223520 6.45842993064 5.99322837236 5.63160732837 5.34634078724 5.12067196861 4.94387177953 4.80887476014 4.71099073510 4.64718260735 4.61565458753
# log_avg_fmort_dir:
0.561787566938
# fmort_dir_dev:
 -0.974431615175 -0.434260334142 -0.442556522653 -0.243839177767 -0.208917514575 -0.179521022434 -0.418075030820 -0.225379451202 -0.131426384998 -0.161027749873 -0.101562518060 -0.0352856163827 -0.0197905695349 0.0282289348216 0.103791571307 0.120669325843 0.154912615586 0.301482874289 0.333998999230 0.185385708524 0.280341376757 0.160415329571 0.309794464738 0.357769799100 0.355511428706 0.303822343592 0.344047575292 0.235901160261
# mean_log_rec:
13.8828386776
# rec_dev:
 -2.18345892296 -1.75602208465 -1.38684823198 -1.53336330728 -1.41781759678 -1.03549177192 -0.570306551654 -0.325335050383 -0.0517801005607 0.157133750581 0.318361336260 0.567416019723 0.695093363073 0.496489853914 0.304203337740 0.305399092314 0.314162695418 0.324168781506 0.367433268417 0.460363663887 0.561270949199 0.683475527998 0.713420011431 0.766208050047 0.742202173842 0.776059890123 0.853780926355 0.853780926338
# log_avg_NatM:
-0.254143737444
# m_dev:
 0.00000000000 0.00000000000 0.00000000000 0.00000000000 0.00000000000 0.00000000000 0.00000000000 0.00000000000 0.00000000000 0.00000000000 0.00000000000 0.00000000000 0.00000000000 0.00000000000 0.00000000000 0.00000000000 0.00000000000 0.00000000000 0.00000000000 0.00000000000 0.00000000000 0.00000000000 0.00000000000 0.00000000000 0.00000000000 0.00000000000 0.00000000000 0.00000000000
# log_avg_GrowthK:
-1.20372700000
# log_avg_Linf:
3.45755400000
# GrowthK_dev:
 0.00000000000 0.00000000000 0.00000000000 0.00000000000 0.00000000000 0.00000000000 0.00000000000 0.00000000000 0.00000000000 0.00000000000 0.00000000000 0.00000000000 0.00000000000 0.00000000000 0.00000000000 0.00000000000 0.00000000000 0.00000000000 0.00000000000 0.00000000000 0.00000000000 0.00000000000 0.00000000000 0.00000000000 0.00000000000 0.00000000000 0.00000000000 0.00000000000
# Linf_dev:
 0.00000000000 0.00000000000 0.00000000000 0.00000000000 0.00000000000 0.00000000000 0.00000000000 0.00000000000 0.00000000000 0.00000000000 0.00000000000 0.00000000000 0.00000000000 0.00000000000 0.00000000000 0.00000000000 0.00000000000 0.00000000000 0.00000000000 0.00000000000 0.00000000000 0.00000000000 0.00000000000 0.00000000000 0.00000000000 0.00000000000 0.00000000000 0.00000000000
# SelPars50:
1.05220632412
# SelPars95:
1.17269665995
# SelPars_dev50:
 0.00000000000 0.00000000000 0.00000000000 0.00000000000 0.00000000000 0.00000000000 0.00000000000 0.00000000000 0.00000000000 0.00000000000 0.00000000000 0.00000000000 0.00000000000 0.00000000000 0.00000000000 0.00000000000 0.00000000000 0.00000000000 0.00000000000 0.00000000000 0.00000000000 0.00000000000 0.00000000000 0.00000000000 0.00000000000 0.00000000000 0.00000000000 0.00000000000
# SelPars_dev95:
 0.00000000000 0.00000000000 0.00000000000 0.00000000000 0.00000000000 0.00000000000 0.00000000000 0.00000000000 0.00000000000 0.00000000000 0.00000000000 0.00000000000 0.00000000000 0.00000000000 0.00000000000 0.00000000000 0.00000000000 0.00000000000 0.00000000000 0.00000000000 0.00000000000 0.00000000000 0.00000000000 0.00000000000 0.00000000000 0.00000000000 0.00000000000 0.00000000000
