# Number of parameters = 79 Objective function value = 19405.9231322748  Maximum gradient component = 0.0176803050688631
# srv_sel50:
0.996249410811
# srv_sel95:
1.01281758532
# stNatLen:
 10.7550393572 9.24097289544 7.82968570863 6.88400889089 6.22827000356 5.73839022816 5.35661493559 5.05252214730 4.80819651469 4.61229390131 4.45729358231 4.33808769011 4.25120374401 4.19435850688 4.16619519950
# log_avg_fmort_dir:
0.562264698131
# fmort_dir_dev:
 -0.654816665596 -0.269652269351 -0.187034571916 -0.154762856550 -0.486382812183 -0.0729968613813 -0.169420394084 -0.144060157411 -0.209536382784 -0.0770411586591 -0.0608128445812 -0.0742016520767 -0.0198615511294 0.0367654275723 0.173669482902 0.122471513303 0.217250962629 0.227118202398 0.187465805560 0.311855689654 0.263407204714 0.219879150907 0.201550047030 0.290832273744 0.342992421109 0.388525007970 0.390170700461 0.270476939913 -1.06385065216
# mean_log_rec:
13.6708849125
# rec_dev:
 -2.28283478618 -2.01731966129 -1.89579949160 -1.27136161172 -1.10123516349 -1.17269487239 -0.693183270353 -0.454219640883 -0.241135507095 -0.00993349238663 0.315190462546 0.523751841339 0.627714952880 0.581854021640 0.502379974866 0.570125488526 0.448472097915 0.396645874559 0.468842178789 0.424421198204 0.470796948601 0.581511066554 0.710747372076 0.776230935962 0.758435983377 0.704395980579 0.663904348902 0.807148384402 0.807148385676
# log_avg_NatM:
-1.06669500000
# m_dev:
 0.00000000000 0.00000000000 0.00000000000 0.00000000000 0.00000000000 0.00000000000 0.00000000000 0.00000000000 0.00000000000 0.00000000000 0.00000000000 0.00000000000 0.00000000000 0.00000000000 0.00000000000 0.00000000000 0.00000000000 0.00000000000 0.00000000000 0.00000000000 0.00000000000 0.00000000000 0.00000000000 0.00000000000 0.00000000000 0.00000000000 0.00000000000 0.00000000000 0.00000000000
# log_avg_GrowthK:
-1.19613400000
# log_avg_Linf:
3.45239700000
# GrowthK_dev:
 0.00000000000 0.00000000000 0.00000000000 0.00000000000 0.00000000000 0.00000000000 0.00000000000 0.00000000000 0.00000000000 0.00000000000 0.00000000000 0.00000000000 0.00000000000 0.00000000000 0.00000000000 0.00000000000 0.00000000000 0.00000000000 0.00000000000 0.00000000000 0.00000000000 0.00000000000 0.00000000000 0.00000000000 0.00000000000 0.00000000000 0.00000000000 0.00000000000 0.00000000000
# Linf_dev:
 0.00000000000 0.00000000000 0.00000000000 0.00000000000 0.00000000000 0.00000000000 0.00000000000 0.00000000000 0.00000000000 0.00000000000 0.00000000000 0.00000000000 0.00000000000 0.00000000000 0.00000000000 0.00000000000 0.00000000000 0.00000000000 0.00000000000 0.00000000000 0.00000000000 0.00000000000 0.00000000000 0.00000000000 0.00000000000 0.00000000000 0.00000000000 0.00000000000 0.00000000000
# SelPars50:
1.00333606236
# SelPars95:
1.11999527765
# SelPars_dev50:
 0.00000000000 0.00000000000 0.00000000000 0.00000000000 0.00000000000 0.00000000000 0.00000000000 0.00000000000 0.00000000000 0.00000000000 0.00000000000 0.00000000000 0.00000000000 0.00000000000 0.00000000000 0.00000000000 0.00000000000 0.00000000000 0.00000000000 0.00000000000 0.00000000000 0.00000000000 0.00000000000 0.00000000000 0.00000000000 0.00000000000 0.00000000000 0.00000000000 0.00000000000
# SelPars_dev95:
 0.00000000000 0.00000000000 0.00000000000 0.00000000000 0.00000000000 0.00000000000 0.00000000000 0.00000000000 0.00000000000 0.00000000000 0.00000000000 0.00000000000 0.00000000000 0.00000000000 0.00000000000 0.00000000000 0.00000000000 0.00000000000 0.00000000000 0.00000000000 0.00000000000 0.00000000000 0.00000000000 0.00000000000 0.00000000000 0.00000000000 0.00000000000 0.00000000000 0.00000000000
