#Simulated generalized assessment 
# 
#start/end year 
73 100 
#number of ages 
15 
#ages 
1 2 3 4 5 6 7 8 9 10 11 12 13 14 15 
#Number of length bins 
25 
#CPUE years 
28 
#years for CPUE 
73 74 75 76 77 78 79 80 81 82 83 84 85 86 87 88 89 90 91 92 93 94 95 96 97 98 99 100 
#survey years 
28 
#years for survey 
73 74 75 76 77 78 79 80 81 82 83 84 85 86 87 88 89 90 91 92 93 94 95 96 97 98 99 100 
#length freq from catch years 
28 
#years for length freq catch 
73 74 75 76 77 78 79 80 81 82 83 84 85 86 87 88 89 90 91 92 93 94 95 96 97 98 99 100 
#catch length sample sizes 
200 200 200 200 200 200 200 200 200 200 200 200 200 200 200 200 200 200 200 200 200 200 200 200 200 200 200 200 
#length freq from survey years 
28 
#years for length freq survey 
73 74 75 76 77 78 79 80 81 82 83 84 85 86 87 88 89 90 91 92 93 94 95 96 97 98 99 100 
#survey sample sizes 
200 200 200 200 200 200 200 200 200 200 200 200 200 200 200 200 200 200 200 200 200 200 200 200 200 200 200 200 
#total survey biomass 
3758.931 8055.13 10675.65 13700.36 30001.7 24643.14 35065.33 30833.5 72990.31 75473.81 95686.26 138181 243988.8 181442.9 179287.5 139502 82251.61 174888.8 155549.1 190972.1 161982.6 153407.8 138356.2 167090.3 198187.9 157610.5 179461 133433.8 
#survey CV 
0.2 0.2 0.2 0.2 0.2 0.2 0.2 0.2 0.2 0.2 0.2 0.2 0.2 0.2 0.2 0.2 0.2 0.2 0.2 0.2 0.2 0.2 0.2 0.2 0.2 0.2 0.2 0.2 
#total CPUE 
4476.439 4746.891 4283.582 8325.308 13029.68 16247.57 10912.14 20634.54 29663.93 47168.1 44168.48 90968.68 101889.8 157680.2 107376.1 113136.7 93219.83 69376.96 75856.81 67688.17 136180.5 103556.3 100390.7 96493.75 108390 132939.9 140657.9 82224.77 
#CPUE CV 
0.2 0.2 0.2 0.2 0.2 0.2 0.2 0.2 0.2 0.2 0.2 0.2 0.2 0.2 0.2 0.2 0.2 0.2 0.2 0.2 0.2 0.2 0.2 0.2 0.2 0.2 0.2 0.2 
#total catch biomass 
2900.128 2453.567 4443.593 5454.838 7169.85 9639.043 16009.27 17139 21125.79 26642.32 35505.4 48491.69 85770.97 99279.41 98337.3 83507.43 67002.09 75417.66 79863.16 91006.3 107780.2 73896.71 94923.44 107435.7 91494.56 103252.5 105363.6 112342.2 
#catch CV 
0.1 0.1 0.1 0.1 0.1 0.1 0.1 0.1 0.1 0.1 0.1 0.1 0.1 0.1 0.1 0.1 0.1 0.1 0.1 0.1 0.1 0.1 0.1 0.1 0.1 0.1 0.1 0.1 
#Length Bins 
0.6062379 1.818714 3.03119 4.243665 5.456141 6.668617 7.881093 9.093569 10.30604 11.51852 12.731 13.94347 15.15595 16.36842 17.5809 18.79338 20.00585 21.21833 22.4308 23.64328 24.85575 26.06823 27.28071 28.49318 29.70566 
#catch length counts 
7.46069e-07 3.509149e-05 0.001142907 0.02577545 0.4025208 4.352706 32.59317 169.0133 607.1035 1512.277 2623.709 3224.084 2978.508 2427.076 2117.746 1891.694 1451.481 908.8224 492.9829 247.2251 113.9964 46.52678 16.46399 4.983682 1.263288 
7.618911e-07 3.583569e-05 0.001167145 0.02632207 0.4110572 4.445015 33.28438 172.5975 619.9763 1544.326 2679.203 3291.754 3039.353 2473.196 2153.904 1921.287 1472.259 919.7525 496.8943 247.716 113.3612 45.83286 16.03881 4.797103 1.201264 
1.787475e-06 8.407419e-05 0.002738241 0.06175426 0.9643809 10.4284 78.08667 404.8922 1453.97 3617.642 6248.023 7544.347 6544.475 4464.998 2923.317 2109.551 1486.825 904.6834 483.1882 238.9 108.578 43.60561 15.14077 4.486714 1.111866 
1.709572e-06 8.041003e-05 0.002618902 0.05906288 0.9223522 9.973962 74.6853 387.2839 1391.143 3465.313 6012.211 7388.327 6825.715 5556.376 4817.41 4217.934 3080.228 1730.204 773.968 305.6419 116.4232 42.674 14.27933 4.165371 1.022128 
3.028824e-06 0.0001424613 0.00463987 0.1046408 1.634116 17.67064 132.3163 686.0924 2463.915 6132.013 10600.94 12849.29 11304.94 8057.37 5735.601 4452.295 3231.359 1969.006 1028.858 480.3649 196.456 67.45748 19.39381 4.816837 1.052243 
3.802366e-06 0.0001788449 0.005824863 0.1313654 2.05146 22.18365 166.1105 861.3462 3093.614 7702.336 13337.38 16268.3 14641.99 11133.19 8787.598 7279.984 5259.497 3006.624 1405.06 589.4789 234.1214 85.13827 26.76621 6.997287 1.487743 
4.438313e-06 0.0002087569 0.006799074 0.1533363 2.394568 25.8939 193.8931 1005.419 3611.195 8992.262 15579.75 19044.59 17273.53 13415.73 10942.29 9311.196 6885.897 4079.684 2013.59 887.6285 353.5428 122.6089 36.3083 9.208361 1.981832 
5.091671e-06 0.0002394877 0.007799956 0.1759088 2.747069 29.7057 222.4358 1153.425 4142.786 10315.93 17872.72 21845.8 19809.01 15375.65 12536.48 10684.16 7943.583 4766.743 2411.841 1103.263 458.8248 166.0464 50.74806 12.96555 2.740315 
7.542658e-06 0.0003547703 0.01155464 0.2605863 4.069428 44.00511 329.5077 1708.601 6136.291 15274.65 26427.77 32132.57 28592.04 21062.17 15848.07 12784.75 9318.395 5566.788 2821.688 1300.228 548.7981 203.4855 64.31887 17.07691 3.738203 
1.210449e-05 0.0005693369 0.01854293 0.41819 6.530636 70.61956 528.7943 2741.945 9847.193 24509.33 42387.49 51453.04 45510.79 32940.81 24035.26 18863.19 13442.8 7772.81 3737.751 1620.616 655.0816 238.7915 75.65303 20.38882 4.570174 
1.459608e-05 0.0006865294 0.02235981 0.5042704 7.874907 85.15608 637.6467 3306.456 11875.68 29569.56 51216.6 62537.01 56495.86 43399.97 34796.12 29161.34 21217.14 12219.44 5753.905 2405.452 927.987 321.1709 96.63246 24.99038 5.476154 
1.999459e-05 0.0009404491 0.03062981 0.6907798 10.78752 116.6518 873.4832 4529.309 16266.99 40495.99 70090.12 85338.29 76315.54 57019.18 43881.75 35942.52 26273.29 15594.96 7769.129 3468.921 1396.62 486.1871 142.8104 35.4069 7.389973 
2.79085e-05 0.001312681 0.04275318 0.9641923 15.05725 162.8229 1219.21 6322.017 22705.43 56523.62 97826.5 119089.3 106433.7 79377.01 60872.55 49625.17 36005.4 21078.11 10291.19 4529.139 1838.245 661.2407 203.0054 52.17574 11.03489 
3.159486e-05 0.00148607 0.04840032 1.09155 17.04612 184.33 1380.261 7157.264 25707.24 64016.45 110931.3 135687 123340.1 96347.52 79194.19 67615.6 49865.52 29283.92 14258.88 6227.197 2497.542 887.3641 270.8342 70.13585 15.15536 
2.89743e-05 0.001362811 0.04438588 1.001014 15.63228 169.0416 1265.791 6563.871 23578.57 58741.82 101970.2 125569.5 116846.8 96899.05 86300.58 77597.36 58887.21 35689.85 18216.08 8385.254 3488.517 1257.732 383.807 98.71882 21.1916 
2.200248e-05 0.001034891 0.03370571 0.7601493 11.87084 128.3669 961.222 4984.608 17907.08 44627.14 77569.69 95998.2 90849.52 78448.21 73412.97 68164.51 53017.94 33336.43 18029.41 8881.477 3926.982 1491.857 476.7188 127.0854 27.86336 
2.423651e-05 0.001139969 0.03712803 0.8373312 13.07613 141.4001 1058.804 5490.384 19720.46 49110.79 85120.32 104203.9 95014.1 74891.83 62611.95 54807.43 42315.6 27238.9 15420.71 8033.849 3761.208 1517.352 516.7939 146.5612 33.9157 
2.34152e-05 0.001101338 0.03586987 0.8089564 12.63302 136.6087 1022.929 5304.441 19053.77 47462.13 82342.21 101175.8 93438.75 76057.2 66188.53 58801.21 44594.91 27294.12 14331.38 7005.158 3219.677 1331.48 476.5587 143.3863 35.25211 
2.186007e-05 0.001028192 0.03348755 0.7552291 11.794 127.5358 954.9938 4952.207 17789.22 44318.94 76935.26 94749.6 88200.14 73231.5 65414.51 59187.71 45550.62 28441.27 15283.83 7524.591 3375.385 1333.653 458.3732 136.0537 34.03221 
2.083319e-05 0.0009798929 0.03191447 0.7197522 11.23997 121.5448 910.1322 4719.562 16953.35 42234.87 73306.28 90228.11 83826.8 69277.53 61569.41 55671.31 43074.02 27257.98 14987.76 7586.171 3487.384 1398.669 480.2679 139.9556 34.09028 
2.492228e-05 0.001172224 0.03817856 0.8610233 13.44612 145.401 1088.76 5645.695 20277.9 50494.94 87491.64 106975.9 97119.55 75659.49 62143.68 53588.59 40762.09 25643.22 14076.67 7154.077 3329.427 1362.134 478.6055 142.1445 34.93254 
2.672213e-05 0.00125688 0.04093577 0.9232053 14.41718 155.9019 1167.396 6053.558 21744.32 54161.18 93943.89 115334.5 106206.7 85820.03 73971.99 65326.33 49388.81 30108.44 15676.25 7544.323 3393.194 1371.915 483.6002 145.423 36.34854 
2.639888e-05 0.001241676 0.04044057 0.9120375 14.24278 154.016 1153.276 5980.374 21481.92 53512.28 92850.47 114143.5 105596 86340.84 75645.25 67665.5 51806.83 32209.04 17208.31 8411.929 3742.093 1461.601 494.2654 143.9978 35.46631 
2.878349e-05 0.001353837 0.04409357 0.9944218 15.52933 167.9282 1257.449 6520.519 23421.5 58337.32 101178 124171.6 114208.8 92039.3 79180.39 70203.09 53832.54 33815.88 18420.12 9232.305 4209.589 1676.076 570.8097 164.6183 39.58312 
2.99161e-05 0.001407109 0.04582863 1.033552 16.1404 174.5361 1306.932 6777.157 24343.96 60641.17 105216.1 129326.6 119584.4 97661.65 85438.76 76381.01 58519.83 36494.81 19668.98 9793.632 4484.611 1812.744 630.5407 185.5634 45.20005 
2.889787e-05 0.001359217 0.0442688 0.9983736 15.59105 168.5957 1262.452 6546.55 23516.27 58585.88 101694.5 125207.1 116442.9 96466.21 85960.55 77754.25 59999.57 37728.28 20546.26 10309.16 4725 1904.034 661.7241 195.8785 48.30805 
2.769857e-05 0.001302807 0.04243159 0.9569399 14.944 161.5989 1210.061 6274.917 22541.13 56162.51 97528.9 120271.1 112467.9 94434.2 85593.84 78305.04 60951.66 38813.47 21539.33 11030.51 5139.792 2095.735 733.8331 218.04 53.88899 
2.262418e-05 0.001064132 0.0346581 0.7816281 12.20626 131.9941 988.3842 5125.493 18413.64 45893.83 79800.57 98896.31 94030.07 82087.96 77850.98 73033.81 57503.9 36996.1 20825.76 10850.35 5148.158 2139.266 763.2953 230.4825 57.64146 
#survey length counts 
1.591058e-06 7.48357e-05 0.00243735 0.0549684 0.8584105 9.282498 69.50689 360.4167 1294.43 3222.376 5576.91 6788.543 6065.786 4522.871 3475.258 2859.619 2126.686 1314.014 704.8077 349.2808 159.225 64.24628 22.45881 6.713248 1.680496 
3.693362e-06 0.0001737179 0.005657879 0.1275995 1.992647 21.5476 161.3454 836.5887 3004.002 7472.385 12892.5 15505.77 13250.81 8605.897 5052.951 3247.045 2159.64 1287.568 681.2957 334.7308 151.5402 60.7367 21.06696 6.239118 1.545588 
3.529638e-06 0.0001660172 0.00540707 0.1219431 1.904317 20.5925 154.1957 799.5574 2871.607 7148.744 12372.98 15064.59 13470.53 10056.7 7709.252 6238.222 4426.639 2463.019 1095.547 429.9374 162.8187 59.46561 19.86411 5.789932 1.42021 
6.210657e-06 0.0002921194 0.009514136 0.2145678 3.350782 36.23389 271.315 1406.805 5051.741 12568.26 21699.5 26168.01 22590.7 15175.01 9616.086 6715.37 4648.446 2786.436 1444.257 670.4085 273.1615 93.6072 26.88058 6.670935 1.45644 
7.848335e-06 0.0003691478 0.0120229 0.2711469 4.234346 45.78842 342.8597 1777.806 6384.435 15888.37 27462.49 33262.65 29184.32 20617.43 14398.35 10879.44 7577.545 4279.027 1986.247 827.968 327.1237 118.6022 37.23345 9.726775 2.067254 
9.08677e-06 0.0004273979 0.01392007 0.3139327 4.902509 53.01367 396.9624 2058.355 7392.125 18397.98 31813.02 38592.3 34056.23 24484.46 17668.47 13777.55 9849.928 5768.03 2827.634 1239.072 491.3826 169.9939 50.27401 12.74014 2.740568 
1.048845e-05 0.0004933263 0.01606731 0.3623586 5.658748 61.19131 458.1959 2375.866 8532.383 21235.8 36719.15 44539.75 39291.54 28222.58 20342.41 15874.26 11405.09 6762.591 3397.657 1544.852 639.7604 230.9935 70.51319 18.00279 3.803285 
1.54816e-05 0.0007281798 0.02371634 0.5348634 8.352655 90.32201 676.3217 3506.852 12593.31 31335.36 54131.47 65420.14 56935.39 39239.7 26187 19143.93 13388.21 7885.005 3966.449 1816.516 763.4655 282.4321 89.16741 23.65844 5.176818 
2.484864e-05 0.00116876 0.03806575 0.858479 13.40637 144.9707 1085.524 5628.615 20212.31 50289.65 86849.4 104841 90852.9 61760.75 40048.35 28384.65 19355.52 11025.98 5262.258 2267.068 911.9851 331.5371 104.8935 28.24871 6.32932 
2.999688e-05 0.001410909 0.04595237 1.036342 16.18397 175.0066 1310.435 6794.928 24402.16 60730.45 104990.9 127261.6 111970.2 79774.77 56591.18 43361.87 30460.11 17336.5 8109.717 3369.47 1293.49 446.3721 134.1012 34.6516 7.5895 
4.133692e-05 0.001944289 0.06332423 1.428121 22.30216 241.166 1805.827 9363.581 33625.67 83674.27 144580.8 174894.6 152737.7 106400.9 72487.91 53928.32 37896.04 22191.28 10974.23 4870.159 1952.303 678.0001 198.8984 49.27469 10.27923 
5.78083e-05 0.002719024 0.08855682 1.99718 31.18882 337.2625 2525.389 13094.65 47024.25 117014.4 202182.9 244543.7 213462.7 148473.5 100795.9 74604.04 52022.12 30045.57 14562.51 6368.52 2572.752 923.0487 283.0097 72.68558 15.36591 
6.59688e-05 0.003102854 0.1010579 2.279112 35.5916 384.8726 2881.898 14943.42 53666.26 133570.7 230983.6 280293.8 247631 178621.3 129587.3 101325 72238.7 41931.53 20277.48 8800.349 3512.945 1244.806 379.4063 98.1758 21.20447 
5.948031e-05 0.002797667 0.09111819 2.054946 32.09093 347.0183 2598.461 13473.99 48392.97 120484 208613 254375.3 228699.2 173450.8 136676.4 113939.2 84129.33 50485.12 25599.22 11715.16 4853.938 1746.101 532.2045 136.7911 29.35119 
4.572625e-05 0.002150742 0.07004827 1.579766 24.67032 266.7751 1997.61 10358.5 37205.51 92651.18 160562.4 196448.4 178759.7 140103.6 116018.5 100425.5 76197.59 47456.57 25493.43 12486.96 5500.823 2085.694 665.7831 177.3752 38.87382 
5.076079e-05 0.002387543 0.0777607 1.753701 27.38655 296.1467 2217.526 11498.5 41294.9 102783.2 177768.3 215840.7 191099.1 138810.8 102306.5 82069.83 61271.64 38956.78 21888.86 11339.21 5290.546 2130.565 724.9632 205.4819 47.53405 
5.006772e-05 0.002354944 0.07669899 1.729756 27.01263 292.1034 2187.256 11341.65 40733.26 101401.3 175488.2 213588.8 190761.5 142028.2 108764.1 88976.88 65450.6 39615.27 20648.18 10027.64 4588.782 1893.395 676.9339 203.557 50.02885 
4.680478e-05 0.002201471 0.07170048 1.617027 25.2522 273.0671 2044.716 10602.61 38079.98 94806.05 164141.2 200094.5 179731.2 135997.1 106920.4 89383.47 66832.53 41281.86 22023.8 10776.9 4815.024 1898.418 651.7348 193.3176 48.33705 
4.46421e-05 0.002099749 0.06838746 1.54231 24.08539 260.4496 1950.236 10112.68 36320.11 90422.17 156534.6 190744.2 171085.4 128950.9 100832.3 84152.35 63223.55 39568.39 21596.28 10865.54 4975.925 1991.713 683.1844 198.9642 48.44508 
5.438154e-05 0.002557846 0.08330735 1.878792 29.34002 317.2706 2375.698 12318.61 44239.4 110104.2 190376.7 230896 203606.1 146116.3 105341.2 82760.3 60702.57 37686.33 20521.91 10363.98 4804.161 1961.448 688.4483 204.3425 50.19965 
5.763475e-05 0.002710861 0.08829095 1.991184 31.0952 336.2507 2517.827 13055.74 46888.85 116720.2 201966.1 245658.4 218898 161907.9 122669.4 99549.75 72925.93 43952.53 22714.99 10860.66 4863.052 1961.586 690.6476 207.5522 51.85891 
5.818136e-05 0.002736571 0.08912832 2.010069 31.39012 339.4398 2541.709 13179.62 47334.35 117835 203935.2 248243 221815.8 165394 127062.7 104474.7 77531.44 47648.95 25264.43 12271.35 5436.073 2118.481 715.5386 208.3148 51.28558 
6.353503e-05 0.002988382 0.09732962 2.195029 34.27853 370.6738 2775.584 14392.27 51688.58 128664.7 222611.1 270661.4 240836.4 177458.3 133801.2 108716.4 80671.65 50063.5 27057.77 13475.62 6119.505 2431.364 827.1072 238.3766 57.29555 
6.582614e-05 0.003096144 0.1008394 2.274183 35.51464 384.0407 2875.678 14911.35 53553.77 133317 230724.6 280828.7 250855.7 186886.8 143385.9 117813.9 87482.85 53927.03 28841.38 14268.51 6506.388 2624.239 911.7825 268.16 65.29454 
6.481199e-05 0.003048444 0.09928581 2.239146 34.96749 378.1241 2831.378 14681.7 52729.87 131274.6 227249.2 276878 248227.6 186843.1 145749.2 121304.8 90788.6 56434.21 30494.32 15201.77 6938.443 2789.882 968.4726 286.4888 70.62657 
6.162313e-05 0.002898455 0.09440078 2.128977 33.24703 359.5199 2692.073 13959.43 50136.74 124828.3 216154.5 263664.8 237363.8 180750.1 143603.1 121244.4 91662.3 57719.39 31784.94 16175.37 7507.377 3054.83 1068.502 317.2765 78.38547 
5.06801e-05 0.002383748 0.0776371 1.750913 27.34303 295.6767 2214.026 11480.73 41236.51 102691.4 177975.5 217818.2 198417.8 155981.1 129839.7 113118 86760.17 55237.01 30857.43 15976.77 7551.13 3131.52 1116.152 336.8232 84.20533 
5.418249e-05 0.002548483 0.08300243 1.871915 29.23264 316.1097 2367.013 12273.74 44080.56 109731.7 189889.1 231043.1 206131.2 153106.6 117202.9 96994.65 73875.85 48032.52 27852.18 14975.73 7281.193 3085.908 1122.184 345.3952 87.97855 
