#Simulated generalized assessment 
# 
#start/end year 
71 99 
#number of ages 
15 
#ages 
1 2 3 4 5 6 7 8 9 10 11 12 13 14 15 
#Number of length bins 
25 
#CPUE years 
29 
#years for CPUE 
71 72 73 74 75 76 77 78 79 80 81 82 83 84 85 86 87 88 89 90 91 92 93 94 95 96 97 98 99 
#survey years 
29 
#years for survey 
71 72 73 74 75 76 77 78 79 80 81 82 83 84 85 86 87 88 89 90 91 92 93 94 95 96 97 98 99 
#length freq from catch years 
29 
#years for length freq catch 
71 72 73 74 75 76 77 78 79 80 81 82 83 84 85 86 87 88 89 90 91 92 93 94 95 96 97 98 99 
#catch length sample sizes 
200 200 200 200 200 200 200 200 200 200 200 200 200 200 200 200 200 200 200 200 200 200 200 200 200 200 200 200 200 
#length freq from survey years 
29 
#years for length freq survey 
71 72 73 74 75 76 77 78 79 80 81 82 83 84 85 86 87 88 89 90 91 92 93 94 95 96 97 98 99 
#survey sample sizes 
200 200 200 200 200 200 200 200 200 200 200 200 200 200 200 200 200 200 200 200 200 200 200 200 200 200 200 200 200 
#total survey biomass 
7852.104 7636.916 7584.363 14067.74 16622.15 13467.77 20828.2 24297.98 31603.1 53342.66 95957.46 98737.88 118185.4 136013.8 90400.54 102479.4 104545.9 84749.51 86182.25 97497.04 109423.1 76114.29 115137 145118.8 109530.9 94247.74 149401.5 110875.3 110360.3 
#survey CV 
0.2 0.2 0.2 0.2 0.2 0.2 0.2 0.2 0.2 0.2 0.2 0.2 0.2 0.2 0.2 0.2 0.2 0.2 0.2 0.2 0.2 0.2 0.2 0.2 0.2 0.2 0.2 0.2 0.2 
#total CPUE 
6390.52 8537.153 10858.68 8642.33 12822.88 25420.32 18643.79 23966.36 62289.48 64734.01 116695.5 103585.9 132632.3 157552 133143.9 106845.8 142529.5 101530.2 137344.2 101222.3 139990.8 138389.5 161010.1 141059 137286.2 179237.1 108864.8 130045.8 200119.1 
#CPUE CV 
0.2 0.2 0.2 0.2 0.2 0.2 0.2 0.2 0.2 0.2 0.2 0.2 0.2 0.2 0.2 0.2 0.2 0.2 0.2 0.2 0.2 0.2 0.2 0.2 0.2 0.2 0.2 0.2 0.2 
#total catch biomass 
4785.515 4662.879 6094.472 7299.689 9751.01 12091.72 12253.53 15783.87 22246.26 34448.7 45825.13 57705.75 79344.43 93821.52 108358 88492.43 81854.23 82526.14 77866.63 84998 86678.32 94462.02 96232.64 93160.77 106436.7 104204.3 106645.1 103841.5 1.373466 
#catch CV 
0.05 0.05 0.05 0.05 0.05 0.05 0.05 0.05 0.05 0.05 0.05 0.05 0.05 0.05 0.05 0.05 0.05 0.05 0.05 0.05 0.05 0.05 0.05 0.05 0.05 0.05 0.05 0.05 0.05 
#Length Bins 
0.7268035 2.18041 3.634017 5.087624 6.541231 7.994838 9.448445 10.90205 12.35566 13.80927 15.26287 16.71648 18.17009 19.62369 21.0773 22.53091 23.98451 25.43812 26.89173 28.34534 29.79894 31.25255 32.70616 34.15976 35.61337 
#catch length counts 
5.517572e-37 7.658025e-29 1.284793e-21 2.605534e-15 6.387159e-10 1.892632e-05 0.067791 29.35116 1536.123 9717.966 7445.372 1483.493 5491.083 4663.39 1410.282 1130.724 367.059 125.6569 27.5516 3.657238 0.2134721 0.003956559 1.722659e-05 1.410334e-08 1.877521e-12 
5.551801e-37 7.705534e-29 1.292763e-21 2.621698e-15 6.426784e-10 1.904374e-05 0.06821156 29.53325 1545.653 9778.261 7493.604 1556.535 5624.627 4524.102 1409.554 1065.349 333.6833 106.22 21.16907 2.452347 0.1184826 0.001710706 5.544639e-06 3.289753e-09 3.126931e-13 
8.213173e-37 1.139934e-28 1.912476e-21 3.878463e-15 9.507597e-10 2.817275e-05 0.1009102 43.69063 2286.594 14465.67 11080.71 1967.665 5776.714 4391.521 1441.037 1030.102 315.1312 93.73188 16.94201 1.687698 0.06665049 0.0007479281 1.807586e-06 7.782883e-10 5.286567e-14 
1.201678e-36 1.667849e-28 2.798163e-21 5.674619e-15 1.391066e-09 4.121983e-05 0.1476427 63.9242 3345.538 21164.88 16217.42 3033.458 8800.058 6235.562 1646.887 1000.933 303.7127 85.11792 14.04104 1.197667 0.03817813 0.0003300581 5.943208e-07 1.862283e-10 9.065924e-15 
1.818515e-36 2.523978e-28 4.234497e-21 8.587475e-15 2.105119e-09 6.237851e-05 0.2234297 96.73734 5062.847 32029.11 24546.29 4624.066 12616.58 8400.697 2296.014 1267.32 299.7684 71.37328 10.80659 0.7925761 0.02032183 0.0001342843 1.791835e-07 4.083609e-11 1.428215e-15 
1.97161e-36 2.736465e-28 4.590987e-21 9.31043e-15 2.282342e-09 6.762997e-05 0.2422396 104.8814 5489.073 34725.66 26648.5 6304.289 19150.74 11940.27 3222.228 1628.658 367.4604 71.29211 8.302984 0.5100764 0.01055438 5.329639e-05 5.252357e-08 8.678175e-12 2.178015e-16 
1.433108e-36 1.989059e-28 3.337059e-21 6.767489e-15 1.65897e-09 4.915832e-05 0.1760771 76.23531 3989.853 25241.28 19421.06 6327.381 20981.89 12491.88 4457.573 2217.506 465.8141 80.60949 7.552165 0.34029 0.005398782 2.081962e-05 1.519732e-08 1.820867e-12 3.275431e-17 
2.977763e-36 4.132939e-28 6.933863e-21 1.406173e-14 3.447069e-09 0.0001021429 0.3658594 158.4045 8290.261 52446.82 40207.88 7296.236 15389.25 8939.281 4539.529 2295.771 571.2587 94.47071 7.51832 0.2576988 0.002885347 8.018131e-06 4.288132e-09 3.735441e-13 4.82974e-18 
4.400636e-36 6.107792e-28 1.024709e-20 2.078089e-14 5.09419e-09 0.0001509502 0.540679 234.0953 12251.62 77508.02 59519.52 13605.19 32119.64 16132.41 3870.51 1695.496 536.8396 96.96495 7.599599 0.2118227 0.001726242 3.304415e-06 1.224867e-09 7.554995e-14 6.98091e-19 
7.038855e-36 9.769466e-28 1.639031e-20 3.323921e-14 8.148201e-09 0.0002414461 0.8648207 374.4375 19596.57 123975 95242.41 21953.03 48075.79 23135.68 7297.386 2548.622 437.1245 77.89995 6.62832 0.1720168 0.001112275 1.525011e-06 3.871498e-10 1.624394e-14 1.033777e-19 
7.033505e-36 9.762041e-28 1.637785e-20 3.321395e-14 8.142008e-09 0.0002412626 0.8641634 374.1529 19581.67 123882.7 95555.55 31516.15 76224.94 34189.95 10503.75 3519.538 624.5889 69.62382 4.576211 0.1151834 0.0006581512 7.088538e-07 1.301931e-10 3.784853e-15 1.641054e-20 
1.18264e-35 1.641426e-27 2.753833e-20 5.584718e-14 1.369028e-08 0.000405668 1.453037 629.1147 32925.36 208299.6 160265 39549.95 76512.44 34557.08 15368.67 4880.787 813.3141 83.31953 3.796896 0.06737962 0.0003266652 2.964717e-07 4.28435e-11 9.229042e-16 2.846665e-21 
1.411696e-35 1.95934e-27 3.2872e-20 6.666376e-14 1.634184e-08 0.0004842385 1.734463 750.9628 39302.41 248648.1 192103.7 63200.69 128493.9 50677.43 15972.4 5157.162 1038.013 97.99523 3.761039 0.0468097 0.0001534475 1.054883e-07 1.213325e-11 2.048159e-16 4.787325e-22 
2.021996e-35 2.806397e-27 4.708313e-20 9.548364e-14 2.340669e-08 0.0006935831 2.484302 1075.617 56293.51 356144.5 275196.3 85782.57 156472.9 62423.16 25266.88 6611.989 1058.592 105.3252 3.785808 0.03751659 8.658166e-05 3.968985e-08 3.179079e-12 3.960873e-17 7.019949e-23 
1.772183e-35 2.459673e-27 4.126612e-20 8.368685e-14 2.051485e-08 0.0006078924 2.177372 942.7268 49338.59 312159 243417.2 113377.6 214936.6 78537.42 28283.96 7573.603 1210.783 93.98637 3.032388 0.02667712 4.830402e-05 1.583937e-08 8.597967e-13 7.198678e-18 8.78949e-24 
1.370309e-35 1.901899e-27 3.190829e-20 6.470938e-14 1.586274e-08 0.0004700421 1.683614 728.9468 38150.2 241382.4 189487 103649.7 186998.2 75361.2 35609.77 8466.3 1235.989 89.70143 2.305556 0.01637629 2.45439e-05 6.308803e-09 2.517265e-13 1.479341e-18 1.23381e-24 
1.557653e-35 2.16192e-27 3.627069e-20 7.355623e-14 1.803144e-08 0.0005343046 1.913792 828.606 43365.97 274379.1 214315.3 91646.44 142943.7 59624.93 30479.94 8344.829 1274.735 80.03019 1.753695 0.009762048 1.112839e-05 2.218159e-09 6.839477e-14 3.022052e-19 1.83592e-25 
1.571493e-35 2.181129e-27 3.659296e-20 7.420978e-14 1.819165e-08 0.000539052 1.930796 835.9682 43751.3 276833.9 217831.7 109093 160325.9 56471.27 23430.87 6627.656 1101.135 69.89617 1.302112 0.005782998 5.041918e-06 7.442289e-10 1.696132e-14 5.590562e-20 2.538668e-26 
1.646171e-35 2.284777e-27 3.833188e-20 7.773627e-14 1.905613e-08 0.000564668 2.022549 875.6939 45830.41 290003.4 229116.2 117791.6 159481.4 58312.91 23709.86 5291.263 793.7625 50.62303 0.8819588 0.003249315 2.188086e-06 2.421807e-10 4.055117e-15 9.696343e-21 3.186693e-27 
1.623022e-35 2.252648e-27 3.779284e-20 7.664312e-14 1.878816e-08 0.0005567275 1.994107 863.3796 45185.96 285951.5 227782.3 129558.4 163471.4 58357.28 22744.55 4890.011 599.7224 31.80304 0.4993568 0.001604618 8.776436e-07 7.449897e-11 9.271608e-16 1.62243e-21 3.864042e-28 
1.87446e-35 2.601627e-27 4.364769e-20 8.851664e-14 2.169881e-08 0.0006429755 2.303034 997.1341 52186.19 330264.7 263273.1 139810 159710.4 58748.65 22258.82 4474.972 491.2583 20.83626 0.2564959 0.0006767829 3.043365e-07 2.059972e-11 1.97287e-16 2.582036e-22 4.51379e-29 
2.015477e-35 2.797349e-27 4.693134e-20 9.51758e-14 2.333123e-08 0.000691347 2.476292 1072.149 56112.29 355163.7 286218.3 168856.6 178992.3 60485.31 20813.74 4030.803 396.0342 13.99291 0.1323426 0.0002616685 9.011838e-08 4.749649e-12 3.534963e-17 3.548864e-23 4.681613e-30 
2.235638e-35 3.102919e-27 5.20579e-20 1.055724e-13 2.587982e-08 0.0007668665 2.746791 1189.266 62241.85 394011.3 319610.1 190676.7 186608.1 64788.62 20667.87 3488.918 302.895 9.023303 0.06712508 9.910914e-05 2.489169e-08 9.599251e-13 5.297423e-18 3.983845e-24 3.950377e-31 
2.458895e-35 3.412783e-27 5.725652e-20 1.161151e-13 2.846424e-08 0.0008434476 3.021092 1308.029 68457.68 433442.6 355059.3 220437.6 199239.3 67255.75 20114.63 3137.497 228.1268 5.552999 0.03276231 3.67727e-05 6.79673e-09 1.891982e-13 7.483291e-19 4.041684e-25 2.897128e-32 
2.846222e-35 3.950369e-27 6.627563e-20 1.344056e-13 3.294796e-08 0.0009763083 3.496978 1514.071 79241.5 501822.9 414409.1 258407.6 215851.1 72684.4 20135.58 2855.322 178.7015 3.474186 0.01580197 1.346521e-05 1.85386e-09 3.774251e-14 1.076868e-19 4.158051e-26 2.120841e-33 
2.994446e-35 4.156093e-27 6.972709e-20 1.414051e-13 3.46638e-08 0.001027152 3.679091 1592.92 83368.82 528177.2 444498 304114.3 237315.4 76882.57 19617.66 2522.237 134.431 2.10714 0.007335488 4.652925e-06 4.723445e-10 7.048151e-15 1.463299e-20 4.080543e-27 1.493246e-34 
2.870043e-35 3.98343e-27 6.683031e-20 1.355305e-13 3.322371e-08 0.0009844793 3.526245 1526.743 79906.31 506560.2 437729.3 335329.3 250305.7 84417.24 20034.87 2288.978 103.2191 1.297795 0.003472715 1.641758e-06 1.218463e-10 1.317509e-15 1.976006e-21 3.974498e-28 1.047117e-35 
2.806943e-35 3.895851e-27 6.536099e-20 1.325508e-13 3.249326e-08 0.0009628348 3.448718 1493.177 78150.5 495675.5 434008 331240.2 235193.3 83344.3 19185.91 2007.847 75.75236 0.7575446 0.001554326 5.489829e-07 2.990768e-11 2.34517e-16 2.530804e-22 3.646983e-29 6.870994e-37 
3.581366e-40 4.9707e-32 8.33938e-25 1.69121e-18 4.145801e-13 1.228477e-08 4.400204e-05 0.01905138 0.9971163 6.323375 5.497595 4.020255 2.849913 0.9898505 0.2281698 0.02363956 0.0008207567 7.098402e-06 1.219949e-08 3.553793e-12 1.580703e-16 1.004591e-21 8.739253e-28 1.011059e-34 1.524627e-42 
#survey length counts 
7.226377e-37 1.002973e-28 1.682696e-21 3.412474e-15 8.365278e-10 2.478785e-05 0.08878604 38.44129 2011.864 12727.64 9751.214 1942.469 7188.483 6105.083 1847.576 1479.286 471.4436 157.2177 33.18249 4.25101 0.2392083 0.00424952 1.770899e-05 1.392979e-08 1.790724e-12 
1.056972e-36 1.467008e-28 2.46121e-21 4.991285e-15 1.223555e-09 3.625616e-05 0.1298637 56.22649 2942.671 18616.19 14257.03 2449.671 7373.926 5932.189 1886.469 1437.285 447.1671 140.1895 27.01631 3.002298 0.1394315 0.001941601 6.06861e-06 3.475778e-09 3.198942e-13 
1.5e-36 2.081901e-28 3.492822e-21 7.083372e-15 1.736405e-09 5.145286e-05 0.1842958 79.79371 4176.085 26419.15 20238.69 3674.73 11043.67 8314.428 2143.799 1380.932 425.8139 126.5712 22.43149 2.155597 0.0815929 0.0008820318 2.064926e-06 8.634767e-10 5.705675e-14 
2.236873e-36 3.104632e-28 5.208664e-21 1.056307e-14 2.589411e-09 7.672899e-05 0.2748308 118.9922 6227.58 39397.53 30185.76 5538.196 15761.39 11172.21 2978.02 1761.977 426.8406 106.826 17.5055 1.461739 0.04495972 0.0003742298 6.5233e-07 1.989854e-10 9.462749e-15 
2.400821e-36 3.332181e-28 5.590426e-21 1.133727e-14 2.779199e-09 8.235273e-05 0.2949741 127.7136 6684.021 42285.23 32437.04 7462.65 23900.68 15895.69 4187.445 2276.477 528.2552 109.6219 13.77245 0.9674945 0.02426079 0.0001554775 2.010812e-07 4.45902e-11 1.524189e-15 
1.727382e-36 2.397492e-28 4.022291e-21 8.157125e-15 1.999623e-09 5.925249e-05 0.2122328 91.88947 4809.129 30424.25 23393.4 7408.892 26151.19 16575.17 5749.093 3118.046 675.3707 125.9424 12.95031 0.6693951 0.01290218 6.354992e-05 6.115731e-08 9.860889e-12 2.419652e-16 
3.560485e-36 4.941718e-28 8.290758e-21 1.681349e-14 4.121629e-09 0.0001221314 0.4374548 189.4028 9912.59 62710.12 48063.34 8577.285 19182.73 11788.97 5828.696 3219.107 827.3771 150.0736 13.25738 0.5289625 0.007227645 2.568532e-05 1.816463e-08 2.13487e-12 3.771186e-17 
5.229012e-36 7.257524e-28 1.2176e-20 2.469269e-14 6.053122e-09 0.0001793651 0.6424565 278.1615 14557.86 92097.96 70692.95 15887.57 40120.84 21613.07 5089.269 2354.57 774.2531 154.3824 13.71749 0.4521633 0.004544015 1.116123e-05 5.474304e-09 4.561452e-13 5.76684e-18 
8.267424e-36 1.147464e-27 1.925109e-20 3.904082e-14 9.570397e-09 0.0002835884 1.015767 439.7922 23016.97 145613.4 111814.7 25431.63 59862.4 30773.08 9551.577 3667.799 643.1737 122.8677 12.04868 0.3768802 0.003049469 5.401395e-06 1.818081e-09 1.030821e-13 8.980711e-19 
8.226009e-36 1.141716e-27 1.915465e-20 3.884525e-14 9.522455e-09 0.0002821678 1.010679 437.5891 22901.67 144885.8 111663.1 36388.89 95217.24 45635.76 13849.03 5063.513 944.9312 115.375 8.453094 0.2586186 0.001877823 2.639294e-06 6.455443e-10 2.538601e-14 1.506486e-19 
1.379987e-35 1.915331e-27 3.213366e-20 6.516641e-14 1.597478e-08 0.0004733619 1.695505 734.0953 38419.63 243057.6 186900.4 45780.1 95986.58 45779.36 20330.01 7102.468 1245.756 142.0874 7.404026 0.157106 0.00096862 1.157721e-06 2.242272e-10 6.552304e-15 2.767344e-20 
1.645491e-35 2.283833e-27 3.831604e-20 7.770416e-14 1.904826e-08 0.0005644348 2.021714 875.3322 45811.41 289825.5 223707.7 73249.4 162201.1 68196.51 21415.31 7430.615 1607.045 170.9754 7.627779 0.1154363 0.0004789737 4.32967e-07 6.702898e-11 1.541102e-15 4.942356e-21 
2.30905e-35 3.20481e-27 5.376733e-20 1.090391e-13 2.672964e-08 0.0007920482 2.836988 1228.318 64285.27 406701.8 313979.2 97894.83 195098.3 82007.1 33657.03 9644.528 1626.654 182.4154 7.790118 0.09523801 0.0002809518 1.694122e-07 1.825037e-11 3.103581e-16 7.56991e-22 
2.014748e-35 2.796338e-27 4.691437e-20 9.51414e-14 2.332279e-08 0.0006910971 2.475397 1071.762 56091.75 354879.8 276281.7 129341.8 268677 103659.4 37917.4 10982.03 1907.531 166.8112 6.369396 0.07015779 0.0001642145 7.122687e-08 5.206413e-12 5.948662e-17 1.000668e-22 
1.554663e-35 2.15777e-27 3.620107e-20 7.341505e-14 1.799684e-08 0.0005332791 1.910119 827.0156 43282.73 273850.5 214525.9 118509.7 234446.8 97874.58 48183.67 12463.97 1968.226 163.4762 5.027107 0.04468205 8.717102e-05 2.984464e-08 1.608983e-12 1.291231e-17 1.482697e-23 
1.77247e-35 2.460071e-27 4.12728e-20 8.370041e-14 2.051817e-08 0.0006079909 2.177724 942.8795 49346.59 312212.5 243468.8 105437.5 180589.4 77327.98 41500.09 12228.22 2079.018 150.119 3.975525 0.02796222 4.159219e-05 1.107605e-08 4.631584e-13 2.800913e-18 2.343816e-24 
1.787267e-35 2.480609e-27 4.161737e-20 8.439919e-14 2.068947e-08 0.0006130668 2.195905 950.7512 49758.58 314835.3 247215 126025.8 203887.9 74453.34 32152.07 9705.119 1801.769 134.1444 3.061459 0.01730196 1.980366e-05 3.91724e-09 1.213149e-13 5.485105e-19 3.43768e-25 
1.873883e-35 2.600826e-27 4.363426e-20 8.84894e-14 2.169213e-08 0.0006427776 2.302325 996.8272 52170.03 330106.8 260207.4 136769.3 203892.5 76779.06 33204.34 7932.62 1312.636 98.81271 2.142121 0.01016394 9.036853e-06 1.345102e-09 3.067447e-14 1.007553e-19 4.576372e-26 
1.855068e-35 2.574713e-27 4.319615e-20 8.760092e-14 2.147433e-08 0.0006363238 2.279208 986.8185 51646.25 326817.8 259635 151727.1 210838 77425.27 32226.43 7483.978 1027.105 63.87938 1.254171 0.005244425 3.817825e-06 4.377476e-10 7.437213e-15 1.790407e-20 5.898661e-27 
2.141361e-35 2.972068e-27 4.98626e-20 1.011203e-13 2.478846e-08 0.0007345275 2.630958 1139.114 59616.83 377269.1 299968.4 164290.9 206652.1 77994.16 31859.77 6937.545 862.783 43.45459 0.6689064 0.002303483 1.386712e-06 1.274173e-10 1.671091e-15 3.013803e-21 7.294739e-28 
2.293513e-35 3.183245e-27 5.340553e-20 1.083053e-13 2.654978e-08 0.0007867186 2.817898 1220.053 63852.93 404127.2 324695.6 198671.2 232008 80734.98 29916.09 6311.273 709.6426 30.13562 0.3595168 0.0009297984 4.295259e-07 3.082984e-11 3.152238e-16 4.371156e-22 7.995035e-29 
2.544431e-35 3.531503e-27 5.924828e-20 1.201543e-13 2.945442e-08 0.0008727883 3.126186 1353.531 70838.76 448390.5 362579.3 225341.7 242606.7 86819.29 30156.76 5560.195 555.5655 20.11511 0.1904408 0.0003698012 1.248692e-07 6.568232e-12 4.989802e-17 5.195274e-23 7.157988e-30 
2.816158e-35 3.908642e-27 6.557558e-20 1.32986e-13 3.259994e-08 0.0009659959 3.46004 1498.078 78404.03 496359 405225.7 263282.7 261558.4 91256.37 29783.45 5131.196 433.1041 12.8929 0.09754043 0.0001447843 3.609485e-08 1.372781e-12 7.482524e-18 5.60172e-24 5.587897e-31 
3.252701e-35 4.514534e-27 7.574068e-20 1.536006e-13 3.765337e-08 0.001115738 3.996393 1730.3 90557.97 573404.9 471897.1 309270.3 283519.5 99052.79 30092.14 4744.047 348.485 8.361515 0.04901158 5.546617e-05 1.033296e-08 2.879814e-13 1.133517e-18 6.070275e-25 4.310619e-32 
3.452905e-35 4.792405e-27 8.040253e-20 1.630547e-13 3.997094e-08 0.001184412 4.242372 1836.801 96132.4 608919.2 510466.4 368934.8 315476.2 106527.8 29892.28 4311.242 272.1358 5.313204 0.02398876 2.027899e-05 2.792327e-09 5.714682e-14 1.63889e-19 6.343387e-26 3.233051e-33 
3.294951e-35 4.573174e-27 7.672448e-20 1.555957e-13 3.814246e-08 0.001130231 4.048303 1752.776 91735.69 581390.4 500202.2 406958.6 331456 117217.7 30793.05 3977.526 214.3713 3.385248 0.01181822 7.474879e-06 7.541816e-10 1.120168e-14 2.323547e-20 6.493437e-27 2.384488e-34 
3.222028e-35 4.471963e-27 7.502645e-20 1.521521e-13 3.729831e-08 0.001105217 3.958708 1713.985 89706.34 568778.7 495893.5 403337.5 311212.6 116319.3 29762.37 3565.094 162.2904 2.053756 0.005527526 2.621145e-06 1.94563e-10 2.09859e-15 3.135047e-21 6.281437e-28 1.650597e-35 
3.40808e-35 4.73019e-27 7.935875e-20 1.60938e-13 3.945204e-08 0.001169036 4.187298 1812.957 94887.39 601868.8 528640.7 411178.3 293623.9 106541.1 26298.57 2998.311 118.5655 1.203684 0.002482513 8.805173e-07 4.812435e-11 3.780484e-16 4.081365e-22 5.876056e-29 1.104895e-36 
3.40808e-35 4.73019e-27 7.935875e-20 1.60938e-13 3.945204e-08 0.001169036 4.187298 1812.957 94887.39 601868.8 528656.2 411928.4 296459.4 105090.2 24500.26 2556.283 89.10363 0.7724079 0.001329319 3.875749e-07 1.724889e-11 1.096662e-16 9.542975e-23 1.104286e-29 1.665495e-37 
