# Number of parameters = 80 Objective function value = 20026.3055973011  Maximum gradient component = 0.000670258617015008
# srv_sel50:
2.67989340216
# srv_sel95:
6.17756320856
# stNatLen:
 12.1469739708 10.3136901347 8.90603449458 7.91062423132 7.19261743071 6.65524092844 6.24017495772 5.91308870662 5.65288432560 5.44601360540 5.28348388028 5.15920804835 5.06905817952 5.01030877096 4.98130960066
# log_avg_fmort_dir:
0.615292411502
# fmort_dir_dev:
 -0.306637596256 -0.0645271112088 0.110802714885 -0.00947246152325 -0.247444370351 -0.0827380805914 -0.146533780948 -0.262423745652 -0.258867144963 -0.120929886973 -0.0868286951036 -0.131242718267 0.00500674969261 0.00775212104209 0.161010961454 0.208030306285 0.266183519508 0.163682036887 0.110409090744 0.0979746524824 0.0322937582753 -0.0515113137340 -0.0698055115289 -0.0792175594654 -0.0380929158645 -0.170115560917 0.0223704181397 0.212845076045 0.728027047906
# mean_log_rec:
14.6899411032
# rec_dev:
 -2.17313097417 -2.18646392694 -2.11000082035 -1.61652669800 -1.37760825788 -1.34230911795 -1.00523194453 -0.471299993032 -0.0992702430419 0.143185700946 0.379340938696 0.641439006262 0.770510388719 0.603069194429 0.462623624854 0.447319141648 0.424511659119 0.490152770186 0.548921567683 0.604267299061 0.707476373686 0.787902915538 0.838988341596 0.957087348858 0.927402898806 0.809471223232 0.645007352136 0.596582115715 0.596582114714
# log_avg_NatM:
0.507031974209
# m_dev:
 0.00000000000 0.00000000000 0.00000000000 0.00000000000 0.00000000000 0.00000000000 0.00000000000 0.00000000000 0.00000000000 0.00000000000 0.00000000000 0.00000000000 0.00000000000 0.00000000000 0.00000000000 0.00000000000 0.00000000000 0.00000000000 0.00000000000 0.00000000000 0.00000000000 0.00000000000 0.00000000000 0.00000000000 0.00000000000 0.00000000000 0.00000000000 0.00000000000 0.00000000000
# log_avg_GrowthK:
-1.02151300000
# log_avg_Linf:
3.36611700000
# GrowthK_dev:
 0.00000000000 0.00000000000 0.00000000000 0.00000000000 0.00000000000 0.00000000000 0.00000000000 0.00000000000 0.00000000000 0.00000000000 0.00000000000 0.00000000000 0.00000000000 0.00000000000 0.00000000000 0.00000000000 0.00000000000 0.00000000000 0.00000000000 0.00000000000 0.00000000000 0.00000000000 0.00000000000 0.00000000000 0.00000000000 0.00000000000 0.00000000000 0.00000000000 0.00000000000
# Linf_dev:
 0.00000000000 0.00000000000 0.00000000000 0.00000000000 0.00000000000 0.00000000000 0.00000000000 0.00000000000 0.00000000000 0.00000000000 0.00000000000 0.00000000000 0.00000000000 0.00000000000 0.00000000000 0.00000000000 0.00000000000 0.00000000000 0.00000000000 0.00000000000 0.00000000000 0.00000000000 0.00000000000 0.00000000000 0.00000000000 0.00000000000 0.00000000000 0.00000000000 0.00000000000
# SelPars50:
2.49715651017
# SelPars95:
5.23761487744
# SelPars_dev50:
 0.00000000000 0.00000000000 0.00000000000 0.00000000000 0.00000000000 0.00000000000 0.00000000000 0.00000000000 0.00000000000 0.00000000000 0.00000000000 0.00000000000 0.00000000000 0.00000000000 0.00000000000 0.00000000000 0.00000000000 0.00000000000 0.00000000000 0.00000000000 0.00000000000 0.00000000000 0.00000000000 0.00000000000 0.00000000000 0.00000000000 0.00000000000 0.00000000000 0.00000000000
# SelPars_dev95:
 0.00000000000 0.00000000000 0.00000000000 0.00000000000 0.00000000000 0.00000000000 0.00000000000 0.00000000000 0.00000000000 0.00000000000 0.00000000000 0.00000000000 0.00000000000 0.00000000000 0.00000000000 0.00000000000 0.00000000000 0.00000000000 0.00000000000 0.00000000000 0.00000000000 0.00000000000 0.00000000000 0.00000000000 0.00000000000 0.00000000000 0.00000000000 0.00000000000 0.00000000000
