# Number of parameters = 80 Objective function value = 22731.0355671996  Maximum gradient component = 0.000734881828196273
# srv_sel50:
1.17279938215
# srv_sel95:
3.19321448708
# stNatLen:
 11.0425388643 9.80214584701 8.38420356398 7.30883435876 6.52490111806 5.94572255549 5.50556359855 5.16298838585 4.89276333725 4.67914579196 4.51196443263 4.38447416541 4.29216604359 4.23208953602 4.20246317798
# log_avg_fmort_dir:
0.780436340432
# fmort_dir_dev:
 -0.646356510425 -0.240380556545 -0.323376663136 -0.207142035575 -0.327044399465 -0.178286269264 -0.0988222172486 -0.0705961250277 -0.345981584356 -0.0333093623818 0.170417851566 -0.0815939937494 -0.100153814008 0.0772698331717 0.206356496058 0.242702837661 0.118328612156 0.168960502352 0.163100878092 0.185395444165 0.169254294364 -0.0636226893740 0.0997315725439 0.0137918233780 0.116399551436 0.168733797347 0.130985427708 0.0434116738708 0.641825624688
# mean_log_rec:
13.0839702765
# rec_dev:
 -1.81387839036 -1.54654546111 -1.29177186584 -1.00605770061 -1.01672173355 -1.27341202624 -0.929451362373 -0.159214399089 -0.275751058053 -0.278589172508 0.344774083922 0.612331884718 0.537570147793 0.259447425369 0.190758131599 0.328289485551 0.276192491364 0.391190386568 0.316183812931 0.313225349146 0.463157124398 0.470818994317 0.622532252583 0.614966685680 0.513433635032 0.495969851459 0.659153431889 1.09069900137 1.09069899404
# log_avg_NatM:
-0.140462212557
# m_dev:
 0.00000000000 0.00000000000 0.00000000000 0.00000000000 0.00000000000 0.00000000000 0.00000000000 0.00000000000 0.00000000000 0.00000000000 0.00000000000 0.00000000000 0.00000000000 0.00000000000 0.00000000000 0.00000000000 0.00000000000 0.00000000000 0.00000000000 0.00000000000 0.00000000000 0.00000000000 0.00000000000 0.00000000000 0.00000000000 0.00000000000 0.00000000000 0.00000000000 0.00000000000
# log_avg_GrowthK:
-1.02151300000
# log_avg_Linf:
3.36611700000
# GrowthK_dev:
 0.00000000000 0.00000000000 0.00000000000 0.00000000000 0.00000000000 0.00000000000 0.00000000000 0.00000000000 0.00000000000 0.00000000000 0.00000000000 0.00000000000 0.00000000000 0.00000000000 0.00000000000 0.00000000000 0.00000000000 0.00000000000 0.00000000000 0.00000000000 0.00000000000 0.00000000000 0.00000000000 0.00000000000 0.00000000000 0.00000000000 0.00000000000 0.00000000000 0.00000000000
# Linf_dev:
 0.00000000000 0.00000000000 0.00000000000 0.00000000000 0.00000000000 0.00000000000 0.00000000000 0.00000000000 0.00000000000 0.00000000000 0.00000000000 0.00000000000 0.00000000000 0.00000000000 0.00000000000 0.00000000000 0.00000000000 0.00000000000 0.00000000000 0.00000000000 0.00000000000 0.00000000000 0.00000000000 0.00000000000 0.00000000000 0.00000000000 0.00000000000 0.00000000000 0.00000000000
# SelPars50:
1.96002955048
# SelPars95:
3.07337929318
# SelPars_dev50:
 0.00000000000 0.00000000000 0.00000000000 0.00000000000 0.00000000000 0.00000000000 0.00000000000 0.00000000000 0.00000000000 0.00000000000 0.00000000000 0.00000000000 0.00000000000 0.00000000000 0.00000000000 0.00000000000 0.00000000000 0.00000000000 0.00000000000 0.00000000000 0.00000000000 0.00000000000 0.00000000000 0.00000000000 0.00000000000 0.00000000000 0.00000000000 0.00000000000 0.00000000000
# SelPars_dev95:
 0.00000000000 0.00000000000 0.00000000000 0.00000000000 0.00000000000 0.00000000000 0.00000000000 0.00000000000 0.00000000000 0.00000000000 0.00000000000 0.00000000000 0.00000000000 0.00000000000 0.00000000000 0.00000000000 0.00000000000 0.00000000000 0.00000000000 0.00000000000 0.00000000000 0.00000000000 0.00000000000 0.00000000000 0.00000000000 0.00000000000 0.00000000000 0.00000000000 0.00000000000
