# Number of parameters = 80 Objective function value = 28112.0630301935  Maximum gradient component = 0.000256138801768828
# srv_sel50:
0.875676801575
# srv_sel95:
1.01096184269
# stNatLen:
 11.1054543388 10.5153564549 9.90951504236 9.24031641489 8.60932466237 8.07137862814 7.62968244243 7.27131620335 6.98217602314 6.75072911055 6.56830651647 6.42862670940 6.32727879718 6.26131924961 6.22887275824
# log_avg_fmort_dir:
-0.639700454041
# fmort_dir_dev:
 -0.681906582963 -0.711440659915 -0.778485170763 -0.737694105032 -0.467838800494 -0.442165846739 -0.413877041748 -0.337860418373 -0.222004061361 -0.164830925633 0.276002309383 0.0618393942170 0.255283225122 0.325908562216 0.287861623901 0.207939554481 0.585089637704 0.305307341748 0.231670257720 0.346933088621 0.157018633768 0.0711807509923 0.356854491020 0.223468480526 0.292194813063 0.185188415790 0.305491626802 0.292621484443 0.190249921503
# mean_log_rec:
13.1857499132
# rec_dev:
 -3.22584809486 -3.86940160222 -2.40329469185 -1.27208819940 -1.06891167440 -0.937338544864 -0.630359666475 -0.0820984626843 0.0729865991043 0.301517596155 0.391360656695 0.591415511634 0.711250573905 0.657848225372 0.698751202604 0.748349622122 0.573646933843 0.602149173676 0.655501352845 0.734410012759 0.809877479813 0.862419180148 0.785802079904 0.775253131179 0.730130394772 0.645228760759 0.652546476160 0.744447999664 0.744447973643
# log_avg_NatM:
-0.814568657446
# m_dev:
 0.00000000000 0.00000000000 0.00000000000 0.00000000000 0.00000000000 0.00000000000 0.00000000000 0.00000000000 0.00000000000 0.00000000000 0.00000000000 0.00000000000 0.00000000000 0.00000000000 0.00000000000 0.00000000000 0.00000000000 0.00000000000 0.00000000000 0.00000000000 0.00000000000 0.00000000000 0.00000000000 0.00000000000 0.00000000000 0.00000000000 0.00000000000 0.00000000000 0.00000000000
# log_avg_GrowthK:
-1.02151300000
# log_avg_Linf:
3.36611700000
# GrowthK_dev:
 0.00000000000 0.00000000000 0.00000000000 0.00000000000 0.00000000000 0.00000000000 0.00000000000 0.00000000000 0.00000000000 0.00000000000 0.00000000000 0.00000000000 0.00000000000 0.00000000000 0.00000000000 0.00000000000 0.00000000000 0.00000000000 0.00000000000 0.00000000000 0.00000000000 0.00000000000 0.00000000000 0.00000000000 0.00000000000 0.00000000000 0.00000000000 0.00000000000 0.00000000000
# Linf_dev:
 0.00000000000 0.00000000000 0.00000000000 0.00000000000 0.00000000000 0.00000000000 0.00000000000 0.00000000000 0.00000000000 0.00000000000 0.00000000000 0.00000000000 0.00000000000 0.00000000000 0.00000000000 0.00000000000 0.00000000000 0.00000000000 0.00000000000 0.00000000000 0.00000000000 0.00000000000 0.00000000000 0.00000000000 0.00000000000 0.00000000000 0.00000000000 0.00000000000 0.00000000000
# SelPars50:
0.493302690366
# SelPars95:
2.28434479287
# SelPars_dev50:
 0.00000000000 0.00000000000 0.00000000000 0.00000000000 0.00000000000 0.00000000000 0.00000000000 0.00000000000 0.00000000000 0.00000000000 0.00000000000 0.00000000000 0.00000000000 0.00000000000 0.00000000000 0.00000000000 0.00000000000 0.00000000000 0.00000000000 0.00000000000 0.00000000000 0.00000000000 0.00000000000 0.00000000000 0.00000000000 0.00000000000 0.00000000000 0.00000000000 0.00000000000
# SelPars_dev95:
 0.00000000000 0.00000000000 0.00000000000 0.00000000000 0.00000000000 0.00000000000 0.00000000000 0.00000000000 0.00000000000 0.00000000000 0.00000000000 0.00000000000 0.00000000000 0.00000000000 0.00000000000 0.00000000000 0.00000000000 0.00000000000 0.00000000000 0.00000000000 0.00000000000 0.00000000000 0.00000000000 0.00000000000 0.00000000000 0.00000000000 0.00000000000 0.00000000000 0.00000000000
