# Number of parameters = 78 Objective function value = 23424.6421208761  Maximum gradient component = 0.0151693813222591
# srv_sel50:
1.01520116953
# srv_sel95:
1.16031029727
# stNatLen:
 11.6769983541 10.6817801988 9.19806331992 8.02914067566 7.19155146849 6.57918105828 6.11570581965 5.75545280388 5.47128645340 5.24650484544 5.07041422162 4.93597237569 4.83850414942 4.77498092877 4.74362585720
# log_avg_fmort_dir:
0.635735792622
# fmort_dir_dev:
 -0.759700320519 -0.320239529169 -0.317931060029 -0.365165266396 -0.351541487141 -0.249723953558 -0.291621136871 -0.0672918571289 -0.261167771345 -0.0394560373190 0.00730809863292 -0.188122595550 0.00485209788164 0.000340298036213 0.0130146864406 0.120813963477 0.184580997590 0.137828978780 0.327016774577 0.204740197925 0.218840368414 0.383209549080 0.206528855705 0.320129796684 0.435914182648 0.257731738399 0.217677336927 0.171433093829
# mean_log_rec:
13.7569339216
# rec_dev:
 -2.09751874450 -1.76817707175 -1.52276785565 -1.64155308973 -1.41118673569 -1.03144876606 -0.582579838162 -0.361573253961 0.0122163524208 0.196340854823 0.357073278418 0.654512703804 0.748292786112 0.477293809778 0.315241513700 0.333572402441 0.366635274937 0.447317223625 0.377803183951 0.463124896801 0.543117055008 0.614325681170 0.775350260052 0.737723502108 0.662098543280 0.709452382155 0.812656826109 0.812656824815
# log_avg_NatM:
-0.461487220349
# m_dev:
 0.00000000000 0.00000000000 0.00000000000 0.00000000000 0.00000000000 0.00000000000 0.00000000000 0.00000000000 0.00000000000 0.00000000000 0.00000000000 0.00000000000 0.00000000000 0.00000000000 0.00000000000 0.00000000000 0.00000000000 0.00000000000 0.00000000000 0.00000000000 0.00000000000 0.00000000000 0.00000000000 0.00000000000 0.00000000000 0.00000000000 0.00000000000 0.00000000000
# log_avg_GrowthK:
-1.20372700000
# log_avg_Linf:
3.45755400000
# GrowthK_dev:
 0.00000000000 0.00000000000 0.00000000000 0.00000000000 0.00000000000 0.00000000000 0.00000000000 0.00000000000 0.00000000000 0.00000000000 0.00000000000 0.00000000000 0.00000000000 0.00000000000 0.00000000000 0.00000000000 0.00000000000 0.00000000000 0.00000000000 0.00000000000 0.00000000000 0.00000000000 0.00000000000 0.00000000000 0.00000000000 0.00000000000 0.00000000000 0.00000000000
# Linf_dev:
 0.00000000000 0.00000000000 0.00000000000 0.00000000000 0.00000000000 0.00000000000 0.00000000000 0.00000000000 0.00000000000 0.00000000000 0.00000000000 0.00000000000 0.00000000000 0.00000000000 0.00000000000 0.00000000000 0.00000000000 0.00000000000 0.00000000000 0.00000000000 0.00000000000 0.00000000000 0.00000000000 0.00000000000 0.00000000000 0.00000000000 0.00000000000 0.00000000000
# SelPars50:
1.04502852674
# SelPars95:
1.15636136664
# SelPars_dev50:
 0.00000000000 0.00000000000 0.00000000000 0.00000000000 0.00000000000 0.00000000000 0.00000000000 0.00000000000 0.00000000000 0.00000000000 0.00000000000 0.00000000000 0.00000000000 0.00000000000 0.00000000000 0.00000000000 0.00000000000 0.00000000000 0.00000000000 0.00000000000 0.00000000000 0.00000000000 0.00000000000 0.00000000000 0.00000000000 0.00000000000 0.00000000000 0.00000000000
# SelPars_dev95:
 0.00000000000 0.00000000000 0.00000000000 0.00000000000 0.00000000000 0.00000000000 0.00000000000 0.00000000000 0.00000000000 0.00000000000 0.00000000000 0.00000000000 0.00000000000 0.00000000000 0.00000000000 0.00000000000 0.00000000000 0.00000000000 0.00000000000 0.00000000000 0.00000000000 0.00000000000 0.00000000000 0.00000000000 0.00000000000 0.00000000000 0.00000000000 0.00000000000
