# Number of parameters = 77 Objective function value = 18658.7144221014  Maximum gradient component = 2.81235180689157
# srv_sel50:
0.999926695054
# srv_sel95:
1.00023154967
# stNatLen:
 10.7985194965 9.38783281373 8.00450041705 7.07356792601 6.43033881695 5.95098075667 5.57794209305 5.28106327997 5.04266064387 4.85157510870 4.70042706518 4.58421204628 4.49952890835 4.44413648134 4.41669318262
# log_avg_fmort_dir:
0.598382248656
# fmort_dir_dev:
 -0.553083124461 -0.303032086360 -0.184991883346 -0.208665511840 -0.601968758973 -0.0957850189239 -0.201860511921 -0.209367610758 -0.0445235864293 -0.0658081812942 -0.0829419853966 -0.141734254359 -0.101530813324 0.0859657120687 0.138367722304 0.153714859217 0.193658709433 0.198406436985 0.163855758635 0.173156097185 0.204386083062 0.290275674967 0.218991375221 0.266617548509 0.393584464535 0.316870644140 0.238061024143 -0.240618783018
# mean_log_rec:
13.6457065288
# rec_dev:
 -2.30366497406 -2.07033925628 -1.94359741713 -1.21688847814 -1.04132150873 -1.14350201855 -0.668907754041 -0.405721760523 -0.248927367112 -0.00813844718606 0.286217916346 0.555595292459 0.691578658289 0.556147078967 0.476092340043 0.527486514206 0.460499882903 0.381275398006 0.378293642859 0.438750417568 0.548604281540 0.618400507193 0.728664852985 0.806473180713 0.811778557482 0.849879761381 0.967635349518 0.967635349297
# log_avg_NatM:
-1.06669500000
# m_dev:
 0.00000000000 0.00000000000 0.00000000000 0.00000000000 0.00000000000 0.00000000000 0.00000000000 0.00000000000 0.00000000000 0.00000000000 0.00000000000 0.00000000000 0.00000000000 0.00000000000 0.00000000000 0.00000000000 0.00000000000 0.00000000000 0.00000000000 0.00000000000 0.00000000000 0.00000000000 0.00000000000 0.00000000000 0.00000000000 0.00000000000 0.00000000000 0.00000000000
# log_avg_GrowthK:
-1.19613400000
# log_avg_Linf:
3.45239700000
# GrowthK_dev:
 0.00000000000 0.00000000000 0.00000000000 0.00000000000 0.00000000000 0.00000000000 0.00000000000 0.00000000000 0.00000000000 0.00000000000 0.00000000000 0.00000000000 0.00000000000 0.00000000000 0.00000000000 0.00000000000 0.00000000000 0.00000000000 0.00000000000 0.00000000000 0.00000000000 0.00000000000 0.00000000000 0.00000000000 0.00000000000 0.00000000000 0.00000000000 0.00000000000
# Linf_dev:
 0.00000000000 0.00000000000 0.00000000000 0.00000000000 0.00000000000 0.00000000000 0.00000000000 0.00000000000 0.00000000000 0.00000000000 0.00000000000 0.00000000000 0.00000000000 0.00000000000 0.00000000000 0.00000000000 0.00000000000 0.00000000000 0.00000000000 0.00000000000 0.00000000000 0.00000000000 0.00000000000 0.00000000000 0.00000000000 0.00000000000 0.00000000000 0.00000000000
# SelPars50:
1.00544611346
# SelPars95:
1.12642652600
# SelPars_dev50:
 0.00000000000 0.00000000000 0.00000000000 0.00000000000 0.00000000000 0.00000000000 0.00000000000 0.00000000000 0.00000000000 0.00000000000 0.00000000000 0.00000000000 0.00000000000 0.00000000000 0.00000000000 0.00000000000 0.00000000000 0.00000000000 0.00000000000 0.00000000000 0.00000000000 0.00000000000 0.00000000000 0.00000000000 0.00000000000 0.00000000000 0.00000000000 0.00000000000
# SelPars_dev95:
 0.00000000000 0.00000000000 0.00000000000 0.00000000000 0.00000000000 0.00000000000 0.00000000000 0.00000000000 0.00000000000 0.00000000000 0.00000000000 0.00000000000 0.00000000000 0.00000000000 0.00000000000 0.00000000000 0.00000000000 0.00000000000 0.00000000000 0.00000000000 0.00000000000 0.00000000000 0.00000000000 0.00000000000 0.00000000000 0.00000000000 0.00000000000 0.00000000000
