# Number of parameters = 109 Objective function value = 22387.6399928600  Maximum gradient component = 0.000952019901441118
# srv_sel50:
1.97375628103
# srv_sel95:
3.35259659575
# stNatLen:
 11.0694969114 10.6180151131 9.16330624376 7.96069806888 7.13556470690 6.55115626798 6.11114707221 5.76828287716 5.49685228121 5.28146001773 5.11230118401 4.98290640264 4.88896516533 4.82767578151 4.79738202085
# log_avg_fmort_dir:
0.859977311569
# fmort_dir_dev:
 -0.254025360796 -0.486168969986 -0.710146006714 -0.626117003514 -0.460064356412 -0.459599037535 -0.566453869050 -0.281781850853 -0.290182985683 -0.150528320041 -0.0355319646431 -0.0529343943339 0.0210027766403 -0.0544408596708 0.180897492344 0.205270520120 0.246468489533 0.161473306837 0.293730144080 0.165213230349 0.280233659556 0.408960348414 0.284073458266 0.309367854625 0.293816527189 0.176862184301 0.261110907662 0.400370615527 0.739123463789
# mean_log_rec:
14.7451459211
# rec_dev:
 -2.72400749586 -1.76573919326 -1.66165726725 -1.45378299083 -1.01173871804 -0.774362168638 -0.585295831518 -0.489461636213 0.00196546688942 -0.0801789227412 0.335047283238 0.711729641113 0.635917243945 0.310700562765 0.302703640526 0.233756520908 0.438438392096 0.381126136231 0.462540268453 0.564335906773 0.479650044787 0.689581338210 0.837198233245 0.937730247394 0.886296227378 0.783367472388 0.539784708528 0.507177462117 0.507177427372
# log_avg_NatM:
0.251173815656
# m_dev:
 -1.22060164927 -0.830526195118 -0.120758929936 -0.168132055976 -0.298294295085 -0.112770377124 -0.0534673314692 0.115467894544 -0.0287811802962 0.182985805964 -0.0976494268926 0.0609941072399 0.125295620799 0.0869781062634 -0.0254035294678 0.113136262333 -0.0689282194920 0.182656892297 0.0227912412970 0.226982274837 0.266245749465 0.0607450779612 0.261637895257 0.245284933662 0.270007216664 0.266291621419 0.375836478029 0.202554247256 -0.0405782351622
# log_avg_GrowthK:
-1.18630400000
# log_avg_Linf:
3.44583300000
# GrowthK_dev:
 0.00000000000 0.00000000000 0.00000000000 0.00000000000 0.00000000000 0.00000000000 0.00000000000 0.00000000000 0.00000000000 0.00000000000 0.00000000000 0.00000000000 0.00000000000 0.00000000000 0.00000000000 0.00000000000 0.00000000000 0.00000000000 0.00000000000 0.00000000000 0.00000000000 0.00000000000 0.00000000000 0.00000000000 0.00000000000 0.00000000000 0.00000000000 0.00000000000 0.00000000000
# Linf_dev:
 0.00000000000 0.00000000000 0.00000000000 0.00000000000 0.00000000000 0.00000000000 0.00000000000 0.00000000000 0.00000000000 0.00000000000 0.00000000000 0.00000000000 0.00000000000 0.00000000000 0.00000000000 0.00000000000 0.00000000000 0.00000000000 0.00000000000 0.00000000000 0.00000000000 0.00000000000 0.00000000000 0.00000000000 0.00000000000 0.00000000000 0.00000000000 0.00000000000 0.00000000000
# SelPars50:
2.01516526300
# SelPars95:
3.15749233884
# SelPars_dev50:
 0.00000000000 0.00000000000 0.00000000000 0.00000000000 0.00000000000 0.00000000000 0.00000000000 0.00000000000 0.00000000000 0.00000000000 0.00000000000 0.00000000000 0.00000000000 0.00000000000 0.00000000000 0.00000000000 0.00000000000 0.00000000000 0.00000000000 0.00000000000 0.00000000000 0.00000000000 0.00000000000 0.00000000000 0.00000000000 0.00000000000 0.00000000000 0.00000000000 0.00000000000
# SelPars_dev95:
 0.00000000000 0.00000000000 0.00000000000 0.00000000000 0.00000000000 0.00000000000 0.00000000000 0.00000000000 0.00000000000 0.00000000000 0.00000000000 0.00000000000 0.00000000000 0.00000000000 0.00000000000 0.00000000000 0.00000000000 0.00000000000 0.00000000000 0.00000000000 0.00000000000 0.00000000000 0.00000000000 0.00000000000 0.00000000000 0.00000000000 0.00000000000 0.00000000000 0.00000000000
