#Simulated generalized assessment 
# 
#start/end year 
72 100 
#number of ages 
15 
#ages 
1 2 3 4 5 6 7 8 9 10 11 12 13 14 15 
#Number of length bins 
25 
#CPUE years 
29 
#years for CPUE 
72 73 74 75 76 77 78 79 80 81 82 83 84 85 86 87 88 89 90 91 92 93 94 95 96 97 98 99 100 
#survey years 
29 
#years for survey 
72 73 74 75 76 77 78 79 80 81 82 83 84 85 86 87 88 89 90 91 92 93 94 95 96 97 98 99 100 
#length freq from catch years 
29 
#years for length freq catch 
72 73 74 75 76 77 78 79 80 81 82 83 84 85 86 87 88 89 90 91 92 93 94 95 96 97 98 99 100 
#catch length sample sizes 
200 200 200 200 200 200 200 200 200 200 200 200 200 200 200 200 200 200 200 200 200 200 200 200 200 200 200 200 200 
#length freq from survey years 
29 
#years for length freq survey 
72 73 74 75 76 77 78 79 80 81 82 83 84 85 86 87 88 89 90 91 92 93 94 95 96 97 98 99 100 
#survey sample sizes 
200 200 200 200 200 200 200 200 200 200 200 200 200 200 200 200 200 200 200 200 200 200 200 200 200 200 200 200 200 
#total survey biomass 
9559.549 6241.429 6425.911 9088.428 15807.91 18574.51 21901.58 26870.7 38626.72 37960.18 85063.34 83406.39 134169.7 88047.11 99460.86 98243.01 109839.7 83325.48 126224.6 145238.3 153459.3 124669.1 93141.31 138396.9 100358.4 150416.4 138581.1 91071.81 84988.26 
#survey CV 
0.2 0.2 0.2 0.2 0.2 0.2 0.2 0.2 0.2 0.2 0.2 0.2 0.2 0.2 0.2 0.2 0.2 0.2 0.2 0.2 0.2 0.2 0.2 0.2 0.2 0.2 0.2 0.2 0.2 
#total CPUE 
9334.28 7351.581 4404.524 7484.691 12089.9 12682.7 21710.9 38924.7 47713.8 57554.64 56409.45 85824.53 66358.35 122588 89366.9 118708.5 75319.6 125699.4 127320.1 133683 105604 149471.1 137189.3 107356.4 69527.58 113176.2 95950.75 152999.9 131968.5 
#CPUE CV 
0.2 0.2 0.2 0.2 0.2 0.2 0.2 0.2 0.2 0.2 0.2 0.2 0.2 0.2 0.2 0.2 0.2 0.2 0.2 0.2 0.2 0.2 0.2 0.2 0.2 0.2 0.2 0.2 0.2 
#total catch biomass 
4216.503 4308.765 3756.147 2623.321 5189.674 6456.313 12340.53 17266.22 19358.58 27173.46 43831.44 58712.2 72860.95 71201.08 89589.46 100978.9 97982.87 88055.11 101480.7 96075.69 79972.66 109238.9 101779.5 110307.9 134685.6 92798.51 85906.68 108209.9 92963.91 
#catch CV 
0.1 0.1 0.1 0.1 0.1 0.1 0.1 0.1 0.1 0.1 0.1 0.1 0.1 0.1 0.1 0.1 0.1 0.1 0.1 0.1 0.1 0.1 0.1 0.1 0.1 0.1 0.1 0.1 0.1 
#Length Bins 
0.7268801 2.18064 3.634401 5.088161 6.541921 7.995682 9.449442 10.9032 12.35696 13.81072 15.26448 16.71824 18.172 19.62576 21.07952 22.53328 23.98704 25.44081 26.89457 28.34833 29.80209 31.25585 32.70961 34.16337 35.61713 
#catch length counts 
2.711986e-07 2.620121e-05 0.00149243 0.05011938 0.9923399 11.58452 79.75648 324.2709 784.2344 1171.36 1271.589 1441.649 1839.444 2069.322 2033.998 1851.384 1508.163 1089.958 708.192 400.4818 183.796 63.32849 15.31397 2.470776 0.2567279 
2.437913e-07 2.27178e-05 0.00124811 0.04042775 0.7720641 8.69385 57.75125 226.8875 534.4074 807.5208 1001.47 1413.744 1984.856 2260.028 2210.905 1969.81 1541.067 1058.107 648.5553 343.1079 146.1529 46.49831 10.35047 1.534291 0.1462969 
2.157193e-08 1.935526e-06 0.0001023889 0.003193554 0.05874768 0.6383965 4.132874 16.64438 49.8447 156.725 507.8897 1226.221 1979.766 2324.694 2312.494 2045.167 1541.473 999.0648 570.8729 279.3974 109.5076 31.9384 6.505041 0.8817458 0.07688053 
2.104805e-07 1.815394e-05 0.000923142 0.02767612 0.4891969 5.098218 31.33198 113.6623 244.6874 321.8059 300.4081 327.4508 589.0893 1144.283 1719.369 1824.105 1420.555 890.9286 477.0666 214.7922 76.7492 20.34562 3.76561 0.4641836 0.03684541 
1.096813e-06 9.079702e-05 0.004431492 0.1275179 2.163493 21.64757 127.9101 449.4594 973.6285 1516.5 2382.549 3947.42 4937.689 3955.814 2130.354 1080.285 758.6667 559.7925 326.6744 143.9672 47.58958 11.44175 1.912388 0.2130465 0.01531313 
7.411949e-06 0.000588057 0.02750712 0.7585958 12.33447 118.2504 668.6574 2234.128 4453.246 5558.674 5286.678 5514.476 6306.406 6283.6 5251.003 3487.581 1673.909 600.9014 203.5825 73.38454 22.8534 5.153526 0.7888862 0.0795426 0.005160094 
2.086788e-05 0.001584597 0.07094114 1.872479 29.13932 267.368 1446.88 4625.076 8804.744 10405.92 9087.776 8431.536 8775.767 8156.48 6598.842 4585.009 2505.032 1023.673 314.8384 76.94252 16.18319 2.899394 0.3925514 0.03608596 0.00213421 
3.476043e-05 0.002523019 0.1079679 2.724011 40.52021 355.4069 1839.079 5630.015 10346.77 12256.46 12016.34 13354.59 14642.13 13040.33 9789.332 6303.539 3264.596 1323.961 420.838 102.23 18.43102 2.464051 0.2463931 0.01801517 0.0009109037 
9.001118e-05 0.006237371 0.254827 6.138035 87.16853 729.9133 3605.354 10528.4 18391.2 20366.8 17843.99 17633.7 18719.69 17427.78 13863.52 8888.601 4263.498 1540.212 440.3029 100.1969 17.27873 2.136403 0.1829631 0.01068708 0.0004224591 
0.0002272337 0.01501606 0.5850297 13.43817 181.9914 1453.288 6846.447 19079.22 31894.77 34235.33 30090.87 30053.85 30627.51 26422.88 19490.02 11932.23 5628.503 2010.291 551.6376 115.8087 18.14328 2.052244 0.1615482 0.008550977 0.0002966223 
0.0004960255 0.03122519 1.158897 25.35861 327.1561 2488.742 11169.71 29662.54 47319.62 48767.86 41863.82 41362.13 41867.8 36288.8 26356.85 14937.31 6104.37 1810.098 415.3859 76.33855 10.83285 1.116798 0.07981467 0.003830601 0.000120537 
0.00103084 0.06175618 2.181265 45.42316 557.696 4037.6 17248.01 43624.32 66484.06 66333.82 56937.58 56584.79 56031.6 47060.98 32943.11 17811.96 6853.724 1864.711 375.1259 57.88435 6.835955 0.5998336 0.03756654 0.001611272 4.570643e-05 
0.001957805 0.1115183 3.745086 74.1514 865.631 5959.03 24212 58329.01 85276.31 84089.21 75986.55 79370.23 78390.61 64668.34 44085.73 22920.92 8421.885 2180.316 412.9248 58.45417 6.105723 0.4586949 0.02422365 0.0008798436 2.14714e-05 
0.003310036 0.1791125 5.714239 107.4815 1191.985 7795.881 30103.47 69039.78 96879.97 94716.15 89908.95 98021.27 98422.17 82659.08 56257.41 28198.51 9740.48 2336.513 407.3529 53.06282 5.091547 0.3478673 0.01641071 0.0005220847 1.099423e-05 
0.005273748 0.2708893 8.20359 146.4738 1541.993 9573.899 35106.21 76572 102929.7 99014.24 96243.94 106526.8 107385.7 90737.84 61050.79 29590.82 9782.972 2237.201 369.0565 44.86257 3.962103 0.2470772 0.01059554 0.0003053126 5.789675e-06 
0.008075108 0.3934573 11.30282 191.4351 1911.754 11260.9 39195.66 81370.19 105424.1 102036.1 104596.6 118029.5 117658.7 97861.68 64408.45 30536.52 10003.87 2304.244 383.5862 46.1524 3.922757 0.229869 0.009110832 0.0002401224 4.139799e-06 
0.0136464 0.6303466 17.16646 275.6312 2609.49 14572.38 48096.34 94765.61 117001.5 109344.5 110000.6 122406.6 121705.8 100921.3 64723.06 29305.73 9113.772 2004.393 322.7668 38.02746 3.178058 0.1820104 0.006955614 0.0001739082 2.802429e-06 
0.02236988 0.9790684 25.26404 384.3619 3447.975 18246.05 57087.83 106821.7 126249.1 115624.9 115716.6 124934.6 118454.3 93178.18 56577.23 24294.22 7195.333 1511.834 232.3594 26.05856 2.073513 0.1134632 0.004157677 9.975145e-05 1.537943e-06 
0.03093867 1.282495 31.34379 451.6488 3837.659 19242.55 57144.5 102342.6 120016.7 119736.4 134754 148874.9 137480.2 104560 61653.24 26080.81 7767.866 1660.664 257.0616 28.3237 2.164562 0.112221 0.003872922 8.739547e-05 1.268463e-06 
0.05770838 2.264926 52.40954 715.0201 5752.163 27303.42 76704.35 129510 141108.1 126678.5 130291.6 142596.5 137652.2 108051.6 62616.79 25132.11 7021.28 1419.577 211.8165 22.85037 1.71527 0.08665089 0.002875679 6.161204e-05 8.411131e-07 
0.09544103 3.545752 77.66479 1002.995 7638.577 34337.51 91532.16 147978.5 160140.3 154207.5 167736.1 173780.7 150405.3 107304.6 59166.22 23630.27 6763.326 1400.7 208.4415 21.79469 1.564312 0.07548191 0.002398966 4.924874e-05 6.423257e-07 
0.1560862 5.488206 113.7731 1390.624 10023.81 42654.18 107704.8 165457.2 172241.7 163870.3 178922 188329.7 167038.6 117761.3 60245.51 21173.53 5192.946 935.6741 127.1281 12.67167 0.8810477 0.04100672 0.001244206 2.419279e-05 2.977714e-07 
0.2523606 8.397493 164.7487 1905.733 13001.23 52378.58 125413.3 183984.9 187693.7 182289.5 199929.3 203621.6 172970.9 116877.2 57654.87 19710.39 4700.144 803.8619 99.69468 8.854713 0.5508449 0.0234105 0.000661793 1.213067e-05 1.412095e-07 
0.4044428 12.73639 236.473 2588.755 16715.3 63758.03 144771.7 202878.8 202761.9 199865.3 219928.4 220516.2 183390.5 119687.9 56294.41 18297.58 4169.288 685.2467 81.47844 6.842446 0.3940846 0.01520947 0.0003864692 6.369452e-06 6.717073e-08 
0.5691069 16.96162 298.0505 3088.184 18875.99 68217.22 147366.9 200066.7 205130.3 219531.1 249803.5 246949.2 200064.3 126326.7 57421.92 18165.45 4058.762 652.9917 75.18789 6.04186 0.3298605 0.01196525 0.0002830057 4.296325e-06 4.133487e-08 
0.8830089 24.90924 414.2917 4063.008 23507.41 80434.21 164681.8 212801.6 210451.8 221274.9 250780.3 251441.8 206159.9 128033.1 55867.55 16827.92 3589.077 554.4207 61.50239 4.755158 0.2484931 0.008566454 0.0001911867 2.721485e-06 2.441654e-08 
1.500278 40.06271 630.7554 5855.786 32074.6 103939.3 201880 249136.4 239415.8 246414.4 267744.9 254211.5 197621.3 117444.6 49776.33 14795.3 3134.839 476.8605 51.23407 3.787256 0.1880149 0.006140551 0.0001295696 1.739234e-06 1.466684e-08 
1.932932 48.86697 728.4095 6403.009 33224.25 102225.3 190489.8 235075.8 248721.3 288227.1 319016.2 291459.2 214359.4 119744.2 47668.44 13377.79 2704.204 396.7518 41.33504 2.956358 0.1409517 0.00438212 8.736721e-05 1.102536e-06 8.715114e-09 
2.960855 70.87623 1000.337 8326.116 40908.1 119187.6 210339.6 245991.5 248171.7 281376.1 317995.2 304894 229840.7 124938.3 46436.19 11871.13 2165.878 288.6703 27.74249 1.85719 0.08365379 0.002466722 4.663894e-05 5.566851e-07 4.146256e-09 
#survey length counts 
9.045859e-07 8.739442e-05 0.004978015 0.1671736 3.309943 38.63921 265.9885 1080.727 2604.369 3819.213 3841.556 3715.202 4264.31 4674.671 4572.432 4110.335 3256.389 2262.325 1407.674 763.1379 337.2455 112.6757 26.60544 4.214578 0.4316928 
1.4157e-07 1.319226e-05 0.000724781 0.02347674 0.4483682 5.050329 33.60086 133.1238 327.4634 595.5642 1137.824 2298.307 3647.354 4327.233 4343.458 3891.629 2979.305 1958.168 1137.833 571.526 232.6918 71.33638 15.42177 2.234825 0.2093813 
4.214071e-06 0.0003781035 0.02000129 0.6237978 11.47013 124.3461 794.7658 2995.103 6656.87 8739.64 6842.838 3420.085 1713.319 1970.528 2870.911 3128.897 2496.609 1595.054 871.2023 403.3952 149.9124 41.80069 8.214711 1.082815 0.09236957 
6.352348e-06 0.00054789 0.02786064 0.8352719 14.76411 153.8672 945.6673 3431.523 7397.426 9781.917 9133.388 8422.022 8379.236 6545.757 3569.007 1777.878 1223.87 920.7635 555.1832 253.7804 87.56729 22.17153 3.935999 0.4688911 0.03621824 
1.23242e-05 0.001020229 0.04979378 1.43282 24.30806 243.146 1434.258 4994.486 10325.56 13052.14 11529.19 10115.85 10546.67 10425.02 8843.783 6043.061 3000.455 1100.438 373.0398 136.3541 44.25277 10.54109 1.716744 0.185185 0.01290968 
2.874399e-05 0.002280521 0.1066742 2.941875 47.83337 458.5593 2592.401 8651.708 17139.49 20742.66 17468.2 14462.67 14135.86 13108.82 10722.8 7608.776 4283.516 1809.27 574.6377 144.3737 31.22169 5.831776 0.8365595 0.08225366 0.005229174 
4.869138e-05 0.003697368 0.1655282 4.369087 67.99139 623.8603 3376.206 10794.78 20574.47 24458.56 21820.24 20896.66 21783.18 19510.65 14846.15 9761.223 5196.196 2169.706 712.5328 179.915 33.86835 4.742539 0.4994852 0.03880161 0.002101693 
0.0001069877 0.007765494 0.3323096 8.384097 124.7135 1093.802 5657.945 17288.14 31460.78 35548.32 29708.47 26556.65 27175.57 25463.83 20624.34 13614.33 6754.748 2517.37 741.6136 174.9486 31.55268 4.109924 0.3727525 0.02315981 0.0009782815 
0.000205054 0.01420933 0.5805202 13.98302 198.5779 1662.799 8213.007 23979.54 41849.42 46134.94 39741.4 38016.93 38692.09 33911.71 25464.2 16012.84 7805.958 2882.985 819.2256 178.895 29.32714 3.493783 0.2914713 0.01643629 0.0006098975 
0.0004145128 0.02739183 1.067193 24.51349 331.982 2650.995 12487.83 34785.45 58023.57 61648.2 52492.82 50640.04 51641.23 45587.26 33899.05 19887.9 8454.193 2598.63 615.7401 117.2495 17.39242 1.889747 0.1432189 0.007324366 0.000246564 
0.0008459256 0.05325167 1.976392 43.24675 557.9341 4244.306 19048.58 50582.32 80662.85 82988.8 70841.6 69402.77 69634.6 59666.77 42830.26 24020.11 9639.868 2730.972 570.4 91.46619 11.28032 1.04051 0.06897115 0.0031497 9.556681e-05 
0.001501949 0.08997967 3.178136 66.1823 812.5773 5883.071 25135.72 63628.7 97393.34 99073.54 89667.54 93930.52 94774.88 79936.79 56001.99 30259.78 11611.53 3134.548 617.9196 91.24793 9.990653 0.7906753 0.04419554 0.001706983 4.449123e-05 
0.002425665 0.138168 4.640058 91.87166 1072.503 7383.436 30005.73 72364.89 106372 107354.4 102733.9 113533.4 116795.7 100431.4 70545.44 36900.75 13348.62 3344.817 607.544 82.6016 8.316831 0.5996245 0.02999307 0.001015817 2.285275e-05 
0.003918871 0.2120578 6.765296 127.2514 1411.243 9230.13 35646.69 81810.91 115206.8 114279.1 112085.3 126116.9 130251.5 112817.2 78596.23 39853.44 13817.21 3304.803 569.0279 72.34704 6.715138 0.4423043 0.02012342 0.0006176524 1.251925e-05 
0.005787582 0.2972828 9.002891 160.7456 1692.265 10507.73 38545.97 84247.7 114378.9 114252.4 119019.2 137570.1 140781.5 120180.7 82015.9 40682.98 13963.62 3363.032 585.462 73.93217 6.626056 0.4110933 0.01731329 0.0004864943 8.96962e-06 
0.009482662 0.4620399 13.27298 224.8037 2244.988 13223.76 46027.64 95552.6 123800.3 119892.6 123443.5 141161.7 144117.1 122960 82057.43 38956.49 12701.14 2919.58 491.2953 60.74596 5.358403 0.325504 0.01324537 0.0003537332 6.104344e-06 
0.01673799 0.7731516 21.05552 338.0759 3200.692 17874.41 59003.79 116345.8 144153.5 136299.1 139100.5 154217.1 150168.8 121606.8 76873.48 34618.44 10751.01 2362.211 379.7336 44.72741 3.758061 0.2181894 0.008517752 0.0002184635 3.610709e-06 
0.02205686 0.9653692 24.91061 378.99 3400.018 17998.53 56412.55 106483.9 130897.5 135242 157062.6 179606.3 170711.9 133756.1 82087.88 36367.94 11343.18 2537.712 412.0999 47.85197 3.870969 0.2132446 0.00784703 0.0001894011 2.948276e-06 
0.04200591 1.741263 42.55585 613.2037 5210.152 26118.39 77473.85 137966.4 157848.7 147108.6 155834.9 175655.1 174309.9 141691.4 85946.78 36234.13 10606.27 2241.315 350.3233 39.8169 3.167349 0.1703341 0.006038722 0.0001385931 2.031325e-06 
0.06319872 2.480412 57.39599 783.0638 6300.116 29917.66 84235.45 143766.8 163994.3 166046.2 189438.4 204277.4 182245.2 134241.8 77131.64 32244.9 9661.035 2096.893 328.2527 36.26661 2.76174 0.1419234 0.004820811 0.000106095 1.487016e-06 
0.1037352 3.85389 84.41423 1090.166 8302.706 37328.59 99580.06 161577.2 177588.7 178258.6 204375.2 223481.8 204653.3 150007.1 80552.1 29779.83 7652.934 1439.628 204.7062 21.50717 1.58718 0.07879725 0.002558986 5.339481e-05 7.067084e-07 
0.1664164 5.851433 121.3033 1482.69 10688.3 45500.11 115119.1 178512.9 192834.3 198827.2 230030.4 243738.5 213906.9 150309.6 77795.61 27970.62 7001.751 1255.857 163.6973 15.34312 1.011736 0.04578234 0.001383869 2.721881e-05 3.408873e-07 
0.2711138 9.021529 176.9922 2047.398 13968.96 56302.64 135105.2 200242.1 212356.4 222942.4 258976.7 270033.8 232279.3 157992.1 78063.42 26687.73 6381.564 1100.195 137.6912 12.23229 0.74864 0.03081514 0.0008376705 1.480989e-05 1.679432e-07 
0.3710994 11.68639 216.9802 2375.48 15342 58590.63 133817.8 192560.7 211008.6 242685.7 292386.5 300733.9 252289.3 166217.8 79372.41 26395.55 6189.848 1046.06 127.0168 10.81466 0.6282435 0.02433482 0.0006165072 1.00504e-05 1.04052e-07 
0.5741078 17.11068 300.671 3115.399 19044.21 68858.1 149093.7 204512.3 217154.4 246553.6 295809.9 308318.6 262481.1 170713.2 78404.68 24835.98 5558.336 901.8387 105.5437 8.654265 0.4817679 0.01775552 0.000424872 6.499836e-06 6.279381e-08 
0.9672122 27.28461 453.802 4450.635 25754.17 88188.71 181207.4 237826.1 246714.1 275801 318018.4 314186.4 253639.6 157730.8 70264.58 21943.13 4882.214 781.7503 88.80397 6.971567 0.3689894 0.01289174 0.0002918409 4.212816e-06 3.827809e-08 
1.181685 31.55536 496.83 4613.175 25287.26 82238.89 162420.8 214786.6 249041.4 315375.6 370301.8 352389.5 269611.8 157781 66035.13 19461.92 4127.901 637.2675 70.22939 5.340516 0.2718346 0.009051696 0.0001937904 2.63168e-06 2.242466e-08 
1.721465 43.5209 648.7275 5702.834 29597.64 91162 170702 214935 240240.1 300027.8 359762.3 359804.8 283772.1 162487.5 63717.55 17140.36 3282.619 459.9293 46.6981 3.32134 0.1596966 0.005045273 0.0001024954 1.317375e-06 1.05838e-08 
2.788409 66.74852 942.0962 7842.048 38545.72 112523.4 200338.2 242453.6 264577.6 318688.1 359286.8 334442.8 246584 133621.2 50248.41 13067.7 2406.066 317.4758 29.66572 1.917951 0.08382054 0.002423521 4.543615e-05 5.426495e-07 4.069202e-09 
