# Number of parameters = 78 Objective function value = 22871.2377725548  Maximum gradient component = 0.0372230671223639
# srv_sel50:
1.22194635110
# srv_sel95:
2.10344991642
# stNatLen:
 10.4603131320 9.03948032225 7.74881720452 6.77945068015 6.07045590282 5.53755472938 5.12420615889 4.79673272662 4.53476165993 4.32539663669 4.16014264340 4.03327003783 3.94090805540 3.88052578983 3.85063522236
# log_avg_fmort_dir:
0.535528164939
# fmort_dir_dev:
 -0.586702416603 -0.506094354817 -0.477156103489 -0.299643855518 -0.328807557243 -0.195102243310 -0.332970123225 -0.0833795337409 -0.0887017067644 -0.390942942495 0.00404118978689 -0.196441149546 -0.0968971219511 0.0976704699095 0.115532224736 0.232791981584 0.310372461617 0.211152068420 0.0640536745062 0.393581811484 0.236378010392 0.385891245366 0.278124313963 0.472704115309 0.400881541922 0.380518055782 0.0662453871687 -0.0670994432445
# mean_log_rec:
14.2401175317
# rec_dev:
 -3.08547567763 -2.72408436963 -2.13087878131 -1.70140036868 -1.36244634486 -0.918616989446 -0.404912808026 0.0115550031472 0.300704448044 0.449781142225 0.455744798625 0.592198872593 0.595141916211 0.555043109247 0.551242645801 0.537295924717 0.460547744864 0.485931699221 0.568008165064 0.580002904626 0.680922585229 0.703795456854 0.690696129891 0.667062174164 0.712803772946 0.718899682072 1.00521858202 1.00521858202
# log_avg_NatM:
0.183296893355
# m_dev:
 0.00000000000 0.00000000000 0.00000000000 0.00000000000 0.00000000000 0.00000000000 0.00000000000 0.00000000000 0.00000000000 0.00000000000 0.00000000000 0.00000000000 0.00000000000 0.00000000000 0.00000000000 0.00000000000 0.00000000000 0.00000000000 0.00000000000 0.00000000000 0.00000000000 0.00000000000 0.00000000000 0.00000000000 0.00000000000 0.00000000000 0.00000000000 0.00000000000
# log_avg_GrowthK:
-1.19807800000
# log_avg_Linf:
3.45748100000
# GrowthK_dev:
 0.00000000000 0.00000000000 0.00000000000 0.00000000000 0.00000000000 0.00000000000 0.00000000000 0.00000000000 0.00000000000 0.00000000000 0.00000000000 0.00000000000 0.00000000000 0.00000000000 0.00000000000 0.00000000000 0.00000000000 0.00000000000 0.00000000000 0.00000000000 0.00000000000 0.00000000000 0.00000000000 0.00000000000 0.00000000000 0.00000000000 0.00000000000 0.00000000000
# Linf_dev:
 0.00000000000 0.00000000000 0.00000000000 0.00000000000 0.00000000000 0.00000000000 0.00000000000 0.00000000000 0.00000000000 0.00000000000 0.00000000000 0.00000000000 0.00000000000 0.00000000000 0.00000000000 0.00000000000 0.00000000000 0.00000000000 0.00000000000 0.00000000000 0.00000000000 0.00000000000 0.00000000000 0.00000000000 0.00000000000 0.00000000000 0.00000000000 0.00000000000
# SelPars50:
1.05198624362
# SelPars95:
1.17072820907
# SelPars_dev50:
 0.00000000000 0.00000000000 0.00000000000 0.00000000000 0.00000000000 0.00000000000 0.00000000000 0.00000000000 0.00000000000 0.00000000000 0.00000000000 0.00000000000 0.00000000000 0.00000000000 0.00000000000 0.00000000000 0.00000000000 0.00000000000 0.00000000000 0.00000000000 0.00000000000 0.00000000000 0.00000000000 0.00000000000 0.00000000000 0.00000000000 0.00000000000 0.00000000000
# SelPars_dev95:
 0.00000000000 0.00000000000 0.00000000000 0.00000000000 0.00000000000 0.00000000000 0.00000000000 0.00000000000 0.00000000000 0.00000000000 0.00000000000 0.00000000000 0.00000000000 0.00000000000 0.00000000000 0.00000000000 0.00000000000 0.00000000000 0.00000000000 0.00000000000 0.00000000000 0.00000000000 0.00000000000 0.00000000000 0.00000000000 0.00000000000 0.00000000000 0.00000000000
