# Number of parameters = 79 Objective function value = 26953.4450528543  Maximum gradient component = 130.071453192389
# srv_sel50:
0.999928112624
# srv_sel95:
1.00005942952
# stNatLen:
 11.2457611499 9.74875357877 8.31900634734 7.21106508415 6.39537855993 5.79114820268 5.33236966172 4.97588693346 4.69502518855 4.47313903021 4.29951747720 4.16709037342 4.07115156337 4.00870369980 3.97789648381
# log_avg_fmort_dir:
0.994331281056
# fmort_dir_dev:
 -1.28662861009 -0.879981925946 -0.656300154695 -0.970796955017 -0.852176321725 -0.791230154021 -0.650519186682 -0.612218881634 -0.594679875997 -0.427659798030 -0.365531353755 -0.310602228790 -0.387005381789 -0.0577159368105 0.0138496007714 0.0503929811149 0.104060030135 0.0780903758160 0.249791464911 0.448164729321 0.496151911240 0.662325428606 0.775885993674 0.737079038395 0.826814994822 1.00120379806 1.03131567090 1.17245081053 1.19546993668
# mean_log_rec:
13.4078668229
# rec_dev:
 -2.89437400226 -2.90289492385 -2.47977221522 -2.09380823695 -1.63272424614 -1.26843840322 -0.938481490567 -0.589289764899 -0.277120139393 -0.0516183361485 0.169443885483 0.534717961227 0.805222299988 0.790147651249 0.770138302034 0.750263523068 0.856623026524 0.819722994384 0.798886417717 0.726044531307 0.831540862392 0.687493232412 0.861874375015 1.00725254763 1.09643584516 0.987203939896 0.860797334982 0.887342942165 0.887370086009
# log_avg_NatM:
-1.06837800000
# m_dev:
 0.00000000000 0.00000000000 0.00000000000 0.00000000000 0.00000000000 0.00000000000 0.00000000000 0.00000000000 0.00000000000 0.00000000000 0.00000000000 0.00000000000 0.00000000000 0.00000000000 0.00000000000 0.00000000000 0.00000000000 0.00000000000 0.00000000000 0.00000000000 0.00000000000 0.00000000000 0.00000000000 0.00000000000 0.00000000000 0.00000000000 0.00000000000 0.00000000000 0.00000000000
# log_avg_GrowthK:
-1.19807800000
# log_avg_Linf:
3.45748100000
# GrowthK_dev:
 0.00000000000 0.00000000000 0.00000000000 0.00000000000 0.00000000000 0.00000000000 0.00000000000 0.00000000000 0.00000000000 0.00000000000 0.00000000000 0.00000000000 0.00000000000 0.00000000000 0.00000000000 0.00000000000 0.00000000000 0.00000000000 0.00000000000 0.00000000000 0.00000000000 0.00000000000 0.00000000000 0.00000000000 0.00000000000 0.00000000000 0.00000000000 0.00000000000 0.00000000000
# Linf_dev:
 0.00000000000 0.00000000000 0.00000000000 0.00000000000 0.00000000000 0.00000000000 0.00000000000 0.00000000000 0.00000000000 0.00000000000 0.00000000000 0.00000000000 0.00000000000 0.00000000000 0.00000000000 0.00000000000 0.00000000000 0.00000000000 0.00000000000 0.00000000000 0.00000000000 0.00000000000 0.00000000000 0.00000000000 0.00000000000 0.00000000000 0.00000000000 0.00000000000 0.00000000000
# SelPars50:
0.862269349037
# SelPars95:
1.24218040317
# SelPars_dev50:
 0.00000000000 0.00000000000 0.00000000000 0.00000000000 0.00000000000 0.00000000000 0.00000000000 0.00000000000 0.00000000000 0.00000000000 0.00000000000 0.00000000000 0.00000000000 0.00000000000 0.00000000000 0.00000000000 0.00000000000 0.00000000000 0.00000000000 0.00000000000 0.00000000000 0.00000000000 0.00000000000 0.00000000000 0.00000000000 0.00000000000 0.00000000000 0.00000000000 0.00000000000
# SelPars_dev95:
 0.00000000000 0.00000000000 0.00000000000 0.00000000000 0.00000000000 0.00000000000 0.00000000000 0.00000000000 0.00000000000 0.00000000000 0.00000000000 0.00000000000 0.00000000000 0.00000000000 0.00000000000 0.00000000000 0.00000000000 0.00000000000 0.00000000000 0.00000000000 0.00000000000 0.00000000000 0.00000000000 0.00000000000 0.00000000000 0.00000000000 0.00000000000 0.00000000000 0.00000000000
