#Simulated generalized assessment 
# 
#start/end year 
73 100 
#number of ages 
15 
#ages 
1 2 3 4 5 6 7 8 9 10 11 12 13 14 15 
#Number of length bins 
25 
#CPUE years 
28 
#years for CPUE 
73 74 75 76 77 78 79 80 81 82 83 84 85 86 87 88 89 90 91 92 93 94 95 96 97 98 99 100 
#survey years 
28 
#years for survey 
73 74 75 76 77 78 79 80 81 82 83 84 85 86 87 88 89 90 91 92 93 94 95 96 97 98 99 100 
#length freq from catch years 
28 
#years for length freq catch 
73 74 75 76 77 78 79 80 81 82 83 84 85 86 87 88 89 90 91 92 93 94 95 96 97 98 99 100 
#catch length sample sizes 
200 200 200 200 200 200 200 200 200 200 200 200 200 200 200 200 200 200 200 200 200 200 200 200 200 200 200 200 
#length freq from survey years 
28 
#years for length freq survey 
73 74 75 76 77 78 79 80 81 82 83 84 85 86 87 88 89 90 91 92 93 94 95 96 97 98 99 100 
#survey sample sizes 
200 200 200 200 200 200 200 200 200 200 200 200 200 200 200 200 200 200 200 200 200 200 200 200 200 200 200 200 
#total survey biomass 
1764.949 4357.677 4373.146 11192.84 13206.71 21348.34 26316.17 42257.73 58958.56 83325.11 151066.2 146700.7 164944.2 157881.5 124053 110194.1 141628.2 90617.18 174165.2 161497.5 127203.3 132354.1 146901.7 159041 176144.9 212370.9 162789.9 136365.5 
#survey CV 
0.2 0.2 0.2 0.2 0.2 0.2 0.2 0.2 0.2 0.2 0.2 0.2 0.2 0.2 0.2 0.2 0.2 0.2 0.2 0.2 0.2 0.2 0.2 0.2 0.2 0.2 0.2 0.2 
#total CPUE 
1552.475 4034.334 4580.993 8790.814 9439.441 13993.5 23039.17 38404.99 41434.95 70195.3 113805.2 111480.5 129814.6 130030.8 136944.7 85961.71 139682 147023.1 83317.01 147263.6 132105.6 188329.7 182913.5 131666.8 190540.5 153668.8 139626 136317.1 
#CPUE CV 
0.2 0.2 0.2 0.2 0.2 0.2 0.2 0.2 0.2 0.2 0.2 0.2 0.2 0.2 0.2 0.2 0.2 0.2 0.2 0.2 0.2 0.2 0.2 0.2 0.2 0.2 0.2 0.2 
#total catch biomass 
886.9983 1750.513 2292.237 3963.674 5540 10394.97 13746.25 16988.4 33289.68 41524.16 56725.93 69976.02 102924.7 97982.72 78672.33 103027.7 78758.48 80716.08 68220.16 67761.75 70133.42 85671.5 80310.48 89765.4 96096.72 109367.3 105597.7 83761.7 
#catch CV 
0.1 0.1 0.1 0.1 0.1 0.1 0.1 0.1 0.1 0.1 0.1 0.1 0.1 0.1 0.1 0.1 0.1 0.1 0.1 0.1 0.1 0.1 0.1 0.1 0.1 0.1 0.1 0.1 
#Length Bins 
0.7268801 2.18064 3.634401 5.088161 6.541921 7.995682 9.449442 10.9032 12.35696 13.81072 15.26448 16.71824 18.172 19.62576 21.07952 22.53328 23.98704 25.44081 26.89457 28.34833 29.80209 31.25585 32.70961 34.16337 35.61713 
#catch length counts 
6.500295e-08 7.058556e-06 0.0004518946 0.0170568 0.3795768 4.98031 38.53299 175.9369 475.8554 776.7677 832.1169 757.5518 757.6923 706.3329 523.828 326.9145 177.379 78.84239 27.65357 7.578472 1.589394 0.2477867 0.0278431 0.002181616 0.0001155075 
1.723724e-07 1.871762e-05 0.001198317 0.04523055 1.006542 13.2062 102.1643 466.1692 1256.724 2018.251 2007.753 1443.561 1037.89 814.6134 572.0464 347.1487 182.9473 78.8487 26.84504 7.141502 1.444761 0.2144333 0.02263078 0.001652828 8.146959e-05 
2.418545e-07 2.626255e-05 0.00168135 0.06346271 1.412279 18.52999 143.3638 654.4686 1768.33 2869.984 2987.791 2473.953 2144.087 1743.766 1070.709 505.241 208.0399 77.10542 24.16558 6.059971 1.162833 0.1638205 0.01635777 0.001123094 5.166115e-05 
4.753414e-07 5.161648e-05 0.00330453 0.1247297 2.775692 36.41856 281.7537 1285.963 3470.845 5602.676 5689.74 4350.56 3383.259 2665.353 1734.85 913.0565 395.9331 133.8909 34.21283 6.838005 1.099341 0.1376778 0.01263675 0.0008073891 3.464533e-05 
7.224686e-07 7.845159e-05 0.005022537 0.1895761 4.218768 55.353 428.2581 1954.972 5280.513 8550.914 8788.477 6934.328 5553.553 4304.562 2632.299 1265.678 512.2547 170.4245 43.74822 8.398282 1.18855 0.1228727 0.009238023 0.0004989116 1.880393e-05 
1.362123e-06 0.0001479105 0.009469354 0.3574216 7.953953 104.361 807.422 3685.681 9952.564 16090.63 16401.66 12561.57 9582.508 7237.95 4458.093 2191.95 888.3747 284.589 68.7929 12.47053 1.684459 0.1648361 0.01131518 0.0005328615 1.698436e-05 
1.833738e-06 0.0001991224 0.01274799 0.4811744 10.70795 140.4978 1087.089 4963.927 13423.15 21829.3 22749.31 18482.05 15080.59 11543.97 6891.465 3207.675 1229.525 378.0569 88.35512 15.34162 1.951558 0.177815 0.01132813 0.000493811 1.442774e-05 
2.826176e-06 0.0003068895 0.01964733 0.7415911 16.50322 216.5368 1675.424 7650.042 20680.03 33567.2 34658.36 27298.92 21295.38 16043.74 9818.626 4791.976 1889.944 573.7624 128.5428 21.14452 2.543769 0.2189279 0.01310098 0.0005320755 1.438135e-05 
4.208912e-06 0.0004570384 0.02926 1.104424 24.5777 322.4856 2495.327 11396.22 30832.64 50200.37 52349.41 42126.16 33382.55 24912.03 14863.01 7046.003 2729.829 830.3795 188.5692 31.18479 3.682541 0.3035345 0.01712181 0.0006503889 1.637637e-05 
5.618218e-06 0.0006100725 0.03905738 1.474229 32.80739 430.4727 3331.046 15215.19 41185.05 67155.81 70278.72 56757.63 44764.61 33059.67 19569.74 9179.163 3467.767 1013.533 220.2003 35.06316 4.027078 0.3243291 0.0177884 0.0006492369 1.549487e-05 
7.50985e-06 0.0008154816 0.05220787 1.970599 43.85386 575.4293 4453.139 20347.56 55148.49 90341.13 95937.1 79968.03 64993.8 48512.14 28895.11 13660.49 5172.422 1502.299 321.6887 49.93276 5.525273 0.4257383 0.02231368 0.0007793217 1.780403e-05 
1.011358e-05 0.001098216 0.07030883 2.653827 59.0586 774.945 5997.293 27404.7 74279.32 121620.5 128615 105433.7 83269.26 60887.86 36007.6 16952.93 6341.231 1803.586 376.3823 56.72327 6.063953 0.4485829 0.02241984 0.0007422714 1.601138e-05 
1.288539e-05 0.001399202 0.08957825 3.381163 75.24536 987.367 7641.926 34931.12 94783.45 155740.7 166277.2 138471.6 109893.7 79018.98 45318.09 20533.62 7389.087 2030.644 410.3269 59.73094 6.137972 0.4343892 0.02068501 0.0006499636 1.325455e-05 
1.237331e-05 0.001343597 0.08601846 3.246812 72.25667 948.2073 7340.497 33581.05 91393.18 151736.5 167149.4 148222.3 124500.6 90980.15 51739.83 22892.59 7911.054 2058.824 390.9151 53.39548 5.16255 0.3447956 0.01551005 0.0004599505 8.835494e-06 
1.182106e-05 0.001283629 0.08217933 3.101911 69.03261 905.9281 7013.931 32097.65 87440.77 145545.1 161158.5 143761.1 121459.4 90381.85 53405.69 24634.31 8680.199 2239.876 412.7078 53.78903 4.897323 0.3054925 0.01279243 0.0003530907 6.319973e-06 
1.005368e-05 0.001091713 0.06989275 2.638163 58.71333 770.5678 5967.59 27335.25 74704.56 125609.4 142899.5 133506.8 116946.1 88258.34 52676.31 24658.29 8862.315 2341.475 440.3817 57.74665 5.175846 0.3111193 0.01234523 0.0003191516 5.311579e-06 
1.11053e-05 0.001205907 0.07720364 2.914118 64.85459 851.1507 6591.004 30176.92 82303.67 137259.1 151931.2 133868.5 110819 82449.39 50087.11 23974.66 8723.504 2317.993 438.2094 57.74527 5.181826 0.3093319 0.01204793 0.0003015923 4.795501e-06 
1.069478e-05 0.00116133 0.07434994 2.806423 62.45931 819.7793 6349.675 29095.13 79546.37 133575.1 150166.9 134731.2 110640 78555.26 44525.84 19952.38 6951.058 1806.142 337.0234 43.85067 3.874542 0.227099 0.008660067 0.0002114618 3.263324e-06 
1.329493e-05 0.001443676 0.09242606 3.488723 77.64394 1019.044 7891.946 36139.68 98559.3 163944.1 178787.1 150100.4 114371.6 77808.41 43101.66 18684.73 6158.497 1493.881 260.6749 32.06788 2.710031 0.152989 0.005631572 0.0001326589 1.971424e-06 
1.217979e-05 0.001322587 0.08467421 3.196174 71.13685 933.8022 7235.782 33193 91018.8 153856.3 174653.4 156452.2 124133.2 82603.56 42837.4 17170.89 5275.175 1201.904 196.5057 22.48526 1.760374 0.09223685 0.003169085 7.0118e-05 9.835784e-07 
1.673377e-05 0.001817097 0.1163334 4.391179 97.73167 1282.793 9936.659 45525.94 124277 206898.6 224756.4 184702 134794.3 87512.21 46165.6 18710.01 5610.662 1207.375 183.2521 19.36987 1.400451 0.06773751 0.002146027 4.375855e-05 5.661911e-07 
1.671865e-05 0.001815459 0.1162295 4.387369 97.65452 1282.089 9938.532 45636.47 125409.6 212712.8 241527.7 212598.8 161435.8 101495.4 49453.56 18460.77 5224.935 1083.083 158.4388 15.90965 1.07397 0.04790711 0.001391434 2.596525e-05 3.075046e-07 
1.880418e-05 0.002041927 0.1307286 4.934677 109.8364 1441.993 11176.77 51294.97 140659 236773.8 262982.8 221894.6 161964.9 100859.9 49491.57 18277.58 4929.084 945.476 126.8695 11.75616 0.7388644 0.03080154 0.0008339512 1.442107e-05 1.57291e-07 
2.338277e-05 0.002539115 0.1625603 6.136315 136.5865 1793.312 13902.14 63825.02 175113.3 294785.9 326086.2 270466.1 190619.9 113711.6 53619.25 19211 5076.607 955.2986 124.263 10.94084 0.6413865 0.02467392 0.0006146331 9.790976e-06 9.857463e-08 
2.387643e-05 0.002592732 0.1659951 6.266197 139.4915 1831.966 14212.78 65389.5 180421.2 308041.7 351115.7 304109.6 220657.2 130905.1 59721.27 20382.23 5101.035 910.3635 112.7814 9.48281 0.530033 0.01932002 0.0004518957 6.6973e-06 6.227723e-08 
2.428429e-05 0.002637033 0.1688334 6.373531 141.8921 1863.874 14467.79 66647.18 184440.7 316944 365539.3 321641.3 237069.6 142838.4 65992.42 22494.5 5499.683 939.5395 109.9568 8.679806 0.4548325 0.01555501 0.0003416397 4.752505e-06 4.139861e-08 
2.432629e-05 0.002641606 0.1691281 6.384844 142.1542 1867.636 14502.69 66864.54 185342.7 319247.8 368585 322498.9 234291.3 138770.3 63124.94 21194.77 5092.222 849.9001 96.23142 7.259511 0.3592628 0.01150043 0.0002351656 3.038451e-06 2.457027e-08 
2.48727e-05 0.002700957 0.1729308 6.528653 145.3696 1910.304 14841.56 68502.74 190303.1 328977.1 381083.7 332413.6 237922.5 137603.8 60835.59 19789.29 4598.087 741.593 81.03183 5.880728 0.2785631 0.008480367 0.0001637684 1.985027e-06 1.497305e-08 
#survey length counts 
3.242894e-07 3.521402e-05 0.00225443 0.08509356 1.893634 24.845 192.197 876.8482 2362.131 3780.485 3703.495 2519.97 1636.979 1206.422 834.4703 506.9849 270.2245 118.6351 41.35938 11.33778 2.379635 0.3687677 0.04088043 0.003153621 0.0001649916 
4.433586e-07 4.814352e-05 0.003082188 0.1163374 2.588928 33.96796 262.7898 1199.333 3236.427 5222.643 5309.564 4104.671 3271.11 2577.824 1581.003 749.1328 310.9999 117.1608 37.60701 9.727836 1.939071 0.2856406 0.03000312 0.002178556 0.0001064664 
7.944744e-07 8.627057e-05 0.005523113 0.2084702 4.639214 60.86841 470.8913 2148.804 5794.676 9318.093 9314.67 6782.635 4916.295 3751.049 2435.924 1291.819 569.3892 196.9794 51.64014 10.6305 1.7731 0.2322564 0.02244943 0.001518766 6.931472e-05 
1.24037e-06 0.0001346896 0.008622938 0.3254734 7.242967 95.03139 735.2064 3355.409 9054.071 14597.92 14746.9 11072.36 8319.922 6291.449 3850.966 1866.03 766.4785 260.9245 68.93981 13.69298 2.01555 0.2178591 0.0172281 0.0009849421 3.951624e-05 
2.147758e-06 0.0002332212 0.01493102 0.5635724 12.54154 164.5515 1273.048 5810.034 15676.16 25257.31 25407.53 18739.28 13605.06 10084.92 6229.6 3094.664 1277.297 419.6504 104.5052 19.6151 2.760498 0.2831034 0.02046871 0.001019986 3.456114e-05 
2.928019e-06 0.0003179484 0.02035533 0.7683138 17.09784 224.3356 1735.673 7923.544 21404.04 34661.74 35572.99 27798.77 21753.96 16473.92 9895.689 4659.008 1819.258 574.1816 138.4709 24.93983 3.309802 0.3163476 0.02124808 0.0009810993 3.04871e-05 
4.531794e-06 0.0004920995 0.03150462 1.189145 26.46291 347.212 2686.356 12263.18 33119.71 53562.55 54586.54 41584.63 31236.21 23286.21 14340.06 7092.477 2858.332 892.7062 206.65 35.29596 4.435246 0.4009588 0.02532683 0.001090466 3.136699e-05 
6.411125e-06 0.0006961727 0.04456957 1.682284 37.4372 491.2084 3800.636 17353.38 46905.15 76096 78405.93 61359.13 47332.96 35203.61 21191.17 10190.25 4035.967 1264.191 297.2066 51.15894 6.322581 0.5481104 0.03266576 0.001316598 3.530899e-05 
8.963085e-06 0.0009732857 0.06231059 2.351923 52.33931 686.7432 5313.73 24265.03 65615.12 106596.1 110221 86658.49 66673.33 49134.82 29372.8 13995.85 5413.943 1631.193 367.1468 60.89933 7.329895 0.6219529 0.03609954 0.001399637 3.560353e-05 
1.123451e-05 0.001219936 0.07810136 2.947952 65.60358 860.8011 6661.063 30427.39 82381.83 134465 141251 115270.8 92307.15 69159.3 41694.23 20059.8 7790.896 2336.458 519.208 84.09269 9.764647 0.7935996 0.04407017 0.001637281 3.992079e-05 
1.47312e-05 0.001599635 0.1024101 3.865492 86.02267 1128.734 8734.606 39902.04 108050.1 176360.2 184847.4 149084.9 116631.5 85830.42 51450.89 24692.59 9488.979 2790.392 605.1072 95.29018 10.70533 0.8364291 0.04434459 0.001563276 3.602271e-05 
1.799766e-05 0.001954335 0.1251183 4.722628 105.098 1379.06 10672.64 48770.54 132210.4 216599.4 229506.9 188943.2 149579 108707.4 63323.5 29282.55 10836.29 3082.465 648.1294 98.72587 10.67561 0.798965 0.04040467 0.001353285 2.950798e-05 
1.763309e-05 0.001914748 0.122584 4.626986 102.971 1351.22 10459.23 47830.6 130018.1 215103.9 235011.1 206337.2 173575.8 128513.2 74342.23 33625.64 11968.3 3227.854 638.3238 91.31264 9.299436 0.6575401 0.0314475 0.0009950664 2.045694e-05 
1.740032e-05 0.001889472 0.1209659 4.56592 101.6128 1333.435 10322.52 47219.6 128475.4 213093.2 234110.2 207026.5 175355.1 132235.9 79554.33 37597.7 13676.33 3663.707 704.151 96.2407 9.239087 0.6106368 0.02720648 0.0008019026 1.537405e-05 
1.498147e-05 0.001626814 0.1041504 3.931233 87.48979 1148.182 8890.596 40704.51 111080.1 186053.3 210053.6 195026.7 171833.5 131609.8 80031.56 38414.98 14267.25 3919.381 770.6067 106.2015 10.05354 0.640996 0.02708148 0.0007479931 1.333938e-05 
1.589582e-05 0.001726101 0.1105069 4.171163 92.82926 1218.238 9432.342 43168.8 117605.1 195581.7 215380.1 189208.9 157861 119337.3 73979.07 36379.5 13698.89 3789.291 749.9326 104.0445 9.879679 0.6266825 0.02602532 0.0006966857 1.187608e-05 
1.532421e-05 0.001664032 0.1065334 4.021203 89.49376 1174.546 9096.128 41661 113764.2 190503.9 213264.7 191355.3 158975.1 114954.1 66530.92 30618.68 11040.78 2989.609 584.9017 80.24985 7.514576 0.4687308 0.01908752 0.0004991209 8.267451e-06 
1.876892e-05 0.002038088 0.1304809 4.92512 109.6103 1438.523 11139.12 50990.89 138931.8 230636.3 250847 210964.5 162846.1 113034.2 64088.69 28601.44 9771.583 2471.493 452.3301 58.72245 5.265849 0.3168208 0.01247169 0.0003150292 5.031039e-06 
1.773686e-05 0.001926021 0.1233067 4.654389 103.5898 1359.715 10534.09 48299.31 132281.6 223076.1 252647.6 227304 183288.3 124649.1 66199.47 27320.51 8706.195 2071.152 355.6364 42.98106 3.572641 0.1996327 0.00734186 0.0001743906 2.63212e-06 
2.371346e-05 0.00257501 0.1648558 6.222689 138.4918 1817.701 14078.1 64476.94 175861.9 292329.8 317205.5 261925.8 194324.3 129148.1 69975.68 29293.68 9131.365 2053.689 327.546 36.59195 2.811096 0.1451081 0.004923629 0.0001078325 1.502113e-06 
2.331332e-05 0.002531565 0.1620755 6.117873 136.1683 1787.588 13854.2 63584.83 174545.5 295573.3 335624.4 297957.7 230890.8 148818.4 74457.95 28691.22 8445.673 1833.019 282.3259 30.00133 2.153064 0.1025209 0.003189764 6.395353e-05 8.157207e-07 
2.741492e-05 0.002976954 0.1905903 7.194231 160.1251 2102.052 16289.7 74726.78 204723 344147.7 382314.8 325185.9 242169.2 154804 78210.37 29898.96 8398.159 1686.955 238.3439 23.38675 1.564389 0.0696911 0.002022644 3.758749e-05 4.415114e-07 
3.402688e-05 0.003694943 0.2365581 8.92947 198.7522 2609.304 20223.86 92806.73 254409.8 427813.7 473687.6 396568 285563.1 175075.1 85061.29 31571.56 8702.009 1718.183 235.7254 21.99636 1.37271 0.05643597 0.001507498 2.582265e-05 2.80173e-07 
3.522879e-05 0.003825471 0.2449174 9.245293 205.7998 2702.506 20961.18 96383.48 265672.7 453132.4 517469.2 453360.9 336673.7 205441.8 96648.14 34196.58 8932.875 1674.127 218.9898 19.54017 1.164081 0.04538372 0.001138631 1.814445e-05 1.817914e-07 
3.517925e-05 0.003820104 0.2445762 9.232652 205.5329 2699.502 20948.02 96441.18 266625.4 457799.8 529377.7 471727.8 356194.2 220988.3 105471.7 37345.49 9543.421 1713.498 211.8683 17.75954 0.9926577 0.03634344 0.0008569919 1.282827e-05 1.20463e-07 
3.546994e-05 0.003851686 0.2466005 9.309305 207.2524 2722.513 21134.42 97380.06 269668.4 464226.9 537687.7 476820.3 355153.3 216808.4 101998.8 35621.08 8958.186 1573.757 188.5052 15.11338 0.7981563 0.02735984 0.0006008323 8.357014e-06 7.289022e-08 
3.566353e-05 0.003872727 0.247951 9.360598 208.4117 2738.297 21267.18 98098.15 272268.6 470525.7 547190.3 484261.9 355728.3 212283.8 97177.84 32916.03 8014.492 1362.256 157.6723 12.17637 0.6161327 0.02009992 0.0004170173 5.442053e-06 4.427507e-08 
3.658164e-05 0.003972448 0.2543392 9.602099 213.8063 2809.705 21830.79 100782.1 280121.5 484862.8 563125.7 492985.7 353695.7 204457.2 90147.68 29231.9 6779.697 1094.519 120.1681 8.79865 0.4219995 0.01304006 0.0002558991 3.151596e-06 2.412754e-08 
