# Number of parameters = 78 Objective function value = 23444.5550538947  Maximum gradient component = 0.0289732677154170
# srv_sel50:
1.26125769064
# srv_sel95:
2.36822178338
# stNatLen:
 11.8351623312 10.7971053100 9.28645119976 8.11241897499 7.27315088834 6.65975291872 6.19550184620 5.83463304922 5.54997172689 5.32479275218 5.14838711217 5.01370234656 4.91605660338 4.85241743887 4.82099701499
# log_avg_fmort_dir:
0.549531536756
# fmort_dir_dev:
 -0.713817194891 -0.290803634815 -0.503562120510 -0.295027611539 -0.256189667050 -0.107114365770 -0.342552178534 -0.215847730616 -0.208251941112 -0.174390786618 -0.200354468072 -0.00585137556719 -0.0805727431886 -0.159209419587 0.105120983177 0.266705833600 0.255106789056 0.120370948538 0.226158986029 0.199274448157 0.125936906270 0.189782802095 0.290311577143 0.405604708894 0.380264812451 0.498568947950 0.250600906908 0.239736587602
# mean_log_rec:
13.9299510302
# rec_dev:
 -2.19231253278 -1.82154120680 -1.42352317586 -1.49930425821 -1.31658652348 -1.04570420323 -0.626831215863 -0.304925976713 -0.0139888346311 0.203677087619 0.323281106523 0.545816142156 0.675586680837 0.541180204225 0.426696590490 0.349572013315 0.320819222727 0.394206615539 0.500671411842 0.526348975059 0.531113197520 0.634395425150 0.707124453279 0.689833254207 0.656570932845 0.659400744087 0.779211934600 0.779211935532
# log_avg_NatM:
-0.201020796469
# m_dev:
 0.00000000000 0.00000000000 0.00000000000 0.00000000000 0.00000000000 0.00000000000 0.00000000000 0.00000000000 0.00000000000 0.00000000000 0.00000000000 0.00000000000 0.00000000000 0.00000000000 0.00000000000 0.00000000000 0.00000000000 0.00000000000 0.00000000000 0.00000000000 0.00000000000 0.00000000000 0.00000000000 0.00000000000 0.00000000000 0.00000000000 0.00000000000 0.00000000000
# log_avg_GrowthK:
-1.20372700000
# log_avg_Linf:
3.45755400000
# GrowthK_dev:
 0.00000000000 0.00000000000 0.00000000000 0.00000000000 0.00000000000 0.00000000000 0.00000000000 0.00000000000 0.00000000000 0.00000000000 0.00000000000 0.00000000000 0.00000000000 0.00000000000 0.00000000000 0.00000000000 0.00000000000 0.00000000000 0.00000000000 0.00000000000 0.00000000000 0.00000000000 0.00000000000 0.00000000000 0.00000000000 0.00000000000 0.00000000000 0.00000000000
# Linf_dev:
 0.00000000000 0.00000000000 0.00000000000 0.00000000000 0.00000000000 0.00000000000 0.00000000000 0.00000000000 0.00000000000 0.00000000000 0.00000000000 0.00000000000 0.00000000000 0.00000000000 0.00000000000 0.00000000000 0.00000000000 0.00000000000 0.00000000000 0.00000000000 0.00000000000 0.00000000000 0.00000000000 0.00000000000 0.00000000000 0.00000000000 0.00000000000 0.00000000000
# SelPars50:
1.05364109479
# SelPars95:
1.17545090945
# SelPars_dev50:
 0.00000000000 0.00000000000 0.00000000000 0.00000000000 0.00000000000 0.00000000000 0.00000000000 0.00000000000 0.00000000000 0.00000000000 0.00000000000 0.00000000000 0.00000000000 0.00000000000 0.00000000000 0.00000000000 0.00000000000 0.00000000000 0.00000000000 0.00000000000 0.00000000000 0.00000000000 0.00000000000 0.00000000000 0.00000000000 0.00000000000 0.00000000000 0.00000000000
# SelPars_dev95:
 0.00000000000 0.00000000000 0.00000000000 0.00000000000 0.00000000000 0.00000000000 0.00000000000 0.00000000000 0.00000000000 0.00000000000 0.00000000000 0.00000000000 0.00000000000 0.00000000000 0.00000000000 0.00000000000 0.00000000000 0.00000000000 0.00000000000 0.00000000000 0.00000000000 0.00000000000 0.00000000000 0.00000000000 0.00000000000 0.00000000000 0.00000000000 0.00000000000
