# Number of parameters = 79 Objective function value = 20726.8148419733  Maximum gradient component = 0.113236491455340
# srv_sel50:
0.998319271839
# srv_sel95:
1.00413769527
# stNatLen:
 10.6596604290 9.60565258833 8.18551266787 7.20805233735 6.54541509013 6.05782383528 5.68133541156 5.38325083866 5.14473084754 4.95404028094 4.80349282619 4.68791159130 4.60379259482 4.54882800643 4.52164359645
# log_avg_fmort_dir:
0.310876734465
# fmort_dir_dev:
 0.174418829181 0.191473931513 0.126551057025 0.189486707167 0.252946165632 0.247108719122 0.305182934429 0.203616961776 0.164550623023 0.344320415766 0.306896224352 0.320088183011 0.342281511286 0.380102438427 0.443395328471 0.508447925326 0.528208577671 0.522309721988 0.495401124226 0.502884335933 0.586311239014 0.564334474217 0.581821775888 0.616212395105 0.569122474241 0.654018640654 0.712982955233 0.545288253793 -11.3797639235
# mean_log_rec:
13.3182680990
# rec_dev:
 -2.41172476542 -2.06115629247 -1.64024280259 -1.34050293166 -1.42240612737 -1.30854746679 -0.928360339387 -0.508583102480 -0.210195357504 0.0167371849954 0.373821659872 0.620952912612 0.730232445564 0.592784655149 0.508103856548 0.479974609062 0.444015298178 0.434229221416 0.480890802031 0.565287398283 0.613655222989 0.665603789371 0.719789399215 0.853073695925 0.904283999898 0.830202691949 0.564136043368 0.716972149231 0.716972150019
# log_avg_NatM:
-1.36837500000
# m_dev:
 0.00000000000 0.00000000000 0.00000000000 0.00000000000 0.00000000000 0.00000000000 0.00000000000 0.00000000000 0.00000000000 0.00000000000 0.00000000000 0.00000000000 0.00000000000 0.00000000000 0.00000000000 0.00000000000 0.00000000000 0.00000000000 0.00000000000 0.00000000000 0.00000000000 0.00000000000 0.00000000000 0.00000000000 0.00000000000 0.00000000000 0.00000000000 0.00000000000 0.00000000000
# log_avg_GrowthK:
-1.19613400000
# log_avg_Linf:
3.45239700000
# GrowthK_dev:
 0.00000000000 0.00000000000 0.00000000000 0.00000000000 0.00000000000 0.00000000000 0.00000000000 0.00000000000 0.00000000000 0.00000000000 0.00000000000 0.00000000000 0.00000000000 0.00000000000 0.00000000000 0.00000000000 0.00000000000 0.00000000000 0.00000000000 0.00000000000 0.00000000000 0.00000000000 0.00000000000 0.00000000000 0.00000000000 0.00000000000 0.00000000000 0.00000000000 0.00000000000
# Linf_dev:
 0.00000000000 0.00000000000 0.00000000000 0.00000000000 0.00000000000 0.00000000000 0.00000000000 0.00000000000 0.00000000000 0.00000000000 0.00000000000 0.00000000000 0.00000000000 0.00000000000 0.00000000000 0.00000000000 0.00000000000 0.00000000000 0.00000000000 0.00000000000 0.00000000000 0.00000000000 0.00000000000 0.00000000000 0.00000000000 0.00000000000 0.00000000000 0.00000000000 0.00000000000
# SelPars50:
1.00873640406
# SelPars95:
1.12200429743
# SelPars_dev50:
 0.00000000000 0.00000000000 0.00000000000 0.00000000000 0.00000000000 0.00000000000 0.00000000000 0.00000000000 0.00000000000 0.00000000000 0.00000000000 0.00000000000 0.00000000000 0.00000000000 0.00000000000 0.00000000000 0.00000000000 0.00000000000 0.00000000000 0.00000000000 0.00000000000 0.00000000000 0.00000000000 0.00000000000 0.00000000000 0.00000000000 0.00000000000 0.00000000000 0.00000000000
# SelPars_dev95:
 0.00000000000 0.00000000000 0.00000000000 0.00000000000 0.00000000000 0.00000000000 0.00000000000 0.00000000000 0.00000000000 0.00000000000 0.00000000000 0.00000000000 0.00000000000 0.00000000000 0.00000000000 0.00000000000 0.00000000000 0.00000000000 0.00000000000 0.00000000000 0.00000000000 0.00000000000 0.00000000000 0.00000000000 0.00000000000 0.00000000000 0.00000000000 0.00000000000 0.00000000000
