# Number of parameters = 78 Objective function value = 25114.8043240919  Maximum gradient component = 0.000640732490842255
# srv_sel50:
2.23568936121
# srv_sel95:
5.07927072487
# stNatLen:
 11.4525705339 9.96130424709 8.67994053336 7.76090110418 7.08681141254 6.57592886110 6.17826134941 5.86327883248 5.61179608965 5.41133417777 5.25353826749 5.13271618823 5.04498875323 4.98778543590 4.95954569560
# log_avg_fmort_dir:
0.554876462762
# fmort_dir_dev:
 -0.195107171588 -0.310374179015 -0.0210085373316 -0.129697040483 -0.0604808503793 -0.0476112401552 -0.0454075555763 0.0157223430701 -0.227456588737 0.107653153922 -0.0776775793370 -0.0672528149545 0.146874518138 0.209936454053 0.272756655024 0.431615078557 0.240008521695 0.0285720786409 -0.0629902406392 -0.0906578589313 -0.100015395406 -0.136833495099 -0.122178627430 -0.0965530013970 0.0865754304946 0.0388085175785 0.0561901897617 0.156589235526
# mean_log_rec:
14.6350186069
# rec_dev:
 -2.46840618859 -2.02963127939 -1.80354377503 -1.47530927200 -1.28896027496 -1.08585054372 -0.749526653895 -0.307569346045 -0.0334060002856 0.143762756610 0.518009141029 0.671540826493 0.728960793582 0.672342887231 0.580529099073 0.494739215180 0.511486189793 0.560152631505 0.586847260016 0.728581772306 0.754690452089 0.727099547925 0.778832812951 0.760212619719 0.646088711965 0.536194936982 0.421065875124 0.421065804342
# log_avg_NatM:
0.415511720442
# m_dev:
 0.00000000000 0.00000000000 0.00000000000 0.00000000000 0.00000000000 0.00000000000 0.00000000000 0.00000000000 0.00000000000 0.00000000000 0.00000000000 0.00000000000 0.00000000000 0.00000000000 0.00000000000 0.00000000000 0.00000000000 0.00000000000 0.00000000000 0.00000000000 0.00000000000 0.00000000000 0.00000000000 0.00000000000 0.00000000000 0.00000000000 0.00000000000 0.00000000000
# log_avg_GrowthK:
-1.02151300000
# log_avg_Linf:
3.36611700000
# GrowthK_dev:
 0.00000000000 0.00000000000 0.00000000000 0.00000000000 0.00000000000 0.00000000000 0.00000000000 0.00000000000 0.00000000000 0.00000000000 0.00000000000 0.00000000000 0.00000000000 0.00000000000 0.00000000000 0.00000000000 0.00000000000 0.00000000000 0.00000000000 0.00000000000 0.00000000000 0.00000000000 0.00000000000 0.00000000000 0.00000000000 0.00000000000 0.00000000000 0.00000000000
# Linf_dev:
 0.00000000000 0.00000000000 0.00000000000 0.00000000000 0.00000000000 0.00000000000 0.00000000000 0.00000000000 0.00000000000 0.00000000000 0.00000000000 0.00000000000 0.00000000000 0.00000000000 0.00000000000 0.00000000000 0.00000000000 0.00000000000 0.00000000000 0.00000000000 0.00000000000 0.00000000000 0.00000000000 0.00000000000 0.00000000000 0.00000000000 0.00000000000 0.00000000000
# SelPars50:
2.17817346304
# SelPars95:
3.90336371058
# SelPars_dev50:
 0.00000000000 0.00000000000 0.00000000000 0.00000000000 0.00000000000 0.00000000000 0.00000000000 0.00000000000 0.00000000000 0.00000000000 0.00000000000 0.00000000000 0.00000000000 0.00000000000 0.00000000000 0.00000000000 0.00000000000 0.00000000000 0.00000000000 0.00000000000 0.00000000000 0.00000000000 0.00000000000 0.00000000000 0.00000000000 0.00000000000 0.00000000000 0.00000000000
# SelPars_dev95:
 0.00000000000 0.00000000000 0.00000000000 0.00000000000 0.00000000000 0.00000000000 0.00000000000 0.00000000000 0.00000000000 0.00000000000 0.00000000000 0.00000000000 0.00000000000 0.00000000000 0.00000000000 0.00000000000 0.00000000000 0.00000000000 0.00000000000 0.00000000000 0.00000000000 0.00000000000 0.00000000000 0.00000000000 0.00000000000 0.00000000000 0.00000000000 0.00000000000
