# Number of parameters = 106 Objective function value = 26531.5029318427  Maximum gradient component = 0.000500310322989006
# srv_sel50:
2.27638914484
# srv_sel95:
3.67380860844
# stNatLen:
 12.5230376834 11.8572745798 10.3850443871 9.29470203833 8.49533750473 7.89667164142 7.43682501128 7.07625149862 6.79026877645 6.56321814006 6.38488361276 6.24845743728 6.14938934417 6.08472709339 6.05274300839
# log_avg_fmort_dir:
1.05684902378
# fmort_dir_dev:
 -0.236583509585 -0.443408841444 -0.824460958588 -1.33612111953 -0.752084340508 -0.418779637636 -0.546652674607 -0.130637247879 -0.0457922597778 -0.126367743486 -0.0145510335941 0.149104570711 -0.109827822266 -0.155993111071 -0.0796307387387 0.340086090268 0.0556269526373 0.256704858655 0.0727075111174 0.354978030844 0.620933097144 0.322510729050 0.267988888981 0.310365774905 0.450362013255 0.619845800529 0.749371142117 0.650305578504
# mean_log_rec:
16.4006154088
# rec_dev:
 -3.24281655427 -2.49523162368 -2.66458008156 -1.87111162809 -0.958006020253 -0.778461286047 -0.529439839620 -0.562970994125 -0.0963674221195 0.0159119270414 0.411891536812 0.533560188970 0.566099936284 0.649782707012 0.507092818225 0.827322010123 0.634672942613 0.720480386176 0.646515410292 0.581974567482 0.636030897143 0.768719852402 0.985075766812 0.825131388951 0.930975056803 0.967648842035 0.995049607875 0.995049606708
# log_avg_NatM:
0.705366221191
# m_dev:
 -1.53573548473 -0.947387365046 -0.321176428736 -0.437473065622 -0.520056554752 -0.0101698154492 -0.126590868345 0.0898593782421 -0.236549923466 -0.0190127711716 -0.0997478724824 0.0614324442337 0.0187138280198 0.00501321560128 0.182213138320 -0.0376713893722 0.250937092657 0.136209344460 0.220468310206 0.245653634446 0.237971412005 0.289534359968 0.351476312467 0.527904677133 0.396367027655 0.383381547406 0.390785736533 0.503650079817
# log_avg_GrowthK:
-1.20372700000
# log_avg_Linf:
3.45755400000
# GrowthK_dev:
 0.00000000000 0.00000000000 0.00000000000 0.00000000000 0.00000000000 0.00000000000 0.00000000000 0.00000000000 0.00000000000 0.00000000000 0.00000000000 0.00000000000 0.00000000000 0.00000000000 0.00000000000 0.00000000000 0.00000000000 0.00000000000 0.00000000000 0.00000000000 0.00000000000 0.00000000000 0.00000000000 0.00000000000 0.00000000000 0.00000000000 0.00000000000 0.00000000000
# Linf_dev:
 0.00000000000 0.00000000000 0.00000000000 0.00000000000 0.00000000000 0.00000000000 0.00000000000 0.00000000000 0.00000000000 0.00000000000 0.00000000000 0.00000000000 0.00000000000 0.00000000000 0.00000000000 0.00000000000 0.00000000000 0.00000000000 0.00000000000 0.00000000000 0.00000000000 0.00000000000 0.00000000000 0.00000000000 0.00000000000 0.00000000000 0.00000000000 0.00000000000
# SelPars50:
2.27338333413
# SelPars95:
3.50887341423
# SelPars_dev50:
 0.00000000000 0.00000000000 0.00000000000 0.00000000000 0.00000000000 0.00000000000 0.00000000000 0.00000000000 0.00000000000 0.00000000000 0.00000000000 0.00000000000 0.00000000000 0.00000000000 0.00000000000 0.00000000000 0.00000000000 0.00000000000 0.00000000000 0.00000000000 0.00000000000 0.00000000000 0.00000000000 0.00000000000 0.00000000000 0.00000000000 0.00000000000 0.00000000000
# SelPars_dev95:
 0.00000000000 0.00000000000 0.00000000000 0.00000000000 0.00000000000 0.00000000000 0.00000000000 0.00000000000 0.00000000000 0.00000000000 0.00000000000 0.00000000000 0.00000000000 0.00000000000 0.00000000000 0.00000000000 0.00000000000 0.00000000000 0.00000000000 0.00000000000 0.00000000000 0.00000000000 0.00000000000 0.00000000000 0.00000000000 0.00000000000 0.00000000000 0.00000000000
