#Simulated generalized assessment 
# 
#start/end year 
73 100 
#number of ages 
15 
#ages 
1 2 3 4 5 6 7 8 9 10 11 12 13 14 15 
#Number of length bins 
25 
#CPUE years 
28 
#years for CPUE 
73 74 75 76 77 78 79 80 81 82 83 84 85 86 87 88 89 90 91 92 93 94 95 96 97 98 99 100 
#survey years 
28 
#years for survey 
73 74 75 76 77 78 79 80 81 82 83 84 85 86 87 88 89 90 91 92 93 94 95 96 97 98 99 100 
#length freq from catch years 
28 
#years for length freq catch 
73 74 75 76 77 78 79 80 81 82 83 84 85 86 87 88 89 90 91 92 93 94 95 96 97 98 99 100 
#catch length sample sizes 
200 200 200 200 200 200 200 200 200 200 200 200 200 200 200 200 200 200 200 200 200 200 200 200 200 200 200 200 
#length freq from survey years 
28 
#years for length freq survey 
73 74 75 76 77 78 79 80 81 82 83 84 85 86 87 88 89 90 91 92 93 94 95 96 97 98 99 100 
#survey sample sizes 
200 200 200 200 200 200 200 200 200 200 200 200 200 200 200 200 200 200 200 200 200 200 200 200 200 200 200 200 
#total survey biomass 
18384.63 15685.44 21379.76 24167.8 38579.31 38671.61 40182.34 34638.69 67475.73 83045.27 75137.01 75256.05 93570.45 106409 117280.7 146248 165084.1 195389.2 174043.4 85177.05 116905.8 99200.16 110750.6 104447.6 117167.5 167166.6 134782.8 113007.6 
#survey CV 
0.2 0.2 0.2 0.2 0.2 0.2 0.2 0.2 0.2 0.2 0.2 0.2 0.2 0.2 0.2 0.2 0.2 0.2 0.2 0.2 0.2 0.2 0.2 0.2 0.2 0.2 0.2 0.2 
#total CPUE 
11158.18 12140.1 22768.99 24416.36 39279.25 32373.87 38961.62 48449.19 59497.34 61497.91 80874.62 89958.53 133406.6 120786.4 95250.39 153179.8 113538.3 133814.3 135220.9 163658.5 116883.9 134916 140210.4 115347.2 105526.1 98521.41 146966.9 136096.3 
#CPUE CV 
0.2 0.2 0.2 0.2 0.2 0.2 0.2 0.2 0.2 0.2 0.2 0.2 0.2 0.2 0.2 0.2 0.2 0.2 0.2 0.2 0.2 0.2 0.2 0.2 0.2 0.2 0.2 0.2 
#total catch biomass 
11317.46 13765.68 15131.37 17066.79 18372.04 28007.05 29645.14 30453.8 47138.56 41820.99 49313.16 67125.03 73464.1 86248.45 87148.49 97246.6 89725.32 109268.7 103986.6 95939.75 94252.59 90991.06 88024.63 93667.86 78500.94 97834 106173.8 80561.93 
#catch CV 
0.1 0.1 0.1 0.1 0.1 0.1 0.1 0.1 0.1 0.1 0.1 0.1 0.1 0.1 0.1 0.1 0.1 0.1 0.1 0.1 0.1 0.1 0.1 0.1 0.1 0.1 0.1 0.1 
#Length Bins 
0.7268801 2.18064 3.634401 5.088161 6.541921 7.995682 9.449442 10.9032 12.35696 13.81072 15.26448 16.71824 18.172 19.62576 21.07952 22.53328 23.98704 25.44081 26.89457 28.34833 29.80209 31.25585 32.70961 34.16337 35.61713 
#catch length counts 
6.220312e-07 6.754527e-05 0.004324305 0.1632213 3.632283 47.65846 368.7527 1684.046 4559.791 7482.811 8199.533 7929.726 8482.739 8309.516 6561.247 4410.772 2524.773 1161.917 425.96 125.2794 28.79218 4.940551 0.6062996 0.05134357 0.00291598 
8.091087e-07 8.785969e-05 0.005624851 0.2123105 4.7247 61.99166 479.6454 2190.227 5926.377 9689.296 10430.58 9576.175 9629.197 9074.934 6961.454 4578.731 2611.499 1214.456 444.9043 126.3926 27.21876 4.329706 0.4941858 0.03915285 0.002085369 
1.142903e-06 0.0001241059 0.007945362 0.2998984 6.673852 87.56574 677.5045 3093.344 8364.266 13623.77 14405.72 12514.36 11692.08 10436.96 7574.588 4651.532 2482.657 1094.686 385.6224 106.3843 22.17987 3.360838 0.3586166 0.02625447 0.001288301 
1.234443e-06 0.000134046 0.008581741 0.323919 7.20844 94.58237 731.8814 3343.493 9063.98 14933.61 16506.24 15944.52 16360.08 14812.82 10382.77 5991.18 2973.546 1215.876 396.3603 101.6685 19.91687 2.85799 0.2888305 0.01989137 0.0009093789 
1.644729e-06 0.0001785982 0.01143401 0.431578 9.604238 126.016 975.0432 4452.648 12047.67 19664.72 20894.91 18199.11 16823.06 14887.15 10850.72 6585.218 3282.743 1270.994 377.0398 86.65304 15.24981 1.986179 0.1842456 0.01174926 0.0004995832 
1.953558e-06 0.0002121334 0.01358096 0.5126156 11.40768 149.6819 1158.262 5291.436 14341.62 23574.91 25692.36 23663.6 22743.34 19708.73 13471.66 7603.846 3653.085 1417.675 423.2222 94.6681 15.50994 1.82457 0.1513198 0.008654199 0.0003327483 
2.898325e-06 0.0003147241 0.02014891 0.7605233 16.92455 222.0666 1718.274 7847.219 21233.9 34632.61 36528.11 30778.04 26725.27 22236.72 15228.55 8598.696 3982.686 1440.056 398.0314 83.81045 13.12065 1.468773 0.113659 0.005935006 0.0002053979 
3.311284e-06 0.0003595666 0.02301977 0.8688857 19.33615 253.7162 1963.398 8971.105 24324.97 40003.01 43431.36 39041.79 35688.14 29275.28 18800.57 9759.517 4229.291 1465.988 388.9313 77.23443 11.22486 1.16295 0.08365903 0.004071095 0.0001307961 
3.921629e-06 0.0004258429 0.02726285 1.029043 22.9004 300.4897 2325.535 10628.89 28851.87 47634.14 52332.85 48124.7 44962.22 37825.17 25396.16 13783.07 5998.907 1996.082 497.0543 92.40326 12.60239 1.221627 0.08161958 0.003666353 0.0001084878 
4.165428e-06 0.0004523166 0.02895773 1.093018 24.32425 319.1801 2470.396 11294.63 30694.96 50878.36 56514.16 52868.07 49730.75 41676.17 27922.26 15184.44 6635.833 2214.83 546.9194 98.40495 12.66066 1.139552 0.07028225 0.002910504 7.931618e-05 
6.039705e-06 0.0006558411 0.04198755 1.584831 35.269 462.786 3581.512 16366.75 44380.63 72847.2 77956.43 66481.68 56428.44 45082.4 29918.16 16243.16 7044.882 2324.966 567.5806 100.6869 12.65921 1.097397 0.06409821 0.00247687 6.235017e-05 
6.546835e-06 0.0007109097 0.04551313 1.717912 38.2312 501.6856 3883.491 17763.39 48341.94 80412.31 89756.34 83279.61 75236.41 59107.77 36454.12 18094.3 7327.404 2322.148 552.1419 95.5841 11.6925 0.9818109 0.05522049 0.002038584 4.857355e-05 
7.576601e-06 0.0008227303 0.05267201 1.988129 44.24484 580.6028 4494.423 20557.28 55924.92 92808.08 102508.5 92609.11 81711.77 64811.28 41499.76 21158.93 8386.973 2486.912 543.6302 87.09944 10.0127 0.7990466 0.04289437 0.00151075 3.424881e-05 
8.859232e-06 0.0009620092 0.06158885 2.324707 51.7359 678.9356 5256.476 24056.66 65572.45 109496.4 122938.2 113937.7 101719.6 80015.73 50602.72 25691.13 10267.28 3081.958 671.825 104.1231 11.25157 0.831847 0.04132015 0.001353622 2.870631e-05 
9.710878e-06 0.001054488 0.06750954 2.548197 56.71036 744.2494 5763.02 26387.92 72038.27 120828.4 137030.7 128551.3 114985.2 89837.56 56202.2 27968.38 10843.07 3149.24 667.0904 100.8372 10.58856 0.7516577 0.03528684 0.001077377 2.111212e-05 
1.033362e-05 0.001122111 0.0718389 2.711621 60.34799 792.0141 6133.465 28091.42 76735.15 128818.5 145912.9 135447.4 118706.3 90936.49 55862.04 27151.17 10192.78 2844.874 575.6711 82.8472 8.279931 0.5599702 0.02503489 0.0007255624 1.341609e-05 
1.048072e-05 0.001138086 0.0728618 2.750254 61.20957 803.4008 6223.705 28536.06 78227.74 132751.9 154496.5 149525 134687.4 103651.2 63342.53 30451.22 11240.74 3067.407 602.2861 83.30111 7.92867 0.5073627 0.02138361 0.0005832554 1.014188e-05 
1.278566e-05 0.001388376 0.08888572 3.355095 74.67065 980.0619 7591.397 34788.83 95152.72 160030.9 180925.3 165076.5 140463.1 105573.7 64280.16 30682.99 11097.36 2935.557 555.1174 73.57992 6.678567 0.405365 0.01611847 0.0004128396 6.717093e-06 
1.031579e-05 0.001120178 0.07171586 2.707064 60.25299 791.0417 6132.794 28188.4 77847.89 134816.6 163851.9 166672.9 151415 112314.4 64600.86 28952.46 9961.795 2535.167 461.748 58.62797 5.06333 0.2908382 0.01089984 0.0002622638 3.996887e-06 
1.328456e-05 0.001442552 0.09235456 3.486078 77.58897 1018.487 7891.696 36197.86 99228.55 167659.9 190712.2 174085.1 147094.5 110173.8 66551.21 30700.25 10392.49 2516.866 430.8808 51.44151 4.190492 0.2272321 0.008024966 0.0001814019 2.589199e-06 
1.196656e-05 0.001299436 0.0831928 3.140341 69.90022 917.8181 7117.968 32738.76 90495.41 156507.9 187588.8 183122.2 156947.8 110350.9 60536.93 25856.06 8424.587 2005.582 335.647 38.42386 2.947946 0.1490573 0.004893427 0.0001028535 1.366328e-06 
1.275765e-05 0.001385341 0.08869279 3.347967 74.52228 978.5112 7588.273 34889.18 96271.4 165387.5 194521.6 184309.2 155797.3 111375 62434.44 26405.98 8177.082 1812.005 283.03 30.60423 2.234792 0.1074253 0.003329196 6.550795e-05 8.092852e-07 
1.379971e-05 0.001498501 0.09593815 3.621531 80.61568 1058.67 8212.995 37798.06 104538.2 180418.2 213389.1 201629.3 166956 115663.9 63004.98 26168.78 8014.889 1746.22 263.379 26.95423 1.839339 0.08233068 0.002379942 4.378989e-05 5.062602e-07 
1.392476e-05 0.001512085 0.09680874 3.654491 81.35528 1068.594 8294.375 38225.14 106078.9 184452.2 220913.4 210980.7 174204.2 118628.5 62793.87 25098.7 7363.354 1538.164 222.9526 21.90637 1.426832 0.06040745 0.001636425 2.802026e-05 3.003016e-07 
1.523381e-05 0.00165424 0.105911 3.998202 89.01279 1169.372 9080.378 41887.9 116481.4 203263.8 244378 233383.9 191858.3 130071.5 68388.54 26900.58 7671.654 1541.274 213.2248 19.90391 1.228661 0.04921727 0.001258739 2.02817e-05 2.036964e-07 
1.61445e-05 0.001753139 0.1122443 4.23742 94.34613 1239.684 9630.937 44475.45 123946.8 217031 261427.4 247751.3 199197.2 130841.9 66354.94 25118.19 6882.612 1324.652 174.6799 15.45137 0.8991133 0.03382262 0.0008103901 1.221562e-05 1.146673e-07 
1.804749e-05 0.001959797 0.1254771 4.737125 105.4798 1386.21 10773.18 49785.04 138887.6 243284.1 291804 272383.1 213457.9 135977.1 66529.76 24118.85 6288.518 1146.878 142.9271 11.92123 0.6525423 0.02302906 0.000516227 7.261871e-06 6.348482e-08 
1.448112e-05 0.001572551 0.1006888 3.80182 84.68459 1113.987 8679.227 40367.23 114425.5 207785.4 265938.9 267623.2 218736.4 138847.3 65758.1 22746.37 5617.341 965.5053 112.9179 8.808944 0.4499841 0.01479987 0.0003088911 4.042267e-06 3.284456e-08 
#survey length counts 
1.434168e-06 0.0001557338 0.009970206 0.3763261 8.374629 109.8798 850.1034 3880.461 10481.83 17001.81 17716.81 14920.25 13729.33 12549.91 9578.261 6318.577 3647.024 1728.198 648.6711 189.9678 42.44303 7.051237 0.8461936 0.07091074 0.004014466 
1.99762e-06 0.0002169181 0.01388728 0.5241762 11.66483 153.0488 1184.074 5404.552 14592.55 23613.24 24310.24 19617.81 16874.28 14614.76 10564.86 6513.463 3519.664 1582 571.3415 162.7172 35.2718 5.59309 0.62831 0.04869377 0.002541646 
1.958031e-06 0.0002126192 0.01361206 0.5137885 11.43372 150.0195 1160.752 5300.572 14343.24 23444.94 25156.8 22718.31 22037.35 19687.24 13826.26 8031.696 4043.213 1687.857 564.6744 149.6288 30.50451 4.587041 0.4887882 0.03568034 0.001736624 
2.624287e-06 0.0002849667 0.01824381 0.6886142 15.32421 201.0639 1555.617 7101.74 19189.62 31142.56 32371.16 26651.5 23236.64 20180.71 14722.18 9020.404 4579.431 1815.498 553.6423 131.5519 24.10507 3.291742 0.3222125 0.02180091 0.0009879174 
2.892933e-06 0.0003141385 0.02011142 0.7591079 16.89302 221.6516 1715.037 7832.285 21196.7 34632.05 36935.89 32424.32 29938.84 25745.05 17677.84 10073.12 4924.958 1959.284 603.1344 139.9457 23.92241 2.95318 0.2585246 0.01569303 0.0006434278 
4.205814e-06 0.0004567019 0.02923844 1.103608 24.55942 322.2387 2493.215 11383.31 30768.66 49964.92 51883.23 42095.17 35207.04 29028.53 19982.4 11423.02 5400.304 2004.343 571.3139 124.8428 20.42491 2.404135 0.1966395 0.01090349 0.0004023833 
4.967545e-06 0.000539417 0.03453394 1.303489 29.00765 380.6113 2945.131 13452.08 36423.37 59571.94 63504.02 54920.23 48680.03 39797.96 25748.85 13531.51 5982.805 2130.964 584.2275 120.6121 18.33646 1.998975 0.1521402 0.0078703 0.0002698413 
5.539958e-06 0.0006015743 0.03851332 1.453693 32.3504 424.4791 3284.807 15007.84 40681.44 66819.03 72232 64394.11 58910.81 49599.13 33615.27 18532.92 8259.536 2829.902 728.9422 141.0107 20.1437 2.057365 0.1455703 0.006955944 0.0002197902 
5.825266e-06 0.0006325555 0.04049677 1.52856 34.01667 446.3514 3454.328 15787.02 42841.33 70647.23 77288.15 70398.23 65217.05 54844.4 37131.21 20531.94 9198.264 3166.79 810.854 152.1502 20.53274 1.948884 0.1273877 0.005615882 0.0001635307 
8.311249e-06 0.0009025041 0.05777911 2.180885 48.53338 636.8226 4927.996 22513.31 60983.23 99735.82 105591.2 88238.47 73890.39 59231.42 39751.83 21976.8 9783.877 3334.326 845.1892 156.637 20.69584 1.895036 0.1174418 0.004834235 0.0001300814 
8.8962e-06 0.0009660231 0.06184571 2.334387 51.95008 681.6896 5276.293 24124.54 65562.72 108573.2 119788 109278.7 98248.64 77889.73 48682.33 24602.35 10222.91 3347.641 827.5601 149.8906 19.2975 1.714153 0.1024372 0.004033086 0.000102803 
1.06631e-05 0.001157888 0.07412909 2.798029 62.26823 817.0891 6324.348 28916.02 78561.31 129838.4 141898.9 126198.4 110783.2 88628.4 57591.32 30001.01 12240.61 3755.751 853.7934 143.1566 17.33466 1.465247 0.08368657 0.003147286 7.641042e-05 
1.1853e-05 0.001287097 0.08240125 3.110274 69.21781 908.3195 7031.543 32167.01 87562.79 145651.9 162093.6 148715.5 132968.4 105836.1 67995.75 35289.77 14532.13 4523.631 1028.38 167.1638 19.04779 1.492371 0.07891838 0.002763102 6.282215e-05 
1.259729e-05 0.001367919 0.08757561 3.305594 73.5654 965.4103 7474.546 34209.9 93269.54 155883.2 175519.1 163696.3 147283.1 116707.1 74302.97 37862.87 15143.12 4564.641 1009.411 160.2785 17.77916 1.339533 0.06700756 0.00218748 4.596863e-05 
1.390981e-05 0.001510444 0.09670029 3.65002 81.23124 1066.04 8254.351 37787.97 103084.9 172451.2 194031.1 179249 158162.6 122982.9 76970.33 38359.48 14875.32 4314.438 912.476 138.0852 14.59407 1.048787 0.05002347 0.001551753 3.079181e-05 
1.364479e-05 0.001481666 0.09485811 3.580511 79.68632 1045.856 8100.515 37122.02 101618.5 171855.9 198930.2 192376.6 175179.1 137111 85483.67 42195.54 16111.66 4575.696 940.5182 136.982 13.804 0.9395557 0.0422845 0.001235557 2.30761e-05 
1.63209e-05 0.001772261 0.1134624 4.282747 95.31478 1250.954 9688.204 44378.46 121242.6 203388.5 229125.4 209312.7 180303 138016 85883.3 42172.52 15801.39 4355.717 863.3398 120.66 11.6095 0.7503184 0.03188645 0.0008755515 1.531056e-05 
1.334162e-05 0.001448748 0.09275122 3.501054 77.92315 1022.94 7928.711 36418.59 100409.8 173317.1 209989.1 214658.8 198151.8 149923.5 88159.3 40643.04 14494.99 3848.862 735.8826 98.64968 9.041424 0.5535301 0.02219057 0.000572841 9.388698e-06 
1.656863e-05 0.001799164 0.1151852 4.347826 96.76663 1270.147 9839.973 45113.83 123537.3 208313.3 236574.6 217025.1 186299.6 142543.8 88331.76 42073.61 14795.66 3742.073 672.8768 84.88661 7.346348 0.425049 0.01607213 0.0003900687 5.991199e-06 
1.527605e-05 0.001658808 0.1062001 4.008769 89.22733 1171.479 9082.861 41749.32 115237.6 198837.2 238181.9 234491.4 204832.1 147245.8 82764.34 36451.05 12345.2 3075.848 541.878 65.64047 5.353811 0.2889753 0.01016314 0.0002295129 3.283282e-06 
1.652233e-05 0.001794141 0.1148646 4.335844 96.50804 1267.075 9823.672 45140.34 124400.7 213295 250808.8 239624.7 206447.9 151118.4 87075.68 38089.83 12275.11 2846.847 468.2018 53.62815 4.169254 0.2142036 0.007116724 0.0001505033 2.00258e-06 
1.777425e-05 0.001930089 0.123569 4.664486 103.8277 1363.352 10573.84 48632.94 134337.2 231464.8 273991.8 261528.7 221051.2 156926.8 87895.97 37787.97 12065.35 2757.172 438.599 47.58578 3.458561 0.1655486 0.0051346 0.0001016314 1.266505e-06 
1.841078e-05 0.001999215 0.1279956 4.831689 107.5564 1412.563 10960.87 50479.06 139902.3 242893.3 291345.7 281409 237424.2 165859.2 90386.93 37433.1 11457.51 2512.681 384.6053 40.11894 2.78644 0.1262456 0.003670684 6.762665e-05 7.814329e-07 
1.946153e-05 0.002113321 0.1353021 5.107614 113.7054 1493.552 11593.89 53445.48 148438.5 258733 311841.6 301607.9 253658.1 176646.4 95776.44 39099 11649.5 2459.957 359.7463 35.68511 2.351241 0.1008896 0.002771764 4.80828e-05 5.208493e-07 
2.062678e-05 0.002239864 0.1434052 5.413654 120.527 1583.443 12297.19 56747.11 157958.9 276351 333977.5 320904.1 264254.1 178492.2 93445.39 36750.58 10533.27 2133.509 297.7514 28.01467 1.741362 0.07021697 0.001808427 2.936723e-05 2.975056e-07 
2.290666e-05 0.002487446 0.1592581 6.01227 133.863 1758.92 13664.69 63101.66 175843.4 307848.9 370692.3 351118.7 282118.4 185068.7 93610.73 35301.29 9637.581 1851.599 244.4491 21.7078 1.270381 0.0480924 0.001159486 1.757996e-05 1.659294e-07 
1.876301e-05 0.002037518 0.1304573 4.925572 109.7029 1442.71 11234.14 52196.68 147747.2 268213 345240.8 353405.6 296410 193787.6 94931.8 34188.22 8849.515 1603.917 198.8892 16.53184 0.9034948 0.03189666 0.0007164418 1.011069e-05 8.873711e-08 
2.298766e-05 0.00249627 0.1598275 6.03417 134.3718 1766.24 13732.18 63509.98 177429.7 311494 375013.7 353353.8 283175.6 186335.8 93480.55 33920.76 8610.317 1496.504 175.4042 13.66361 0.6962634 0.02284705 0.0004760295 6.223767e-06 5.056629e-08 
