# Number of parameters = 79 Objective function value = 22475.5954912084  Maximum gradient component = 0.000541382862765010
# srv_sel50:
1.04119576624
# srv_sel95:
1.86370259661
# stNatLen:
 10.6081248378 10.4380101255 8.67341914390 7.37601146691 6.53524720275 5.95592982449 5.52680491651 5.19590925155 4.93581787010 4.73047661481 4.56983130194 4.44732486558 4.35861538802 4.30087120712 4.27239199186
# log_avg_fmort_dir:
0.642491740797
# fmort_dir_dev:
 -0.577565525312 -0.543886718303 -0.583546113204 -0.540916753893 -0.367341037473 -0.259885575581 -0.251654575387 -0.0826135200705 0.0239915560490 -0.0327021802585 0.0935887641210 -0.0115553704159 0.0809964727652 0.165914160812 0.142482754656 0.257614182290 0.292119280961 0.316209755290 0.336297796984 0.384992075225 0.501252874032 0.467271193523 0.437437210195 0.484042004841 0.585588980213 0.547191646191 0.560790149998 0.607032584029 -3.03314607228
# mean_log_rec:
13.2837163677
# rec_dev:
 -2.30848204371 -1.78243832546 -1.56437515315 -1.36327420042 -1.09023192636 -0.910822824677 -0.765962566022 -0.581574657698 -0.185825987849 -0.0393098563896 0.188958463587 0.644405966851 0.688242655433 0.436174760085 0.383985010733 0.405393068675 0.381961047658 0.446366174376 0.407471831008 0.541999725447 0.537854136011 0.563599847258 0.769594867362 0.856752175778 0.765789815891 0.645437275181 0.453110222718 0.737600257803 0.737600239881
# log_avg_NatM:
-1.37331700000
# m_dev:
 0.00000000000 0.00000000000 0.00000000000 0.00000000000 0.00000000000 0.00000000000 0.00000000000 0.00000000000 0.00000000000 0.00000000000 0.00000000000 0.00000000000 0.00000000000 0.00000000000 0.00000000000 0.00000000000 0.00000000000 0.00000000000 0.00000000000 0.00000000000 0.00000000000 0.00000000000 0.00000000000 0.00000000000 0.00000000000 0.00000000000 0.00000000000 0.00000000000 0.00000000000
# log_avg_GrowthK:
-1.18630400000
# log_avg_Linf:
3.44583300000
# GrowthK_dev:
 0.00000000000 0.00000000000 0.00000000000 0.00000000000 0.00000000000 0.00000000000 0.00000000000 0.00000000000 0.00000000000 0.00000000000 0.00000000000 0.00000000000 0.00000000000 0.00000000000 0.00000000000 0.00000000000 0.00000000000 0.00000000000 0.00000000000 0.00000000000 0.00000000000 0.00000000000 0.00000000000 0.00000000000 0.00000000000 0.00000000000 0.00000000000 0.00000000000 0.00000000000
# Linf_dev:
 0.00000000000 0.00000000000 0.00000000000 0.00000000000 0.00000000000 0.00000000000 0.00000000000 0.00000000000 0.00000000000 0.00000000000 0.00000000000 0.00000000000 0.00000000000 0.00000000000 0.00000000000 0.00000000000 0.00000000000 0.00000000000 0.00000000000 0.00000000000 0.00000000000 0.00000000000 0.00000000000 0.00000000000 0.00000000000 0.00000000000 0.00000000000 0.00000000000 0.00000000000
# SelPars50:
1.30026317881
# SelPars95:
2.03773055367
# SelPars_dev50:
 0.00000000000 0.00000000000 0.00000000000 0.00000000000 0.00000000000 0.00000000000 0.00000000000 0.00000000000 0.00000000000 0.00000000000 0.00000000000 0.00000000000 0.00000000000 0.00000000000 0.00000000000 0.00000000000 0.00000000000 0.00000000000 0.00000000000 0.00000000000 0.00000000000 0.00000000000 0.00000000000 0.00000000000 0.00000000000 0.00000000000 0.00000000000 0.00000000000 0.00000000000
# SelPars_dev95:
 0.00000000000 0.00000000000 0.00000000000 0.00000000000 0.00000000000 0.00000000000 0.00000000000 0.00000000000 0.00000000000 0.00000000000 0.00000000000 0.00000000000 0.00000000000 0.00000000000 0.00000000000 0.00000000000 0.00000000000 0.00000000000 0.00000000000 0.00000000000 0.00000000000 0.00000000000 0.00000000000 0.00000000000 0.00000000000 0.00000000000 0.00000000000 0.00000000000 0.00000000000
