# Number of parameters = 79 Objective function value = 20363.0502015216  Maximum gradient component = 0.000441182474526411
# srv_sel50:
0.991659463667
# srv_sel95:
1.02202072169
# stNatLen:
 10.7047570836 9.67706126900 8.26337616542 7.28851975126 6.62718934478 6.14038932331 5.76443854413 5.46674421396 5.22851813993 5.03805280565 4.88767811019 4.77222714104 4.68820219145 4.63330062573 4.60615018634
# log_avg_fmort_dir:
0.600660615320
# fmort_dir_dev:
 -0.0738007597709 -0.0921950794771 -0.120988838983 -0.130464026236 -0.122199301788 0.0558335345132 0.0511566101928 -0.00609153943133 -0.0694397224336 -0.0200313229196 0.00666770189031 -0.000401608146079 0.0668539613381 0.0883210508087 0.209935716311 0.168408565894 0.159614139198 0.210111746902 0.231322392701 0.261198860888 0.285580580243 0.227967097355 0.310360692058 0.309646948879 0.285961600417 0.333949923371 0.367413945325 0.260616374280 -3.25530924338
# mean_log_rec:
13.3397112657
# rec_dev:
 -2.41086579189 -2.05764109504 -1.69320184819 -1.41966125272 -1.43952366294 -1.34690629929 -0.948937993365 -0.548573796432 -0.268141566067 -0.0342048159202 0.288565491685 0.588688369340 0.736673536862 0.615934135312 0.425768103788 0.420705156738 0.462642341422 0.511828958498 0.531619335736 0.549111579700 0.610826191467 0.691478367102 0.710339117801 0.771320423952 0.789001411936 0.753980765661 0.733429432957 0.987872700336 0.987872701549
# log_avg_NatM:
-1.36837500000
# m_dev:
 0.00000000000 0.00000000000 0.00000000000 0.00000000000 0.00000000000 0.00000000000 0.00000000000 0.00000000000 0.00000000000 0.00000000000 0.00000000000 0.00000000000 0.00000000000 0.00000000000 0.00000000000 0.00000000000 0.00000000000 0.00000000000 0.00000000000 0.00000000000 0.00000000000 0.00000000000 0.00000000000 0.00000000000 0.00000000000 0.00000000000 0.00000000000 0.00000000000 0.00000000000
# log_avg_GrowthK:
-1.19613400000
# log_avg_Linf:
3.45239700000
# GrowthK_dev:
 0.00000000000 0.00000000000 0.00000000000 0.00000000000 0.00000000000 0.00000000000 0.00000000000 0.00000000000 0.00000000000 0.00000000000 0.00000000000 0.00000000000 0.00000000000 0.00000000000 0.00000000000 0.00000000000 0.00000000000 0.00000000000 0.00000000000 0.00000000000 0.00000000000 0.00000000000 0.00000000000 0.00000000000 0.00000000000 0.00000000000 0.00000000000 0.00000000000 0.00000000000
# Linf_dev:
 0.00000000000 0.00000000000 0.00000000000 0.00000000000 0.00000000000 0.00000000000 0.00000000000 0.00000000000 0.00000000000 0.00000000000 0.00000000000 0.00000000000 0.00000000000 0.00000000000 0.00000000000 0.00000000000 0.00000000000 0.00000000000 0.00000000000 0.00000000000 0.00000000000 0.00000000000 0.00000000000 0.00000000000 0.00000000000 0.00000000000 0.00000000000 0.00000000000 0.00000000000
# SelPars50:
1.00905876863
# SelPars95:
1.12338641198
# SelPars_dev50:
 0.00000000000 0.00000000000 0.00000000000 0.00000000000 0.00000000000 0.00000000000 0.00000000000 0.00000000000 0.00000000000 0.00000000000 0.00000000000 0.00000000000 0.00000000000 0.00000000000 0.00000000000 0.00000000000 0.00000000000 0.00000000000 0.00000000000 0.00000000000 0.00000000000 0.00000000000 0.00000000000 0.00000000000 0.00000000000 0.00000000000 0.00000000000 0.00000000000 0.00000000000
# SelPars_dev95:
 0.00000000000 0.00000000000 0.00000000000 0.00000000000 0.00000000000 0.00000000000 0.00000000000 0.00000000000 0.00000000000 0.00000000000 0.00000000000 0.00000000000 0.00000000000 0.00000000000 0.00000000000 0.00000000000 0.00000000000 0.00000000000 0.00000000000 0.00000000000 0.00000000000 0.00000000000 0.00000000000 0.00000000000 0.00000000000 0.00000000000 0.00000000000 0.00000000000 0.00000000000
