#Simulated generalized assessment 
# 
#start/end year 
69 96 
#number of ages 
15 
#ages 
1 2 3 4 5 6 7 8 9 10 11 12 13 14 15 
#Number of length bins 
25 
#CPUE years 
28 
#years for CPUE 
69 70 71 72 73 74 75 76 77 78 79 80 81 82 83 84 85 86 87 88 89 90 91 92 93 94 95 96 
#survey years 
28 
#years for survey 
69 70 71 72 73 74 75 76 77 78 79 80 81 82 83 84 85 86 87 88 89 90 91 92 93 94 95 96 
#length freq from catch years 
28 
#years for length freq catch 
69 70 71 72 73 74 75 76 77 78 79 80 81 82 83 84 85 86 87 88 89 90 91 92 93 94 95 96 
#catch length sample sizes 
200 200 200 200 200 200 200 200 200 200 200 200 200 200 200 200 200 200 200 200 200 200 200 200 200 200 200 200 
#length freq from survey years 
28 
#years for length freq survey 
69 70 71 72 73 74 75 76 77 78 79 80 81 82 83 84 85 86 87 88 89 90 91 92 93 94 95 96 
#survey sample sizes 
200 200 200 200 200 200 200 200 200 200 200 200 200 200 200 200 200 200 200 200 200 200 200 200 200 200 200 200 
#total survey biomass 
11850.63 11589.83 16141.41 24561.96 30352.4 24706.82 26532.66 36271.85 36922.18 57006.85 81654.3 84096.71 112975.9 103860.3 78926.87 93924.79 73512.94 120810.2 100603.2 99628.29 88207.32 80168.09 93991.69 120221.8 122830.4 97618.59 115030 64167.3 
#survey CV 
0.2 0.2 0.2 0.2 0.2 0.2 0.2 0.2 0.2 0.2 0.2 0.2 0.2 0.2 0.2 0.2 0.2 0.2 0.2 0.2 0.2 0.2 0.2 0.2 0.2 0.2 0.2 0.2 
#total CPUE 
5762.457 8083.621 11811.86 9745.442 19872.35 28693.88 17725.25 39794.98 24816.25 57847.62 55186.62 65651.98 86930.43 125429.8 97368.61 150284.7 109572.3 82102.33 91374.4 103157 80434.91 130318.7 128808.3 147940.9 171135.6 126780.2 136377.3 108039.2 
#CPUE CV 
0.2 0.2 0.2 0.2 0.2 0.2 0.2 0.2 0.2 0.2 0.2 0.2 0.2 0.2 0.2 0.2 0.2 0.2 0.2 0.2 0.2 0.2 0.2 0.2 0.2 0.2 0.2 0.2 
#total catch biomass 
5977.361 5951.646 6408.785 9478.394 14849.03 17306.54 21264.81 24417.05 29794.8 35943.31 52349.22 62422.95 73025.19 97426.57 114365.7 90722.36 83652.93 81833.96 93083.95 81443.12 78206.49 91365.13 101656.4 102918.3 121201.7 118786 106941.6 94880.57 
#catch CV 
0.05 0.05 0.05 0.05 0.05 0.05 0.05 0.05 0.05 0.05 0.05 0.05 0.05 0.05 0.05 0.05 0.05 0.05 0.05 0.05 0.05 0.05 0.05 0.05 0.05 0.05 0.05 0.05 
#Length Bins 
0.7268035 2.18041 3.634017 5.087624 6.541231 7.994838 9.448445 10.90205 12.35566 13.80927 15.26287 16.71648 18.17009 19.62369 21.0773 22.53091 23.98451 25.43812 26.89173 28.34534 29.79894 31.25255 32.70616 34.15976 35.61337 
#catch length counts 
1.316488e-37 1.827198e-29 3.065504e-22 6.216781e-16 1.523971e-10 4.515804e-06 0.01617487 7.003162 366.5176 2318.728 1789.599 1048.478 5747.634 4905.002 3771.541 3756.444 1674.289 670.0706 154.9373 19.99772 1.07326 0.01720401 6.124863e-05 3.933546e-08 3.994602e-12 
1.612388e-37 2.237888e-29 3.754521e-22 7.614094e-16 1.866505e-10 5.530797e-06 0.01981042 8.577226 448.8979 2839.9 2191.997 1226.792 6266.488 5098.563 4018.834 3682.495 1594.058 585.4801 122.592 13.61392 0.5903113 0.007245858 1.906785e-05 8.856553e-09 6.419944e-13 
4.004625e-37 5.558155e-29 9.324958e-22 1.891083e-15 4.635767e-10 1.373663e-05 0.04920236 21.30292 1114.91 7053.291 5418.425 1668.778 6699.352 5193.508 4194.333 3519.034 1455.279 483.9266 90.21775 8.511817 0.2966563 0.00277499 5.372784e-06 1.800376e-09 9.311836e-14 
6.927984e-37 9.615585e-29 1.613214e-21 3.271565e-15 8.019857e-10 2.37643e-05 0.08511987 36.85396 1928.79 12202.23 9393.877 3636.215 14815.2 10228.69 4773.946 3374.199 1332.427 397.3042 64.77294 5.102252 0.1413398 0.001004159 1.428378e-06 3.447162e-10 1.270406e-14 
6.559579e-37 9.104264e-29 1.527429e-21 3.097596e-15 7.593391e-10 2.250061e-05 0.08059351 34.89421 1826.224 11553.52 8945.915 5379.736 22703.61 15308.37 9687.85 5928.691 1395.634 318.8853 44.63336 2.879569 0.0623917 0.0003339375 3.483529e-07 6.056611e-11 1.590639e-15 
1.3696e-36 1.900914e-28 3.189178e-21 6.467588e-15 1.585453e-09 4.697987e-05 0.1682743 72.85695 3813.043 24122.69 18553.35 5777.734 18867.67 13346.1 13592.02 8187.178 2161.931 363.4547 30.98053 1.509905 0.02510796 0.0001000176 7.604991e-08 9.510317e-12 1.780851e-16 
1.417681e-36 1.967647e-28 3.301136e-21 6.694638e-15 1.641112e-09 4.862914e-05 0.1741817 75.41465 3946.903 24970 19330.73 10117.97 35749.76 21111.98 11875.32 7020.91 2568.736 448.2383 31.34421 0.9236976 0.01026305 2.955855e-05 1.622011e-08 1.451045e-12 1.932654e-17 
2.286366e-36 3.173325e-28 5.323911e-21 1.079678e-14 2.646705e-09 7.84267e-05 0.2809117 121.6251 6365.371 40270.07 31059.72 11508.27 34379.31 22180.71 20960.06 9845.602 2183.007 391.9333 30.56384 0.7351468 0.005091002 9.168911e-06 3.432199e-09 2.161586e-13 2.03473e-18 
2.381359e-36 3.305169e-28 5.545106e-21 1.124536e-14 2.756668e-09 8.168513e-05 0.2925828 126.6783 6629.837 41943.99 32526.38 16569.63 49685.1 27869.29 19583.32 9532.535 2681.736 337.8756 20.09375 0.4717155 0.002688614 3.185136e-06 7.344847e-10 2.984959e-14 1.905688e-19 
4.31288e-36 5.985993e-28 1.004275e-20 2.036649e-14 4.992604e-09 0.00014794 0.529897 229.4271 12007.3 75963.77 58610.31 19783.87 48646.24 29490.44 26683.23 10627.19 2296.562 296.8578 15.07507 0.253826 0.001204786 1.163116e-06 1.90669e-10 4.996874e-15 2.016839e-20 
6.509606e-36 9.034904e-28 1.515793e-20 3.073997e-14 7.535542e-09 0.0002232919 0.7997952 346.2837 18123.11 114656.8 88735.81 34968.61 82927.53 41424.36 25954.84 10327.38 2387.011 238.5556 10.08408 0.1415784 0.0004869484 3.511535e-07 4.487427e-11 8.845239e-16 2.508429e-21 
5.379948e-36 7.467014e-28 1.252746e-20 2.540545e-14 6.227846e-09 0.0001845425 0.6610011 286.1907 14978.08 94764.82 74258.04 48376.47 118162.6 60104.37 40498.89 12217.37 1972.464 182.0012 6.410072 0.06864449 0.0001834013 9.694992e-08 8.825132e-12 1.269963e-16 2.68232e-22 
1.166944e-35 1.619641e-27 2.717283e-20 5.510596e-14 1.350858e-08 0.0004002839 1.433752 620.765 32488.37 205540.1 158876.7 50670.66 95094.1 61105.49 54256.38 15690.57 2309.532 148.0288 3.887839 0.03319467 6.610323e-05 2.572841e-08 1.71077e-12 1.755672e-17 2.616225e-23 
1.205127e-35 1.672637e-27 2.806196e-20 5.690909e-14 1.395059e-08 0.0004133816 1.480666 641.0771 33551.44 212283.1 166725 100191.7 201455.2 84746.69 43897.16 14345.89 2492.421 142.8469 2.755608 0.01610329 2.344016e-05 6.695392e-09 3.203918e-13 2.357304e-18 2.513226e-24 
1.077342e-35 1.495279e-27 2.508641e-20 5.087473e-14 1.247134e-08 0.0003695487 1.323663 573.1005 29993.83 189785.8 150452.3 107502.9 206955.1 118827.8 81730.73 16848.65 1886.354 112.2629 2.060087 0.009131388 9.006488e-06 1.7591e-09 5.956559e-14 3.126719e-19 2.367406e-25 
7.158833e-36 9.935988e-28 1.666968e-20 3.380578e-14 8.287089e-09 0.0002455616 0.8795617 380.8198 19930.63 126129.5 102113.6 99981.28 185092.3 117409.5 83336.12 21067.15 2470.162 92.58199 1.304429 0.005176207 4.068696e-06 5.607412e-10 1.27904e-14 4.55469e-20 2.389057e-26 
1.232066e-35 1.710026e-27 2.868923e-20 5.818119e-14 1.426243e-08 0.000422622 1.513763 655.4072 34301.44 217037.7 170448.4 80835.06 125438 98836.58 71580.78 18525.18 2300.94 90.70332 0.9838363 0.002658791 1.62148e-06 1.7862e-10 3.062468e-15 7.695907e-21 2.754121e-27 
7.866462e-36 1.091813e-27 1.831743e-20 3.714738e-14 9.106242e-09 0.0002698346 0.9665037 418.4627 21900.76 138632.1 114903.1 127561.9 195595.4 87441.02 45824.79 12655.76 1554.101 60.20585 0.6310832 0.001419414 6.088522e-07 4.669443e-11 5.919081e-16 1.127328e-21 3.007133e-28 
1.342363e-35 1.863112e-27 3.125757e-20 6.338971e-14 1.553924e-08 0.0004604562 1.649279 714.0809 37372.24 236495.7 187601.9 98072.79 135253.2 112010.4 60948.73 9959.898 941.623 35.08304 0.3411722 0.0006900037 2.493821e-07 1.453498e-11 1.294095e-16 1.703659e-22 3.215715e-29 
9.094305e-36 1.26223e-27 2.117652e-20 4.294556e-14 1.05276e-08 0.000311952 1.117361 483.7789 25319.27 160329.5 136199.3 159187.4 206771.7 93889.24 44586.53 10207.2 802.912 19.46378 0.1528104 0.0002676126 8.204982e-08 3.94322e-12 2.780042e-17 2.753551e-23 3.731441e-30 
1.242099e-35 1.723951e-27 2.892286e-20 5.865497e-14 1.437858e-08 0.0004260635 1.52609 660.7444 34580.93 218902 178132.8 121816.3 154615.4 125061.3 53386.95 7422.458 543.1412 12.69927 0.07036222 8.696669e-05 2.079916e-08 8.031785e-13 4.518884e-18 3.521691e-24 3.690058e-31 
1.59789e-35 2.217766e-27 3.720762e-20 7.545631e-14 1.849723e-08 0.0005481066 1.963229 850.0103 44486.55 281668.5 232407.6 171693.3 184889.3 96474.59 40820.58 7261.407 408.444 6.881676 0.03244542 3.083544e-05 5.111363e-09 1.393683e-13 5.817518e-19 3.454822e-25 2.774898e-32 
1.372567e-35 1.905033e-27 3.196088e-20 6.481602e-14 1.588888e-08 0.0004708167 1.686389 730.1483 38213.78 242142.8 210837.1 224504.1 236912.2 123772.7 39946.31 5122.905 284.6537 4.357127 0.01492052 1.057917e-05 1.348408e-09 2.68789e-14 7.829868e-20 3.231109e-26 1.841314e-33 
1.926873e-35 2.674372e-27 4.486815e-20 9.09917e-14 2.230554e-08 0.000660954 2.36743 1025.016 53646.12 339810.3 285266.2 211031.1 218671.7 144604.5 44083.46 4663.002 183.638 2.221542 0.006510095 3.559524e-06 3.254804e-10 4.701732e-15 1.008196e-20 3.028759e-27 1.227006e-34 
2.235589e-35 3.10285e-27 5.205674e-20 1.0557e-13 2.587925e-08 0.0007668495 2.74673 1189.24 62241.82 394527.1 342580.8 298379.4 266396.8 129254.3 37823.19 4199.073 139.3031 1.211773 0.002541626 1.070365e-06 7.611938e-11 8.168473e-16 1.253212e-21 2.673173e-28 7.752001e-36 
2.13557e-35 2.96403e-27 4.972775e-20 1.008469e-13 2.472142e-08 0.000732541 2.623843 1136.034 59458.4 377297 343511.8 357568.6 321165.4 163658.5 37862.12 3244.037 98.14932 0.7439529 0.001166403 3.424452e-07 1.727091e-11 1.363776e-16 1.561455e-22 2.458921e-29 5.159195e-37 
1.847627e-35 2.564384e-27 4.302287e-20 8.724951e-14 2.138819e-08 0.0006337712 2.270065 982.8613 51442.97 326842.1 310407 355444.2 326941.5 179657.7 39457.02 2931.057 66.33972 0.3935447 0.0005062006 1.152978e-07 4.187164e-12 2.298356e-17 1.833228e-23 2.048019e-30 3.101008e-38 
1.62557e-35 2.256184e-27 3.785217e-20 7.676344e-14 1.881765e-08 0.0005576015 1.997238 864.7362 45260.2 287522.3 271481.7 306170.8 294711.8 167175.5 37299.79 2761.427 56.79063 0.2767578 0.00028426 5.377019e-08 1.656191e-12 7.570802e-18 4.865927e-24 4.269483e-31 5.020743e-39 
#survey length counts 
5.284963e-37 7.335181e-29 1.230629e-21 2.49569e-15 6.117891e-10 1.812843e-05 0.06493309 28.11379 1471.364 9308.305 7142.296 1957.345 8446.66 7148.14 5066.477 4967.357 2159.15 844.2999 189.0379 23.49104 1.200467 0.01832626 6.255252e-05 3.876171e-08 3.816504e-12 
1.096979e-36 1.522534e-28 2.554367e-21 5.180204e-15 1.269866e-09 3.762845e-05 0.134779 58.35465 3054.05 19320.83 14802.74 2778.63 8640.547 6972.764 5176.138 4675.876 1952.108 694.9846 139.5973 14.87494 0.617309 0.007239029 1.826864e-05 8.1902e-09 5.763149e-13 
1.58599e-36 2.20125e-28 3.693053e-21 7.489437e-15 1.835947e-09 5.440248e-05 0.1948608 84.36801 4415.485 27933.75 21428.72 5173.249 18303.56 13340.57 5841.776 4404.967 1766.129 567.2831 100.4373 9.016687 0.3002039 0.002693592 5.017597e-06 1.62436e-09 8.156216e-14 
1.266728e-36 1.758135e-28 2.949636e-21 5.981803e-15 1.466369e-09 4.345118e-05 0.1556351 67.38461 3526.642 22310.82 17175.52 6628.59 26992.3 19126.5 11529.59 7746.322 1871.99 453.6983 69.48886 5.15619 0.1354197 0.0009213433 1.264039e-06 2.955519e-10 1.05901e-14 
2.32086e-36 3.2212e-28 5.404232e-21 1.095967e-14 2.686635e-09 7.960991e-05 0.2851497 123.46 6461.404 40876.94 31366.1 7301.92 22008.35 16098.73 15980.27 10602.09 2902.48 538.5387 49.7666 2.782904 0.05651096 0.0002877809 2.888602e-07 4.869174e-11 1.245669e-15 
2.125314e-36 2.949795e-28 4.948893e-21 1.003626e-14 2.46027e-09 7.29023e-05 0.2611242 113.0578 5916.993 37433.26 28857.32 11506.86 40944.13 25517.17 13962.39 8864.336 3399.937 665.0103 52.25923 1.7806 0.02398825 8.855073e-05 6.434279e-08 7.774507e-12 1.416494e-16 
3.003925e-36 4.169249e-28 6.994781e-21 1.418528e-14 3.477353e-09 0.0001030403 0.3690737 159.7962 8363.096 52908.11 40710.54 12635.74 38186.66 25473.97 24119.49 12560.78 2877.76 564.393 50.67821 1.453597 0.01234698 2.836208e-05 1.404559e-08 1.196271e-12 1.542062e-17 
2.859143e-36 3.968302e-28 6.657651e-21 1.350158e-14 3.309754e-09 9.807406e-05 0.3512853 152.0944 7960.017 50358.82 38930.62 17320.7 54491.8 31969.04 22469.03 11859.71 3558.895 503.5558 33.54278 0.9475243 0.006780435 1.034568e-05 3.150731e-09 1.7288e-13 1.512085e-18 
4.786604e-36 6.643491e-28 1.114583e-20 2.260353e-14 5.540989e-09 0.0001641896 0.5881005 254.6272 13326.18 84306.97 64946.51 20313.06 52591.97 32813.4 30490.66 13381.26 3046.387 440.6137 25.95812 0.5230763 0.003116636 3.920628e-06 8.541915e-10 3.020728e-14 1.667173e-19 
6.74471e-36 9.361213e-28 1.570538e-20 3.185019e-14 7.807699e-09 0.0002313564 0.828681 358.7903 18777.66 118796.8 91794.12 34698.68 88384.75 46173.05 29479.52 12727.49 3183.822 359.8187 17.5292 0.2998351 0.001302349 1.223247e-06 2.086305e-10 5.567309e-15 2.157421e-20 
5.333856e-36 7.403041e-28 1.242014e-20 2.518779e-14 6.17449e-09 0.0001829614 0.655338 283.7387 14849.76 93951.27 73438.38 47138.16 125148.7 66020.95 46258.81 15443.47 2661.042 277.4507 11.48814 0.1501686 0.000509971 3.532158e-07 4.297642e-11 8.389036e-16 2.427082e-21 
1.150583e-35 1.596934e-27 2.679188e-20 5.433339e-14 1.331919e-08 0.000394672 1.413651 612.062 32032.89 202656.7 156476.2 49316.78 100248.1 65166.69 62087.11 19825.71 3190.601 233.6348 7.155663 0.07527723 0.0001916576 9.80095e-08 8.736971e-12 1.218119e-16 2.488925e-22 
1.172041e-35 1.626716e-27 2.729153e-20 5.534667e-14 1.356759e-08 0.0004020324 1.440015 623.4766 32630.3 206450.3 161743.1 96880.49 212874.7 93505.7 50340.44 17784.08 3470.764 231.1313 5.291986 0.03807964 7.095242e-05 2.673107e-08 1.718518e-12 1.720363e-17 2.517634e-23 
1.043367e-35 1.448125e-27 2.42953e-20 4.927039e-14 1.207806e-08 0.0003578949 1.281921 555.0276 29047.96 183794.8 145251.2 104256.5 219060.9 127781.8 95816.76 21984.91 2666.865 183.684 4.096483 0.02270512 2.877388e-05 7.411091e-09 3.375657e-13 2.414256e-18 2.511263e-24 
6.865924e-36 9.52945e-28 1.598763e-20 3.242259e-14 7.948016e-09 0.0002355143 0.8435738 365.2383 19115.15 120962 97495.33 96875.48 195625 125360.2 97557.41 27028.77 3618.03 157.9536 2.656184 0.01330898 1.360459e-05 2.483819e-09 7.624308e-14 3.700153e-19 2.66888e-25 
1.158443e-35 1.607843e-27 2.69749e-20 5.470455e-14 1.341018e-08 0.0003973681 1.423308 616.2432 32251.74 204063 159961.8 77412.07 130811.1 103707.5 83402.5 23555.08 3347.294 156.5277 2.080373 0.007065995 5.601053e-06 8.221864e-10 1.903738e-14 6.522014e-20 3.207039e-26 
7.419395e-36 1.029763e-27 1.727641e-20 3.503622e-14 8.588717e-09 0.0002544994 0.9115754 394.6807 20656.08 130741.4 107812.3 123614.2 207907.2 95399.43 53869.99 16244.72 2303.853 106.1637 1.380256 0.003969788 2.225382e-06 2.273301e-10 3.900281e-15 1.015585e-20 3.725935e-27 
1.259179e-35 1.747657e-27 2.932057e-20 5.946153e-14 1.457629e-08 0.0004319223 1.547075 669.8302 35056.31 221830.7 175593.5 94819.32 141862.2 119764.4 73927.08 13286.38 1413.918 63.02771 0.7663435 0.001998522 9.527797e-07 7.437334e-11 8.971288e-16 1.615708e-21 4.203833e-28 
8.437091e-36 1.171013e-27 1.964616e-20 3.984203e-14 9.766804e-09 0.0002894083 1.036613 448.8178 23489.49 148722.5 125685.5 154095.3 219345.2 102342 52919.68 13543.29 1255.696 36.07113 0.3520322 0.000799879 3.254932e-07 2.106262e-11 2.01928e-16 2.739066e-22 5.112227e-29 
1.143869e-35 1.587614e-27 2.663553e-20 5.401631e-14 1.324146e-08 0.0003923688 1.405401 608.4902 31846.1 201573.2 163581.9 117382.1 160745 134828 65577.64 10070.97 850.6904 24.30952 0.1693767 0.0002704907 8.601161e-08 4.49112e-12 3.448992e-17 3.691928e-23 5.337655e-30 
1.46949e-35 2.039556e-27 3.421778e-20 6.939296e-14 1.701087e-08 0.0005040631 1.805472 781.7071 40911.72 259005.6 213084.5 166383.3 195685.3 105582.8 49428.56 9995.471 668.0201 13.57703 0.08104593 0.0001006871 2.222379e-08 8.197521e-13 4.683352e-18 3.832552e-24 4.25891e-31 
1.250065e-35 1.735008e-27 2.910836e-20 5.903117e-14 1.44708e-08 0.0004287962 1.535878 664.9823 34803.04 220484.9 191198.3 217291.1 249162 136306.9 49586.57 7112.17 467.718 8.865622 0.0386353 3.581086e-05 6.107422e-09 1.651146e-13 6.583418e-19 3.746664e-25 2.961209e-32 
1.746545e-35 2.424089e-27 4.066913e-20 8.247618e-14 2.021806e-08 0.0005990982 2.145872 929.0888 48625.44 307959.6 257882.2 203580.7 227028.3 159470.6 55300.6 6660.669 311.4491 4.635537 0.01745373 1.257763e-05 1.541333e-09 3.025205e-14 8.898997e-20 3.688981e-26 2.070742e-33 
2.031211e-35 2.819187e-27 4.729771e-20 9.591881e-14 2.351337e-08 0.000696744 2.495624 1080.519 56551.33 358373.6 310324.6 290555.9 281560.6 144539.5 47569.15 6116.313 245.0998 2.644061 0.007117182 3.959846e-06 3.791538e-10 5.539252e-15 1.166261e-20 3.436251e-27 1.383153e-34 
1.930649e-35 2.679613e-27 4.495607e-20 9.117001e-14 2.234925e-08 0.0006622493 2.372069 1027.025 53752.46 340969.5 309537 348251.8 337056.2 184858.4 48684.8 4794.252 175.6365 1.675611 0.003399348 1.32054e-06 8.977101e-11 9.676863e-16 1.524207e-21 3.317874e-28 9.656896e-36 
1.652348e-35 2.29335e-27 3.84757e-20 7.802794e-14 1.912763e-08 0.0005667867 2.030138 878.9804 46005.14 292153.3 276759.9 343778.3 338306.8 202479 50825.92 4414.756 121.5094 0.9068888 0.001519378 4.605658e-07 2.258207e-11 1.692442e-16 1.859176e-22 2.877639e-29 6.059598e-37 
1.456336e-35 2.021298e-27 3.391147e-20 6.877177e-14 1.685859e-08 0.0004995509 1.78931 774.7106 40548.65 257730.4 249312.9 306829 299547.9 181218.7 43594.13 3586.621 84.09546 0.4787412 0.0005866557 1.344428e-07 5.062983e-12 2.845177e-17 2.258034e-23 2.456405e-30 3.594e-38 
1.763698e-35 2.447897e-27 4.106854e-20 8.328618e-14 2.041663e-08 0.000604982 2.166947 938.2143 49105.39 311720.1 284460.4 277605.4 266823.2 156350.4 37302.84 3038.758 68.65846 0.3572089 0.0003695909 6.775946e-08 2.026252e-12 9.215801e-18 6.017888e-24 5.396294e-31 6.441858e-39 
