# Number of parameters = 78 Objective function value = 20970.1697409006  Maximum gradient component = 0.0253185296336748
# srv_sel50:
1.12122986900
# srv_sel95:
2.28145382417
# stNatLen:
 11.4448614995 10.6864700868 8.77704316487 7.48078485941 6.63832223254 6.04761629913 5.60486699920 5.26083187645 4.98898343756 4.77354384074 4.60451285507 4.47531469857 4.38157767616 4.32046401494 4.29027602417
# log_avg_fmort_dir:
0.614447321359
# fmort_dir_dev:
 -1.20495802728 -0.662817013892 -0.601155369823 -0.529838828457 -0.506711524227 -0.471265622794 -0.240888710021 -0.168977865052 -0.222730913514 -0.189777454142 -0.111960970370 -0.0268107198444 -0.0289283302693 0.0740148228488 0.0968608129213 0.129198358464 0.289977235831 0.312158944183 0.358645317506 0.342791190430 0.383334991572 0.424509985899 0.399449395825 0.446754503894 0.470121899067 0.512661042359 0.418534104264 0.307808744619
# mean_log_rec:
13.6123997543
# rec_dev:
 -1.94602138714 -1.78938997157 -1.65008512153 -1.39098974499 -1.24914708816 -1.07317981600 -0.760342199932 -0.357471305725 -0.0840494318163 -0.0205754581620 0.251666278797 0.633767716813 0.687203964621 0.453765903429 0.411788708211 0.459356364739 0.422736024622 0.408547726073 0.458852414234 0.531805255881 0.555215418807 0.615125279775 0.676717161447 0.725052355318 0.726168232812 0.708884807614 0.797298955927 0.797298955904
# log_avg_NatM:
-0.563882880826
# m_dev:
 0.00000000000 0.00000000000 0.00000000000 0.00000000000 0.00000000000 0.00000000000 0.00000000000 0.00000000000 0.00000000000 0.00000000000 0.00000000000 0.00000000000 0.00000000000 0.00000000000 0.00000000000 0.00000000000 0.00000000000 0.00000000000 0.00000000000 0.00000000000 0.00000000000 0.00000000000 0.00000000000 0.00000000000 0.00000000000 0.00000000000 0.00000000000 0.00000000000
# log_avg_GrowthK:
-1.18630400000
# log_avg_Linf:
3.44583300000
# GrowthK_dev:
 0.00000000000 0.00000000000 0.00000000000 0.00000000000 0.00000000000 0.00000000000 0.00000000000 0.00000000000 0.00000000000 0.00000000000 0.00000000000 0.00000000000 0.00000000000 0.00000000000 0.00000000000 0.00000000000 0.00000000000 0.00000000000 0.00000000000 0.00000000000 0.00000000000 0.00000000000 0.00000000000 0.00000000000 0.00000000000 0.00000000000 0.00000000000 0.00000000000
# Linf_dev:
 0.00000000000 0.00000000000 0.00000000000 0.00000000000 0.00000000000 0.00000000000 0.00000000000 0.00000000000 0.00000000000 0.00000000000 0.00000000000 0.00000000000 0.00000000000 0.00000000000 0.00000000000 0.00000000000 0.00000000000 0.00000000000 0.00000000000 0.00000000000 0.00000000000 0.00000000000 0.00000000000 0.00000000000 0.00000000000 0.00000000000 0.00000000000 0.00000000000
# SelPars50:
1.04481349195
# SelPars95:
1.16394657384
# SelPars_dev50:
 0.00000000000 0.00000000000 0.00000000000 0.00000000000 0.00000000000 0.00000000000 0.00000000000 0.00000000000 0.00000000000 0.00000000000 0.00000000000 0.00000000000 0.00000000000 0.00000000000 0.00000000000 0.00000000000 0.00000000000 0.00000000000 0.00000000000 0.00000000000 0.00000000000 0.00000000000 0.00000000000 0.00000000000 0.00000000000 0.00000000000 0.00000000000 0.00000000000
# SelPars_dev95:
 0.00000000000 0.00000000000 0.00000000000 0.00000000000 0.00000000000 0.00000000000 0.00000000000 0.00000000000 0.00000000000 0.00000000000 0.00000000000 0.00000000000 0.00000000000 0.00000000000 0.00000000000 0.00000000000 0.00000000000 0.00000000000 0.00000000000 0.00000000000 0.00000000000 0.00000000000 0.00000000000 0.00000000000 0.00000000000 0.00000000000 0.00000000000 0.00000000000
