#Simulated generalized assessment 
# 
#start/end year 
69 96 
#number of ages 
15 
#ages 
1 2 3 4 5 6 7 8 9 10 11 12 13 14 15 
#Number of length bins 
25 
#CPUE years 
28 
#years for CPUE 
69 70 71 72 73 74 75 76 77 78 79 80 81 82 83 84 85 86 87 88 89 90 91 92 93 94 95 96 
#survey years 
28 
#years for survey 
69 70 71 72 73 74 75 76 77 78 79 80 81 82 83 84 85 86 87 88 89 90 91 92 93 94 95 96 
#length freq from catch years 
28 
#years for length freq catch 
69 70 71 72 73 74 75 76 77 78 79 80 81 82 83 84 85 86 87 88 89 90 91 92 93 94 95 96 
#catch length sample sizes 
200 200 200 200 200 200 200 200 200 200 200 200 200 200 200 200 200 200 200 200 200 200 200 200 200 200 200 200 
#length freq from survey years 
28 
#years for length freq survey 
69 70 71 72 73 74 75 76 77 78 79 80 81 82 83 84 85 86 87 88 89 90 91 92 93 94 95 96 
#survey sample sizes 
200 200 200 200 200 200 200 200 200 200 200 200 200 200 200 200 200 200 200 200 200 200 200 200 200 200 200 200 
#total survey biomass 
12791.58 10581.24 12432.55 16450.02 20121.29 21984.75 28956.83 28587.67 40888.96 69169.27 42376.28 84815.77 88802.78 174708.9 128093.5 79132.5 101272.9 112002.6 100068.4 83133.94 89002.84 112149.7 110044.5 101568.9 121263.3 105970.4 143047.4 99597.48 
#survey CV 
0.2 0.2 0.2 0.2 0.2 0.2 0.2 0.2 0.2 0.2 0.2 0.2 0.2 0.2 0.2 0.2 0.2 0.2 0.2 0.2 0.2 0.2 0.2 0.2 0.2 0.2 0.2 0.2 
#total CPUE 
8087.765 10179.99 9367.343 12825.58 10930.95 13699.89 22387.55 27881.39 39747.53 54572.33 81619.65 75828.06 86794.4 118492.5 106006.9 101119 118849.5 104102.6 109884.5 94371.1 126688.1 59179.26 114349.3 180734.5 136353.2 180964.3 183931.9 105613.4 
#CPUE CV 
0.2 0.2 0.2 0.2 0.2 0.2 0.2 0.2 0.2 0.2 0.2 0.2 0.2 0.2 0.2 0.2 0.2 0.2 0.2 0.2 0.2 0.2 0.2 0.2 0.2 0.2 0.2 0.2 
#total catch biomass 
6906.895 7872.595 7970.524 9552.126 11542.85 13823.31 17220.94 20910.44 25466 37675.86 48194.08 55994.99 74458.88 95352.45 112625.1 97636.71 85541.2 80633.04 86563.45 76532.37 81980.73 84228.07 88535.33 96333.88 96858.39 106918.3 109464.8 100408.2 
#catch CV 
0.05 0.05 0.05 0.05 0.05 0.05 0.05 0.05 0.05 0.05 0.05 0.05 0.05 0.05 0.05 0.05 0.05 0.05 0.05 0.05 0.05 0.05 0.05 0.05 0.05 0.05 0.05 0.05 
#Length Bins 
0.7268035 2.18041 3.634017 5.087624 6.541231 7.994838 9.448445 10.90205 12.35566 13.80927 15.26287 16.71648 18.17009 19.62369 21.0773 22.53091 23.98451 25.43812 26.89173 28.34534 29.79894 31.25255 32.70616 34.15976 35.61337 
#catch length counts 
2.012971e-37 2.793872e-29 4.687299e-22 9.505749e-16 2.330222e-10 6.904875e-06 0.02473214 10.70816 560.4226 3545.436 2732.935 1418.194 7585.858 6404.391 4395.339 4246.446 1731.664 644.6897 135.7032 15.7513 0.7500741 0.01071516 3.45404e-05 2.042946e-08 1.937177e-12 
2.409713e-37 3.344523e-29 5.611132e-22 1.137926e-15 2.789492e-10 8.265776e-06 0.02960666 12.81866 670.8778 4244.221 3271.911 1630.238 8123.218 6520.253 4541.552 4018.56 1565.288 527.4809 99.07191 9.870834 0.3819476 0.004196728 1.000691e-05 4.277061e-09 2.893185e-13 
4.443704e-37 6.167568e-29 1.034738e-21 2.098427e-15 5.144046e-10 1.524275e-05 0.05459705 23.63864 1237.152 7826.648 6017.301 2077.738 8724.646 6659.693 4761.712 3857.444 1437.196 436.392 72.05028 6.028857 0.1873905 0.001578452 2.782176e-06 8.592188e-10 4.145327e-14 
4.746421e-37 6.58772e-29 1.105227e-21 2.241377e-15 5.494473e-10 1.628113e-05 0.05831635 25.24897 1321.43 8359.896 6452.41 3222.84 14057.61 9812.229 5141.113 3621.644 1279.078 346.9736 49.78983 3.437458 0.08417443 0.0005382824 7.000825e-07 1.563605e-10 5.386891e-15 
8.180772e-37 1.135437e-28 1.904932e-21 3.863163e-15 9.470089e-10 2.806161e-05 0.1005121 43.51827 2277.573 14408.74 11082.25 3643.672 13076.33 9172.182 7434.262 4749.733 1208.911 265.8521 32.64055 1.835297 0.03485134 0.00016677 1.587974e-07 2.560139e-11 6.304245e-16 
1.200989e-36 1.666893e-28 2.796559e-21 5.671366e-15 1.390269e-09 4.11962e-05 0.1475581 63.88756 3343.62 21153.03 16292.02 5934.192 20514.79 12833.67 7197.039 4343.749 1425.944 264.0968 22.83738 0.9936051 0.01444616 5.114881e-05 3.529442e-08 4.079098e-12 7.156918e-17 
1.284044e-36 1.782169e-28 2.989958e-21 6.063575e-15 1.486414e-09 4.404516e-05 0.1577626 68.30576 3574.852 22616.08 17465.82 7656.352 25943.63 15751.34 10226.32 5177.304 1180.269 208.8882 17.0909 0.521725 0.005337156 1.370594e-05 6.796639e-09 5.590046e-13 6.945106e-18 
2.042771e-36 2.835231e-28 4.756689e-21 9.646469e-15 2.364718e-09 7.007093e-05 0.2509827 108.6668 5687.19 35979.47 27713.94 9088.586 25950.14 15824.11 12701.02 6102.862 1410.445 189.83 11.9825 0.313837 0.002307142 3.99108e-06 1.372865e-09 7.945396e-14 6.949814e-19 
3.53844e-36 4.911122e-28 8.239426e-21 1.670939e-14 4.09611e-09 0.0001213752 0.4347464 188.2302 9851.218 62322.87 47995.77 14559.83 37077.86 20042.83 12287.42 5533.037 1384.661 173.6781 8.789295 0.1663525 0.000936273 1.171841e-06 2.718663e-10 1.058758e-14 6.356775e-20 
5.163719e-36 7.166902e-28 1.202396e-20 2.438436e-14 5.977538e-09 0.0001771254 0.6344344 274.6882 14376.09 90949.88 70190.93 24183.81 59621.27 30071.53 16843.66 6186.946 1163.435 133.7681 6.30356 0.09434228 0.0003760213 3.356271e-07 5.578401e-11 1.504421e-15 6.095878e-21 
6.366731e-36 8.836603e-28 1.482523e-20 3.006528e-14 7.370149e-09 0.000218391 0.782241 338.6833 17725.34 112140.3 86794.08 34350.07 81576.49 40904.34 25363.74 8167.921 1245.292 104.5689 3.811645 0.04843837 0.0001511905 9.591297e-08 1.101784e-11 2.074786e-16 5.890621e-22 
7.245917e-36 1.005686e-27 1.687246e-20 3.421701e-14 8.387898e-09 0.0002485487 0.8902612 385.4524 20173.05 127627.7 99030.69 42370.25 94581.63 47977.1 32188.07 9656.259 1415.583 94.84494 2.418632 0.02168578 5.177591e-05 2.517229e-08 2.099399e-12 2.752334e-17 5.37255e-23 
1.441111e-35 2.000167e-27 3.355695e-20 6.805282e-14 1.668235e-08 0.0004943284 1.770604 766.6104 40121.34 253829.1 195935.3 56874.3 101367.2 51240.41 34522.02 9714.369 1391.028 82.87061 1.705761 0.01061993 1.693884e-05 5.793551e-09 3.542045e-13 3.401368e-18 4.753262e-24 
1.568575e-35 2.177079e-27 3.652502e-20 7.407201e-14 1.815788e-08 0.0005380512 1.927212 834.4162 43670.04 276295.8 215616 103548.3 198407.4 79645.04 36239.49 9279.181 1262.869 68.29897 1.230546 0.006069759 6.861589e-06 1.557426e-09 6.35228e-14 4.216466e-19 4.18916e-25 
1.275437e-35 1.770223e-27 2.969916e-20 6.022929e-14 1.47645e-08 0.0004374992 1.567051 678.4789 35508.92 224677.5 177386.4 114403.5 214953.7 107190.5 64787.96 12593.84 1165.665 53.37507 0.8392353 0.003456604 3.065544e-06 5.070824e-10 1.418369e-14 6.267056e-20 4.149009e-26 
9.592898e-36 1.331431e-27 2.233752e-20 4.530004e-14 1.110477e-08 0.0003290547 1.17862 510.3019 26707.21 168997.6 134573.5 97821.57 173520.1 101743.3 67228.44 14843.45 1522.106 49.62837 0.547574 0.001789985 1.269767e-06 1.626779e-10 3.388457e-15 1.071763e-20 4.914512e-27 
1.323565e-35 1.837021e-27 3.081984e-20 6.250202e-14 1.532163e-08 0.000454008 1.626183 704.0811 36848.84 233154.8 182959.9 84644.44 127224.8 79180.68 50951.34 12009 1325.878 45.16552 0.4227705 0.000947262 4.750388e-07 4.570482e-11 7.216642e-16 1.70751e-21 5.749182e-28 
1.23045e-35 1.707784e-27 2.865162e-20 5.810491e-14 1.424374e-08 0.0004220679 1.511779 654.548 34256.51 216786.3 173406.8 116372.3 167749.6 73751.43 36086 8287.594 897.4441 31.12777 0.2879033 0.0005688199 2.125447e-07 1.398241e-11 1.533256e-16 2.611707e-22 6.444916e-29 
1.333412e-35 1.850687e-27 3.104912e-20 6.296699e-14 1.543562e-08 0.0004573855 1.638281 709.319 37123.03 234934.1 187876.3 115404.9 154171 85234.88 40274.33 6237.48 510.1769 16.08286 0.1386823 0.0002522966 8.222457e-08 4.326042e-12 3.46628e-17 4.085598e-23 6.908982e-30 
1.356243e-35 1.882376e-27 3.158076e-20 6.404515e-14 1.569991e-08 0.0004652172 1.666332 721.4643 37758.73 238989.9 193236.3 130935.8 161916 81532.22 35420.2 5855.988 393.2537 8.39032 0.0561753 8.686366e-05 2.425375e-08 1.074373e-12 7.014017e-18 6.447716e-24 8.112494e-31 
1.619463e-35 2.247708e-27 3.770996e-20 7.647503e-14 1.874695e-08 0.0005555065 1.989734 861.4862 45086.99 285385.2 230494.2 140999.9 159359.4 82965.58 32151.19 4496.107 270.3201 4.962847 0.02355114 2.539073e-05 5.384205e-09 1.89664e-13 9.930703e-19 7.276999e-25 7.205419e-32 
1.702587e-35 2.363079e-27 3.964555e-20 8.040038e-14 1.970921e-08 0.0005840199 2.091864 905.705 47401.38 300108.3 246482.6 172636.5 181329.2 84220.87 28716.53 3690.315 185.4921 2.778327 0.01071959 8.591662e-06 1.254932e-09 3.075175e-14 1.171512e-19 6.458622e-26 4.884746e-33 
1.959022e-35 2.718994e-27 4.561676e-20 9.250988e-14 2.267771e-08 0.000671982 2.40693 1042.118 54540.88 345357.3 284838.6 191882.1 189275.4 93835.47 28554.68 3054.629 128.2168 1.573611 0.004739289 2.922832e-06 3.207578e-10 5.632857e-15 1.483365e-20 5.626209e-27 2.978405e-34 
2.205928e-35 3.061683e-27 5.136608e-20 1.041694e-13 2.55359e-08 0.0007566753 2.710288 1173.461 61415.24 388994.6 324918.2 227931.9 208045.4 95780.82 26382.72 2615.371 90.3838 0.8644054 0.002014782 9.428432e-07 7.705943e-11 9.995533e-16 1.923447e-21 5.231879e-28 1.945908e-35 
2.614068e-35 3.628154e-27 6.08698e-20 1.234427e-13 3.026053e-08 0.000896675 3.211744 1390.575 72778.65 461084.4 388071.2 267111 227956.5 102594.9 24696.08 2089.948 61.29027 0.4780135 0.0008478506 2.939354e-07 1.770631e-11 1.681585e-16 2.352586e-22 4.633369e-29 1.244191e-36 
2.965123e-35 4.115395e-27 6.904428e-20 1.400204e-13 3.432436e-08 0.001017093 3.643063 1577.321 82553.22 523244.1 447572.5 320727.3 255210.3 106871.4 22667.91 1661.013 39.55529 0.2447986 0.0003390577 8.869473e-08 3.905578e-12 2.675351e-17 2.693217e-23 3.814624e-30 7.355547e-38 
2.536718e-35 3.520797e-27 5.906868e-20 1.197901e-13 2.936513e-08 0.0008701426 3.116709 1349.429 70627.8 448260.4 405350.7 370941.3 289204.6 118487.4 22232.62 1402.355 27.54102 0.13491 0.000142645 2.805409e-08 9.185426e-13 4.607069e-18 3.344876e-24 3.384169e-31 4.643497e-39 
2.397941e-35 3.328184e-27 5.583719e-20 1.132367e-13 2.775865e-08 0.0008225394 2.946202 1275.605 66763.47 423570 376001.8 315394.6 266123.4 123794.6 22460.36 1286.988 22.02657 0.09169113 8.088797e-05 1.305878e-08 3.473713e-13 1.410862e-18 8.284248e-25 6.759706e-32 7.445862e-40 
#survey length counts 
8.600443e-37 1.193685e-28 2.002654e-21 4.061342e-15 9.955901e-10 2.950115e-05 0.1056683 45.75074 2394.412 15147.78 11617.15 2873.735 11720.65 9809.992 6124.082 5791.552 2271.19 815.2176 163.9021 18.28925 0.8336656 0.01136694 3.504544e-05 1.992474e-08 1.826327e-12 
1.308461e-36 1.816058e-28 3.046814e-21 6.178877e-15 1.514679e-09 4.488271e-05 0.1607626 69.60463 3642.829 23045.63 17661.84 3583.042 11944.82 9519.668 6239.443 5442.928 2052.162 668.309 119.0401 11.25169 0.4158279 0.004380905 1.003611e-05 4.13522e-09 2.707845e-13 
1.16884e-36 1.622272e-28 2.721698e-21 5.51955e-15 1.353053e-09 4.009342e-05 0.1436081 62.17736 3254.115 20586.6 15810.81 4677.683 18435.8 13555.93 6642.075 5026.563 1806.172 528.8967 82.5636 6.497901 0.190812 0.001536609 2.609793e-06 7.798902e-10 3.652546e-14 
1.739798e-36 2.414724e-28 4.051201e-21 8.215754e-15 2.013995e-09 5.967837e-05 0.2137582 92.54992 4843.694 30642.74 23503.46 5292.658 16728.39 12236.58 9442.303 6632.079 1732.496 408.8134 55.02886 3.560025 0.08175204 0.0004956242 6.187917e-07 1.338268e-10 4.486753e-15 
2.158915e-36 2.996432e-28 5.027137e-21 1.019493e-14 2.499168e-09 7.405491e-05 0.2652526 114.8452 6010.542 38024.71 29200.87 7754.478 25220.6 16638.68 8974.779 5859.475 1993.811 409.7536 38.82057 1.948194 0.0345191 0.0001557248 1.413973e-07 2.197127e-11 5.256089e-16 
2.076693e-36 2.882313e-28 4.835678e-21 9.806657e-15 2.403986e-09 7.123452e-05 0.2551504 110.4713 5781.63 36576.75 28149.44 9424.509 31620.56 20166.4 12780.2 7132.406 1681.487 324.7527 30.04663 1.071759 0.01335727 4.386314e-05 2.871107e-08 3.181024e-12 5.395241e-17 
2.911016e-36 4.040298e-28 6.778438e-21 1.374654e-14 3.369801e-09 9.985337e-05 0.3576585 154.8538 8104.431 51271.56 39410.53 10802.24 30788.47 19552.36 15596.7 8258.379 2001.644 299.7678 21.13613 0.6561789 0.005965163 1.320795e-05 6.001433e-09 4.685335e-13 5.600375e-18 
4.591544e-36 6.372761e-28 1.069163e-20 2.168241e-14 5.315187e-09 0.0001574987 0.5641348 244.2509 12783.12 80870.77 62177.52 16671.29 43383.22 24643.42 15060.36 7399.386 1960.226 276.6861 15.96193 0.35836 0.002504998 4.047772e-06 1.24289e-09 6.529081e-14 5.359633e-19 
6.167325e-36 8.559841e-28 1.436091e-20 2.912363e-14 7.139316e-09 0.000211551 0.7577413 328.0758 17170.18 108625.8 83691.72 26502.98 68702.37 36465.15 20578.77 8345.216 1656.178 212.7877 11.60676 0.2095149 0.0010429 1.203514e-06 2.655724e-10 9.672654e-15 5.356082e-20 
7.078305e-36 9.824221e-28 1.648217e-20 3.342551e-14 8.193869e-09 0.0002427993 0.8696677 376.5361 19706.4 124672.5 96331.07 36326.39 92467.57 48464.04 30754.48 11005.51 1793.102 169.6148 7.106459 0.1096818 0.0004327767 3.569241e-07 5.450234e-11 1.387469e-15 5.386376e-21 
7.646977e-36 1.06135e-27 1.780635e-20 3.611092e-14 8.852166e-09 0.0002623059 0.939537 406.7871 21289.62 134690.4 104348.3 43825.92 106050.1 55799.47 38909.42 12939.23 2053.832 157.5259 4.661761 0.05066434 0.0001531066 9.735489e-08 1.083495e-11 1.922303e-16 5.132245e-22 
1.52841e-35 2.121332e-27 3.558974e-20 7.217528e-14 1.769292e-08 0.0005242736 1.877863 813.0497 42551.79 269203.3 207589.9 59250.69 114275.4 59583.86 42205.47 13111.22 2053.661 141.1489 3.427495 0.02614056 5.279761e-05 2.360975e-08 1.9304e-12 2.514192e-17 4.808788e-23 
1.655991e-35 2.298407e-27 3.856054e-20 7.82e-14 1.916981e-08 0.0005680365 2.034614 880.9178 46103.74 291688.4 227158.9 107872.4 225472.5 94964 45006.33 12653.86 1900.781 119.1031 2.559863 0.01565178 2.259457e-05 6.717948e-09 3.663584e-13 3.301022e-18 4.496235e-24 
1.333863e-35 1.851314e-27 3.105963e-20 6.29883e-14 1.544084e-08 0.0004575403 1.638835 709.559 37135.52 234962.6 184956.3 119049.2 244278.7 124871.5 81509.55 17745.34 1798.161 95.09461 1.797504 0.009252641 1.056326e-05 2.300865e-09 8.619531e-14 5.168303e-19 4.690155e-25 
9.904794e-36 1.37472e-27 2.306378e-20 4.677289e-14 1.146582e-08 0.0003397533 1.216941 526.8935 27575.53 174485.1 138471.1 101464.8 196469.3 116808.1 84597.36 20611.28 2400.263 91.95533 1.211814 0.004959334 4.554815e-06 7.722139e-10 2.161063e-14 9.285822e-20 5.833078e-26 
1.364846e-35 1.894317e-27 3.178109e-20 6.445142e-14 1.579951e-08 0.0004681683 1.676903 726.0409 37998.12 240420.1 188280.5 88242.07 144851.3 91270.07 64722.68 16718.38 2115.131 85.51026 0.9809013 0.00276468 1.79287e-06 2.288309e-10 4.869773e-15 1.568779e-20 7.24373e-27 
1.252776e-35 1.73877e-27 2.917147e-20 5.915916e-14 1.450217e-08 0.0004297259 1.539208 666.424 34878.04 220708.3 175995.3 120986.1 191495.3 86550.69 45978.01 11557.8 1438.874 59.44407 0.6815317 0.001719195 8.38273e-07 7.324515e-11 1.08342e-15 2.518115e-21 8.540253e-28 
1.352332e-35 1.876948e-27 3.148969e-20 6.386046e-14 1.565464e-08 0.0004638756 1.661527 719.3839 37649.77 238254.6 190000 120311.2 175865.3 99487.6 52627.98 9014.88 835.3483 31.38768 0.3373785 0.0007901193 3.389958e-07 2.383698e-11 2.581551e-16 4.151086e-22 9.652022e-29 
1.358217e-35 1.885116e-27 3.162674e-20 6.413838e-14 1.572277e-08 0.0004658944 1.668758 722.5146 37813.66 239320.3 192917.8 135954.9 184182.6 95356.24 46097.11 8487.942 665.5589 16.90113 0.1403244 0.000280389 1.036581e-07 6.171215e-12 5.468731e-17 6.872228e-23 1.188543e-29 
1.619639e-35 2.247952e-27 3.771405e-20 7.648334e-14 1.874899e-08 0.0005555669 1.98995 861.5798 45091.83 285394.3 229893.6 147016.2 181817.9 97822.36 42584.26 6645.309 466.7862 10.38831 0.06175702 8.585511e-05 2.412809e-08 1.146573e-12 8.18156e-18 8.223859e-24 1.122116e-30 
1.700975e-35 2.360841e-27 3.9608e-20 8.032423e-14 1.969054e-08 0.0005834667 2.089883 904.8472 47356.4 299791.6 245484.9 181098.7 208263.4 100576 38486.83 5563.455 329.7239 6.005176 0.02927099 3.050863e-05 5.916176e-09 1.956602e-13 1.018206e-18 7.72551e-25 8.077193e-32 
1.946595e-35 2.701745e-27 4.532738e-20 9.192301e-14 2.253384e-08 0.000667719 2.391661 1035.507 54194.75 343124.3 282232.3 201324 216696.6 112558.3 38797.64 4691.759 233.1327 3.508283 0.01342017 1.080872e-05 1.58159e-09 3.755867e-14 1.351194e-19 7.056898e-26 5.174631e-33 
2.181935e-35 3.028381e-27 5.080738e-20 1.030363e-13 2.525815e-08 0.0007484451 2.680809 1160.698 60747.04 384704.2 320491 239512.9 238511.6 115766.4 36098.49 4086.738 168.9191 1.99023 0.005920684 3.634074e-06 3.971832e-10 6.983218e-15 1.838632e-20 6.887794e-27 3.545432e-34 
2.571796e-35 3.569484e-27 5.988549e-20 1.214466e-13 2.97712e-08 0.000882175 3.159807 1368.088 71601.45 453546.5 380843.8 280584.7 260823.7 124861.4 34195.21 3321.317 117.1339 1.135794 0.002585739 1.17946e-06 9.526514e-11 1.228882e-15 2.355936e-21 6.398403e-28 2.380106e-35 
2.938219e-35 4.078054e-27 6.841782e-20 1.3875e-13 3.401292e-08 0.001007865 3.610008 1563.01 81803.66 518377.5 442440.4 340918.5 295310.6 132535.6 32071.95 2721.13 78.43578 0.6065177 0.001084107 3.747225e-07 2.217529e-11 2.066466e-16 2.854762e-22 5.58258e-29 1.492563e-36 
2.479895e-35 3.441931e-27 5.774554e-20 1.171068e-13 2.870735e-08 0.0008506513 3.046895 1319.201 69044.9 438053.4 395209.8 391739.9 331110.9 146764 31549.97 2321.172 55.54587 0.3422291 0.0004690468 1.222983e-07 5.395847e-12 3.687712e-17 3.677107e-23 5.139223e-30 9.783751e-38 
2.359592e-35 3.274958e-27 5.494421e-20 1.114257e-13 2.731471e-08 0.0008093848 2.899085 1255.205 65696.18 416950.3 376637.8 345624.2 296391 147191.7 28838.92 1831.743 35.73272 0.1735199 0.0001822315 3.552656e-08 1.153082e-12 5.755406e-18 4.173938e-24 4.221123e-31 5.77709e-39 
2.39492e-35 3.323991e-27 5.576685e-20 1.130941e-13 2.772368e-08 0.0008215032 2.942491 1273.998 66679.57 423108.4 378628.9 331126.9 276217.1 128131.8 25977.84 1720.365 30.97041 0.1297994 0.0001139129 1.826021e-08 4.825663e-13 1.946755e-18 1.13523e-24 9.209101e-32 1.010448e-39 
