#Simulated generalized assessment 
# 
#start/end year 
69 96 
#number of ages 
15 
#ages 
1 2 3 4 5 6 7 8 9 10 11 12 13 14 15 
#Number of length bins 
25 
#CPUE years 
28 
#years for CPUE 
69 70 71 72 73 74 75 76 77 78 79 80 81 82 83 84 85 86 87 88 89 90 91 92 93 94 95 96 
#survey years 
28 
#years for survey 
69 70 71 72 73 74 75 76 77 78 79 80 81 82 83 84 85 86 87 88 89 90 91 92 93 94 95 96 
#length freq from catch years 
28 
#years for length freq catch 
69 70 71 72 73 74 75 76 77 78 79 80 81 82 83 84 85 86 87 88 89 90 91 92 93 94 95 96 
#catch length sample sizes 
200 200 200 200 200 200 200 200 200 200 200 200 200 200 200 200 200 200 200 200 200 200 200 200 200 200 200 200 
#length freq from survey years 
28 
#years for length freq survey 
69 70 71 72 73 74 75 76 77 78 79 80 81 82 83 84 85 86 87 88 89 90 91 92 93 94 95 96 
#survey sample sizes 
200 200 200 200 200 200 200 200 200 200 200 200 200 200 200 200 200 200 200 200 200 200 200 200 200 200 200 200 
#total survey biomass 
13305.9 11139.86 12202.98 17502.32 12434.65 17772.33 24649.59 23216.51 36521.81 56777.07 76906.02 75652.69 86998.29 94298.1 92820.16 102408.1 123404.5 64867.8 122499.7 67913.72 98647.88 73022.78 113933.5 128911.4 126152.4 100354.6 96289.9 98175.55 
#survey CV 
0.2 0.2 0.2 0.2 0.2 0.2 0.2 0.2 0.2 0.2 0.2 0.2 0.2 0.2 0.2 0.2 0.2 0.2 0.2 0.2 0.2 0.2 0.2 0.2 0.2 0.2 0.2 0.2 
#total CPUE 
8160.113 8066.33 9411.258 11738.39 14347.94 12931.68 15211.4 24451.55 33492.87 51335.9 54838.26 93566.91 136779.1 113428.7 108158.4 87329.21 69571.26 97552.16 108989.7 85562.2 142222 126516.7 103140.6 151945.5 147234 148408.7 145353 129064.6 
#CPUE CV 
0.2 0.2 0.2 0.2 0.2 0.2 0.2 0.2 0.2 0.2 0.2 0.2 0.2 0.2 0.2 0.2 0.2 0.2 0.2 0.2 0.2 0.2 0.2 0.2 0.2 0.2 0.2 0.2 
#total catch biomass 
7464.696 7818.146 8489.68 8973.68 11745.98 13562.2 18072.8 20266.87 25582.58 38203.3 49158.29 56660.66 68696.46 97160.96 97897.3 89052.96 77643.13 82008.7 75680.02 79218.79 76851.07 80253.72 85883.15 97881.52 103962.8 115718.3 109107.7 104857.2 
#catch CV 
0.05 0.05 0.05 0.05 0.05 0.05 0.05 0.05 0.05 0.05 0.05 0.05 0.05 0.05 0.05 0.05 0.05 0.05 0.05 0.05 0.05 0.05 0.05 0.05 0.05 0.05 0.05 0.05 
#Length Bins 
0.7268035 2.18041 3.634017 5.087624 6.541231 7.994838 9.448445 10.90205 12.35566 13.80927 15.26287 16.71648 18.17009 19.62369 21.0773 22.53091 23.98451 25.43812 26.89173 28.34534 29.79894 31.25255 32.70616 34.15976 35.61337 
#catch length counts 
2.007463e-37 2.786226e-29 4.674473e-22 9.479737e-16 2.323846e-10 6.88598e-06 0.02466446 10.67886 558.889 3535.735 2725.574 1420.626 7606.079 6419.945 4394.129 4241.424 1723.667 638.9322 133.3359 15.26494 0.7140523 0.01004009 3.199054e-05 1.876598e-08 1.769122e-12 
2.441256e-37 3.388303e-29 5.68458e-22 1.152821e-15 2.826006e-10 8.373973e-06 0.02999421 12.98646 679.6595 4299.776 3314.595 1644.324 8185.309 6572.227 4592.291 4064.129 1580.071 531.1682 99.23011 9.792609 0.3735472 0.004039484 9.500713e-06 4.018953e-09 2.698024e-13 
4.417725e-37 6.131511e-29 1.028688e-21 2.086159e-15 5.113973e-10 1.515364e-05 0.05427787 23.50044 1229.92 7780.892 5982.129 2065.904 8675.369 6618.948 4713.767 3812.637 1412.403 426.6475 69.96321 5.810385 0.1787226 0.00148614 2.585107e-06 7.89154e-10 3.771984e-14 
4.730352e-37 6.565416e-29 1.101485e-21 2.233789e-15 5.475871e-10 1.622601e-05 0.05811892 25.16348 1316.957 8331.592 6430.635 3215.04 14026.63 9791.031 5132.258 3615.781 1276.762 345.5147 49.30642 3.380636 0.08213154 0.0005203572 6.698044e-07 1.480532e-10 5.052177e-15 
8.245176e-37 1.144376e-28 1.919928e-21 3.893576e-15 9.544643e-10 2.828252e-05 0.1013034 43.86087 2295.503 14522.17 11169.29 3664.114 13138.28 9216.828 7475.937 4779.159 1219.915 268.7113 32.95383 1.843646 0.03477606 0.0001652325 1.56163e-07 2.49809e-11 6.103347e-16 
1.190135e-36 1.651828e-28 2.771285e-21 5.62011e-15 1.377704e-09 4.082388e-05 0.1462245 63.31016 3313.402 20961.86 16145.2 5896.621 20403.43 12759.65 7137.391 4300.14 1405.504 260.0903 22.49303 0.9768843 0.01413814 4.976871e-05 3.414181e-08 3.923278e-12 6.84417e-17 
1.31696e-36 1.827854e-28 3.066605e-21 6.219012e-15 1.524518e-09 4.517425e-05 0.1618068 70.05676 3666.492 23195.83 17911.97 7796.76 26369.91 16019.59 10432.92 5291.545 1213.709 215.1965 17.61476 0.5380933 0.005498934 1.407509e-05 6.94938e-09 5.689949e-13 7.038431e-18 
2.061776e-36 2.861609e-28 4.800943e-21 9.736216e-15 2.386719e-09 7.072284e-05 0.2533177 109.6778 5740.101 36314.2 27970.76 9139.871 26057.99 15839.81 12575.61 5999.249 1358.813 181.379 11.38673 0.2974721 0.002185034 3.77578e-06 1.295943e-09 7.477687e-14 6.519093e-19 
3.562604e-36 4.944659e-28 8.295691e-21 1.682349e-14 4.124082e-09 0.0001222041 0.4377152 189.5155 9918.49 62748.45 48322.3 14622.58 37196.06 20076.31 12227.3 5458.425 1337.662 164.6256 8.171528 0.1532567 0.000859074 1.07356e-06 2.4884e-10 9.679049e-15 5.801187e-20 
5.142799e-36 7.137865e-28 1.197525e-20 2.428557e-14 5.953321e-09 0.0001764078 0.631864 273.5753 14317.84 90581.41 69908.33 24134.86 59542.44 29995.88 16722.38 6111.865 1131.087 127.3636 5.856063 0.08587437 0.0003379796 2.999373e-07 4.972721e-11 1.33951e-15 5.423378e-21 
6.344078e-36 8.805162e-28 1.477249e-20 2.99583e-14 7.343926e-09 0.0002176139 0.7794577 337.4783 17662.27 111741.3 86485.53 34234.47 81309.28 40816.57 25383.64 8174.841 1243.84 103.4369 3.693055 0.04585543 0.0001403441 8.780584e-08 1.000509e-11 1.876209e-16 5.315478e-22 
7.112779e-36 9.872068e-28 1.656244e-20 3.35883e-14 8.233776e-09 0.0002439818 0.8739033 378.3699 19802.38 125282.7 97220.45 41809.01 93462.35 47455.13 31906.1 9606.047 1418.293 95.17552 2.413536 0.02129394 4.982362e-05 2.379443e-08 1.956923e-12 2.539778e-17 4.924595e-23 
1.419924e-35 1.970761e-27 3.30636e-20 6.705231e-14 1.643709e-08 0.0004870609 1.744573 755.3398 39531.49 250097.4 193060.1 56153.28 100209.3 51084.27 34910.61 9995.014 1473.616 89.42399 1.866767 0.01164381 1.841353e-05 6.207095e-09 3.738128e-13 3.54289e-18 4.898062e-24 
1.577278e-35 2.189158e-27 3.672766e-20 7.448296e-14 1.825862e-08 0.0005410363 1.937904 839.0456 43912.32 277828.7 216815.7 104190.2 199703.1 80569.66 37180.67 9776.3 1386.912 77.81601 1.449527 0.007292362 8.317763e-06 1.886507e-09 7.638426e-14 5.017414e-19 4.930473e-25 
1.27322e-35 1.767145e-27 2.964753e-20 6.012459e-14 1.473884e-08 0.0004367387 1.564327 677.2995 35447.19 224287 177085.9 114342.2 214854 106903.8 64473.05 12544.55 1174.308 55.53167 0.9072882 0.003860982 3.504212e-06 5.87497e-10 1.653215e-14 7.306215e-20 4.818182e-26 
9.559795e-36 1.326837e-27 2.226044e-20 4.514372e-14 1.106645e-08 0.0003279192 1.174553 508.5409 26615.04 168414.4 134112.3 97536.02 173033 101506 67059.65 14766.33 1511.241 49.56693 0.5598144 0.001892725 1.384675e-06 1.817321e-10 3.85112e-15 1.231888e-20 5.68611e-27 
1.333867e-35 1.851319e-27 3.105972e-20 6.29885e-14 1.544089e-08 0.0004575418 1.63884 709.5612 37135.65 234969.4 184364.3 85018.86 127694.5 79535.4 51217.02 12086.98 1334.223 45.38249 0.4259583 0.0009674925 4.972161e-07 4.912674e-11 7.939343e-16 1.914316e-21 6.541424e-28 
1.228147e-35 1.704587e-27 2.859798e-20 5.799613e-14 1.421707e-08 0.0004212777 1.508948 653.3225 34192.38 216380.4 173075.9 116070.8 167206 72988.37 35399.48 8024.978 861.2639 29.7112 0.2738049 0.0005406614 2.030522e-07 1.352582e-11 1.510211e-16 2.623074e-22 6.591292e-29 
1.333022e-35 1.850146e-27 3.104004e-20 6.294857e-14 1.54311e-08 0.0004572518 1.637801 709.1115 37112.17 234865.4 187828.7 115458.6 154279.9 85370.33 40322.47 6215.799 503.5647 15.7136 0.1346387 0.000244021 7.9379e-08 4.178567e-12 3.360915e-17 3.99174e-23 6.825097e-30 
1.343632e-35 1.864873e-27 3.128711e-20 6.344963e-14 1.555393e-08 0.0004608914 1.650838 714.7558 37407.63 236767.9 191457.2 129908.9 160689.5 80948.91 35176.48 5814.985 389.4677 8.243133 0.05463664 8.38708e-05 2.33148e-08 1.030012e-12 6.714735e-18 6.171552e-24 7.775277e-31 
1.613858e-35 2.239928e-27 3.757944e-20 7.621034e-14 1.868207e-08 0.0005535839 1.982847 858.5045 44930.93 284397.2 229676.4 140323.9 158770.1 83358.79 32565.25 4626.984 281.3503 5.189456 0.02457914 2.63276e-05 5.54541e-09 1.943707e-13 1.014284e-18 7.415481e-25 7.331327e-32 
1.700047e-35 2.359553e-27 3.958639e-20 8.02804e-14 1.96798e-08 0.0005831483 2.088743 904.3535 47330.65 299661.5 246190 173047.9 181982.9 84921.02 29209.14 3829.724 196.37 2.996227 0.01168023 9.387436e-06 1.368323e-09 3.337917e-14 1.265492e-19 6.948542e-26 5.238951e-33 
1.966463e-35 2.729321e-27 4.579002e-20 9.286123e-14 2.276384e-08 0.0006745342 2.416072 1046.076 54748.02 346667.7 285833.1 191921 189356.1 94192.03 28745.24 3098.959 132.077 1.654885 0.005077669 3.173153e-06 3.506688e-10 6.172138e-15 1.624202e-20 6.14509e-27 3.2425e-34 
2.203222e-35 3.057926e-27 5.130306e-20 1.040416e-13 2.550457e-08 0.0007557469 2.706963 1172.022 61339.89 388518.4 324579.5 228073.9 208048.4 95474.42 26291.53 2611.617 90.69963 0.8772775 0.002078465 9.890551e-07 8.196548e-11 1.073908e-15 2.079682e-21 5.675929e-28 2.113636e-35 
2.604545e-35 3.614937e-27 6.064807e-20 1.229931e-13 3.01503e-08 0.0008934086 3.200044 1385.509 72513.54 459405.1 386674.3 266264.3 227481.4 102726 24766.39 2100.292 61.79283 0.4844285 0.0008661882 3.037417e-07 1.853709e-11 1.78274e-16 2.521435e-22 5.00987e-29 1.354377e-36 
2.974907e-35 4.128975e-27 6.927213e-20 1.404825e-13 3.443763e-08 0.00102045 3.655085 1582.527 82825.65 524972.4 449123 322253.3 256895.3 108206.1 23134.95 1715.709 41.18455 0.2564822 0.0003572144 9.399872e-08 4.168898e-12 2.880157e-17 2.926493e-23 4.183848e-30 8.138482e-38 
2.521211e-35 3.499275e-27 5.870759e-20 1.190578e-13 2.918562e-08 0.0008648234 3.097657 1341.18 70196.05 445519.2 402828.1 368413.2 286997.1 117352 21995.76 1389.144 27.45208 0.1355215 0.0001441564 2.848696e-08 9.367314e-13 4.718851e-18 3.442596e-24 3.502005e-31 4.834019e-39 
2.40281e-35 3.334941e-27 5.595056e-20 1.134666e-13 2.7815e-08 0.0008242094 2.952184 1278.195 66899.03 424433.7 376924.8 316984.5 268385.2 125723.6 23000.73 1333.133 23.00147 0.09652182 8.585418e-05 1.395914e-08 3.733414e-13 1.522699e-18 8.972399e-25 7.344845e-32 8.11617e-40 
#survey length counts 
8.585503e-37 1.191611e-28 1.999175e-21 4.054287e-15 9.938607e-10 2.944991e-05 0.1054848 45.67127 2390.252 15121.47 11596.99 2869.337 11704.2 9799.608 6143.824 5813.32 2275.971 815.1212 163.0606 18.03069 0.8104048 0.01087187 3.304623e-05 1.858775e-08 1.690472e-12 
1.308179e-36 1.815666e-28 3.046157e-21 6.177545e-15 1.514352e-09 4.487303e-05 0.1607279 69.58963 3642.044 23040.67 17657.95 3578.2 11917.34 9493.822 6195.529 5396.24 2023.219 655.5303 115.9783 10.88245 0.3980745 0.004139681 9.35575e-06 3.808942e-09 2.470316e-13 
1.16936e-36 1.622994e-28 2.72291e-21 5.522007e-15 1.353655e-09 4.011127e-05 0.143672 62.20504 3255.564 20595.77 15817.81 4678.385 18436.12 13556.4 6643.773 5028.174 1806.485 527.8553 81.95977 6.406558 0.1866568 0.001489157 2.502614e-06 7.39902e-10 3.431236e-14 
1.741074e-36 2.416496e-28 4.054173e-21 8.221781e-15 2.015473e-09 5.972215e-05 0.213915 92.61781 4847.248 30665.22 23520.69 5296.181 16738.78 12246.15 9459.887 6648.118 1741.62 411.7081 55.37341 3.565233 0.08132479 0.0004894997 6.06502e-07 1.301191e-10 4.327191e-15 
2.161262e-36 2.999689e-28 5.0326e-21 1.020601e-14 2.501884e-09 7.413539e-05 0.2655409 114.97 6017.074 38066.03 29232.52 7759.357 25230.23 16639.48 8948.871 5832.733 1975.859 405.6441 38.43674 1.925959 0.03397313 0.0001523635 1.375184e-07 2.124246e-11 5.051707e-16 
2.07729e-36 2.883141e-28 4.837067e-21 9.809476e-15 2.404677e-09 7.125499e-05 0.2552238 110.5031 5783.292 36587.26 28157.78 9436.529 31673.02 20212.79 12860.73 7189.946 1705.56 330.1022 30.55406 1.090698 0.0135818 4.445624e-05 2.897043e-08 3.194896e-12 5.394406e-17 
2.911504e-36 4.040975e-28 6.779574e-21 1.374884e-14 3.370366e-09 9.987012e-05 0.3577185 154.8798 8105.79 51280.15 39416.86 10794 30748.94 19475.58 15366.86 8084.973 1920.263 285.099 19.98981 0.6188792 0.005621188 1.243346e-05 5.636997e-09 4.387251e-13 5.226183e-18 
4.595828e-36 6.378706e-28 1.07016e-20 2.170263e-14 5.320145e-09 0.0001576456 0.564661 244.4787 12795.04 80946.21 62235.06 16671.56 43362.13 24600.18 14937.41 7282.873 1889.39 261.7967 14.80265 0.3291428 0.002290814 3.695609e-06 1.133709e-09 5.94811e-14 4.873915e-19 
6.158845e-36 8.54807e-28 1.434116e-20 2.908359e-14 7.129499e-09 0.0002112601 0.7566993 327.6247 17146.57 108476.4 83577.8 26501.38 68733.29 36443.38 20468.06 8263.867 1614.848 203.3376 10.81966 0.1912541 0.0009394143 1.077508e-06 2.371444e-10 8.626851e-15 4.773098e-20 
7.075321e-36 9.820079e-28 1.647522e-20 3.341141e-14 8.190415e-09 0.000242697 0.8693011 376.3774 19698.09 124619.9 96289.75 36291.37 92364.75 48457.69 30842.99 11038.49 1795.415 168.3447 6.912235 0.1042112 0.0004029534 3.27573e-07 4.960104e-11 1.257281e-15 4.870423e-21 
7.628077e-36 1.058727e-27 1.776234e-20 3.602167e-14 8.830288e-09 0.0002616576 0.9372149 405.7817 21237 134357.5 104093.7 43799.14 106042.3 55838.85 39014.37 13015.55 2081.135 159.9261 4.710035 0.05039456 0.0001492021 9.314685e-08 1.021844e-11 1.794255e-16 4.75794e-22 
1.528956e-35 2.122091e-27 3.560247e-20 7.22011e-14 1.769925e-08 0.0005244611 1.878535 813.3406 42567.01 269299.6 207662.5 59233.37 114236.9 60014.44 43130.43 13610.46 2196.549 153.7834 3.79045 0.02898443 5.806426e-05 2.558633e-08 2.059968e-12 2.647124e-17 5.007742e-23 
1.655875e-35 2.298246e-27 3.855784e-20 7.819452e-14 1.916847e-08 0.0005679967 2.034472 880.856 46100.51 291668 227151.9 108054.2 225978.4 95607.44 45949 13237.36 2073.897 134.759 2.997982 0.01871219 2.727405e-05 8.1054e-09 4.387642e-13 3.911224e-18 5.26769e-24 
1.330851e-35 1.847133e-27 3.09895e-20 6.284607e-14 1.540598e-08 0.0004565072 1.635135 707.9568 37051.67 234432.1 184546.7 118935.4 244072.9 124510.4 81081.37 17664.32 1807.748 98.61279 1.937764 0.01031434 1.206126e-05 2.664149e-09 1.004287e-13 6.022694e-19 5.443084e-25 
9.877195e-36 1.37089e-27 2.299952e-20 4.664256e-14 1.143387e-08 0.0003388066 1.21355 525.4253 27498.7 173998.9 138087.6 101223.7 196019.5 116593.8 84436.32 20519.74 2384.129 91.79267 1.236865 0.005236691 4.963965e-06 8.62726e-10 2.457417e-14 1.068085e-19 6.753837e-26 
1.364785e-35 1.894232e-27 3.177967e-20 6.444853e-14 1.57988e-08 0.0004681473 1.676827 726.0084 37996.42 240409.2 188260.2 88048.91 144470.1 91103.78 64653.2 16721.81 2115.535 85.39081 0.9816658 0.002803041 1.862996e-06 2.443238e-10 5.324651e-15 1.748693e-20 8.196425e-27 
1.252917e-35 1.738966e-27 2.917476e-20 5.916583e-14 1.450381e-08 0.0004297743 1.539382 666.4991 34881.97 220733.1 176006.8 120876.4 191207.4 85838.44 45204.91 11219.59 1383.695 56.84901 0.6492896 0.001636509 8.018411e-07 7.094772e-11 1.06898e-15 2.534623e-21 8.756628e-28 
1.351594e-35 1.875924e-27 3.147251e-20 6.382562e-14 1.56461e-08 0.0004636225 1.66062 718.9913 37629.22 238124.7 189903.5 120341.1 175948.5 99622.06 52687.32 8986.547 825.0174 30.67809 0.3275655 0.0007641379 3.271971e-07 2.301844e-11 2.502658e-16 4.056182e-22 9.539972e-29 
1.356733e-35 1.883056e-27 3.159217e-20 6.406829e-14 1.570559e-08 0.0004653853 1.666934 721.7251 37772.34 239058.9 192712.1 135867.7 184083.5 95339.78 46101.16 8488.347 664.0415 16.73309 0.1375113 0.0002726948 1.003529e-07 5.957953e-12 5.27201e-17 6.624144e-23 1.147295e-29 
1.623542e-35 2.253369e-27 3.780494e-20 7.666765e-14 1.879417e-08 0.0005569057 1.994746 863.656 45200.49 286081.7 230419.8 147076.4 182038.8 98749.15 43318.58 6866.749 488.0833 10.91766 0.06480183 8.95045e-05 2.498047e-08 1.181017e-12 8.398376e-18 8.422309e-24 1.147441e-30 
1.699072e-35 2.3582e-27 3.956369e-20 8.023437e-14 1.966851e-08 0.0005828139 2.087545 903.8348 47303.42 299457 245281.4 181594.8 209061.3 101413.7 39119.86 5767.659 348.7117 6.4728 0.03189712 3.33471e-05 6.453482e-09 2.124462e-13 1.10012e-18 8.312739e-25 8.663941e-32 
1.952466e-35 2.709895e-27 4.54641e-20 9.220029e-14 2.260182e-08 0.0006697331 2.398875 1038.63 54358.22 344158.2 283001.8 201214.3 216613.9 112892.5 39017.64 4752.758 239.6726 3.68255 0.01435793 1.172323e-05 1.727855e-09 4.112712e-14 1.478386e-19 7.701042e-26 5.62794e-33 
2.183951e-35 3.031179e-27 5.085432e-20 1.031315e-13 2.528148e-08 0.0007491366 2.683286 1161.77 60803.17 385060.4 320839.8 240145.1 239011.7 115629.1 36040.99 4088.005 169.7494 2.022089 0.006115136 3.81815e-06 4.232763e-10 7.518535e-15 1.992278e-20 7.488124e-27 3.858695e-34 
2.574693e-35 3.573504e-27 5.995295e-20 1.215834e-13 2.980473e-08 0.0008831688 3.163367 1369.629 71682.1 454057.4 381276.7 280943.3 261399.3 125561.6 34440.36 3351.903 118.5838 1.155695 0.002652197 1.223829e-06 1.00174e-10 1.30891e-15 2.537367e-21 6.952806e-28 2.603801e-35 
2.938589e-35 4.078567e-27 6.842643e-20 1.387674e-13 3.40172e-08 0.001007992 3.610463 1563.206 81813.96 518444.2 442576.3 341514.4 296321 133753.2 32613.08 2800.982 81.39692 0.6334276 0.001138582 3.959168e-07 2.360149e-11 2.218693e-16 3.094509e-22 6.109471e-29 1.648077e-36 
2.481738e-35 3.444489e-27 5.778845e-20 1.171938e-13 2.872868e-08 0.0008512834 3.049159 1320.181 69096.21 438377.5 395437.4 391622 330751.6 146311.3 31417.09 2313.584 55.70244 0.3459221 0.0004770353 1.249881e-07 5.538755e-12 3.802367e-17 3.810355e-23 5.35552e-30 1.025897e-37 
2.356437e-35 3.270579e-27 5.487075e-20 1.112768e-13 2.727819e-08 0.0008083027 2.895209 1253.527 65608.36 416397.1 376319.6 346253.1 297956 149004.2 29435.91 1891.447 37.19568 0.1820985 0.0001928483 3.786667e-08 1.235746e-12 6.193987e-18 4.507997e-24 4.573976e-31 6.280572e-39 
2.394077e-35 3.322821e-27 5.574722e-20 1.130542e-13 2.771392e-08 0.000821214 2.941455 1273.55 66656.09 422957.5 378411.9 330541.9 275519.2 127636.3 25862.46 1715.964 31.07765 0.1312314 0.0001159393 1.870414e-08 4.973589e-13 2.017448e-18 1.181802e-24 9.62215e-32 1.058975e-39 
