# Number of parameters = 78 Objective function value = 20928.8537487776  Maximum gradient component = 0.0454541524909075
# srv_sel50:
1.13478526397
# srv_sel95:
2.42522087098
# stNatLen:
 11.4160709034 10.9836279760 9.11896074706 7.84418883581 7.01776169845 6.43981689806 6.00748762433 5.67202474049 5.40722545965 5.19754177994 5.03313909881 4.90755927388 4.81650937433 4.75719572123 4.72795745025
# log_avg_fmort_dir:
0.688682200839
# fmort_dir_dev:
 -0.666333141421 -0.777742876602 -0.664923293943 -0.574562782421 -0.425373239297 -0.419960234503 -0.445261875620 -0.317771832327 -0.190668450693 -0.229283806987 -0.0503338168245 -0.106796834285 0.0946949379081 0.0433027830142 0.0273075072840 0.231270532170 0.215150214761 0.111402193605 0.306070035632 0.299403512510 0.406116315978 0.389834197539 0.428101973787 0.437912449449 0.489208022213 0.447852439205 0.519149426243 0.422235643623
# mean_log_rec:
13.5575693906
# rec_dev:
 -1.95140066884 -1.76895088331 -1.64543182609 -1.37114279324 -1.29714513301 -1.17265650780 -0.739920502787 -0.371509003977 -0.160175421473 -0.0239014945741 0.353200542570 0.716908404552 0.657040374612 0.489439784821 0.412657072237 0.390312805318 0.371813369783 0.399555778869 0.407079815652 0.498709772903 0.559689812400 0.615581966045 0.702060788349 0.827408540038 0.832717920513 0.781304668342 0.743376409064 0.743376409042
# log_avg_NatM:
-0.656722080805
# m_dev:
 0.00000000000 0.00000000000 0.00000000000 0.00000000000 0.00000000000 0.00000000000 0.00000000000 0.00000000000 0.00000000000 0.00000000000 0.00000000000 0.00000000000 0.00000000000 0.00000000000 0.00000000000 0.00000000000 0.00000000000 0.00000000000 0.00000000000 0.00000000000 0.00000000000 0.00000000000 0.00000000000 0.00000000000 0.00000000000 0.00000000000 0.00000000000 0.00000000000
# log_avg_GrowthK:
-1.18630400000
# log_avg_Linf:
3.44583300000
# GrowthK_dev:
 0.00000000000 0.00000000000 0.00000000000 0.00000000000 0.00000000000 0.00000000000 0.00000000000 0.00000000000 0.00000000000 0.00000000000 0.00000000000 0.00000000000 0.00000000000 0.00000000000 0.00000000000 0.00000000000 0.00000000000 0.00000000000 0.00000000000 0.00000000000 0.00000000000 0.00000000000 0.00000000000 0.00000000000 0.00000000000 0.00000000000 0.00000000000 0.00000000000
# Linf_dev:
 0.00000000000 0.00000000000 0.00000000000 0.00000000000 0.00000000000 0.00000000000 0.00000000000 0.00000000000 0.00000000000 0.00000000000 0.00000000000 0.00000000000 0.00000000000 0.00000000000 0.00000000000 0.00000000000 0.00000000000 0.00000000000 0.00000000000 0.00000000000 0.00000000000 0.00000000000 0.00000000000 0.00000000000 0.00000000000 0.00000000000 0.00000000000 0.00000000000
# SelPars50:
1.04924093315
# SelPars95:
1.17896510000
# SelPars_dev50:
 0.00000000000 0.00000000000 0.00000000000 0.00000000000 0.00000000000 0.00000000000 0.00000000000 0.00000000000 0.00000000000 0.00000000000 0.00000000000 0.00000000000 0.00000000000 0.00000000000 0.00000000000 0.00000000000 0.00000000000 0.00000000000 0.00000000000 0.00000000000 0.00000000000 0.00000000000 0.00000000000 0.00000000000 0.00000000000 0.00000000000 0.00000000000 0.00000000000
# SelPars_dev95:
 0.00000000000 0.00000000000 0.00000000000 0.00000000000 0.00000000000 0.00000000000 0.00000000000 0.00000000000 0.00000000000 0.00000000000 0.00000000000 0.00000000000 0.00000000000 0.00000000000 0.00000000000 0.00000000000 0.00000000000 0.00000000000 0.00000000000 0.00000000000 0.00000000000 0.00000000000 0.00000000000 0.00000000000 0.00000000000 0.00000000000 0.00000000000 0.00000000000
