#Simulated generalized assessment 
# 
#start/end year 
71 98 
#number of ages 
15 
#ages 
1 2 3 4 5 6 7 8 9 10 11 12 13 14 15 
#Number of length bins 
25 
#CPUE years 
28 
#years for CPUE 
71 72 73 74 75 76 77 78 79 80 81 82 83 84 85 86 87 88 89 90 91 92 93 94 95 96 97 98 
#survey years 
28 
#years for survey 
71 72 73 74 75 76 77 78 79 80 81 82 83 84 85 86 87 88 89 90 91 92 93 94 95 96 97 98 
#length freq from catch years 
28 
#years for length freq catch 
71 72 73 74 75 76 77 78 79 80 81 82 83 84 85 86 87 88 89 90 91 92 93 94 95 96 97 98 
#catch length sample sizes 
200 200 200 200 200 200 200 200 200 200 200 200 200 200 200 200 200 200 200 200 200 200 200 200 200 200 200 200 
#length freq from survey years 
28 
#years for length freq survey 
71 72 73 74 75 76 77 78 79 80 81 82 83 84 85 86 87 88 89 90 91 92 93 94 95 96 97 98 
#survey sample sizes 
200 200 200 200 200 200 200 200 200 200 200 200 200 200 200 200 200 200 200 200 200 200 200 200 200 200 200 200 
#total survey biomass 
9824.308 7505.809 9906.71 16018.72 19702.36 10115.63 18694.36 24243.73 52050.46 59353.41 68268.65 85160.34 205150.3 137016.1 128450.2 118337.9 107839.2 85944.06 106769 115831.4 107389.3 87687.85 101494.1 98392.69 97649.05 120473.1 136480.9 114124 
#survey CV 
0.2 0.2 0.2 0.2 0.2 0.2 0.2 0.2 0.2 0.2 0.2 0.2 0.2 0.2 0.2 0.2 0.2 0.2 0.2 0.2 0.2 0.2 0.2 0.2 0.2 0.2 0.2 0.2 
#total CPUE 
7626.709 7741.186 7088.629 16780.82 15622.94 19671.79 17027.61 30509.01 32683.45 52978.09 65875.56 84891.51 125741.2 156463.9 109861.2 103132.3 90321.12 126760.9 72844.59 114085.2 84167.52 103028.2 133341.8 106386.2 148103.4 155478.7 116890 104313.4 
#CPUE CV 
0.2 0.2 0.2 0.2 0.2 0.2 0.2 0.2 0.2 0.2 0.2 0.2 0.2 0.2 0.2 0.2 0.2 0.2 0.2 0.2 0.2 0.2 0.2 0.2 0.2 0.2 0.2 0.2 
#total catch biomass 
5148.057 4990.681 5513.88 8090.266 10721.42 14419.22 12670.17 15118.4 25045.88 35658.01 46395.19 62506.6 74759.79 99607.41 103155.7 90334.79 88151.93 88660.88 82451.16 75021.88 86980.5 82907.23 95263.42 91372.73 109365.1 110496.4 110585 110480.5 
#catch CV 
0.05 0.05 0.05 0.05 0.05 0.05 0.05 0.05 0.05 0.05 0.05 0.05 0.05 0.05 0.05 0.05 0.05 0.05 0.05 0.05 0.05 0.05 0.05 0.05 0.05 0.05 0.05 0.05 
#Length Bins 
0.7268035 2.18041 3.634017 5.087624 6.541231 7.994838 9.448445 10.90205 12.35566 13.80927 15.26287 16.71648 18.17009 19.62369 21.0773 22.53091 23.98451 25.43812 26.89173 28.34534 29.79894 31.25255 32.70616 34.15976 35.61337 
#catch length counts 
5.420746e-37 7.523638e-29 1.262246e-21 2.55981e-15 6.275074e-10 1.859419e-05 0.06660137 28.83609 1509.166 9547.431 7315.085 1478.443 5539.247 4710.308 1477.472 1208.252 401.5158 140.1419 31.01385 4.133086 0.2423009 0.00450028 1.958357e-05 1.602137e-08 2.132892e-12 
5.494442e-37 7.625923e-29 1.279407e-21 2.594611e-15 6.360384e-10 1.884698e-05 0.06750682 29.22812 1529.684 9677.235 7416.378 1550.954 5634.765 4538.41 1463.259 1126.661 366.2664 120.5976 24.69757 2.898831 0.1408337 0.002041 6.627848e-06 3.932845e-09 3.736239e-13 
8.263043e-37 1.146856e-28 1.924089e-21 3.902013e-15 9.565326e-10 2.834381e-05 0.1015229 43.95592 2300.478 14553.5 11148.14 1986.988 5856.851 4456.714 1492.699 1079.734 342.1764 105.7819 20.00218 2.054917 0.08239564 0.0009302968 2.255841e-06 9.731735e-10 6.615061e-14 
1.204844e-36 1.672244e-28 2.805537e-21 5.689573e-15 1.394732e-09 4.132845e-05 0.1480318 64.09266 3354.354 21220.65 16260.03 3035.394 8788.637 6227.238 1643.665 1001.325 309.7363 89.40776 15.47908 1.383611 0.04552657 0.0003996728 7.24465e-07 2.277705e-10 1.111104e-14 
1.794122e-36 2.490123e-28 4.177698e-21 8.472288e-15 2.076882e-09 6.15418e-05 0.2204327 95.43976 4994.937 31599.49 24216.92 4556.74 12419.01 8266.403 2244.2 1235.22 292.1899 70.47871 11.05064 0.8510421 0.02282571 0.0001553394 2.105467e-07 4.835529e-11 1.697982e-15 
1.966965e-36 2.730018e-28 4.580172e-21 9.288496e-15 2.276966e-09 6.747065e-05 0.2416689 104.6343 5476.142 34643.86 26586.97 6340.829 19361.18 12082.74 3314.524 1684.595 379.3626 73.62387 8.696261 0.5538436 0.01199053 6.297991e-05 6.378008e-08 1.07148e-11 2.715177e-16 
1.431434e-36 1.986736e-28 3.333162e-21 6.759585e-15 1.657033e-09 4.910091e-05 0.1758715 76.14627 3985.193 25211.8 19399.15 6349.295 21093.06 12575.2 4558.872 2282.547 486.8465 84.7027 7.94737 0.3637244 0.005964055 2.38856e-05 1.802498e-08 2.215268e-12 4.05701e-17 
2.957558e-36 4.104895e-28 6.886813e-21 1.396632e-14 3.423679e-09 0.0001014499 0.3633769 157.3296 8234.007 52090.94 39935.17 7251.287 15304.54 8897.154 4543.493 2308.196 583.0177 97.68701 7.85759 0.270661 0.003074724 8.769972e-06 4.830894e-09 4.325375e-13 5.723915e-18 
4.438629e-36 6.160524e-28 1.033556e-20 2.09603e-14 5.138171e-09 0.0001522534 0.5453469 236.1164 12357.39 78177.19 60033.96 13741.49 32471.66 16319.81 3950.23 1740.045 555.6865 101.6284 8.088216 0.2279862 0.00187149 3.622296e-06 1.366977e-09 8.614478e-14 8.133597e-19 
7.070339e-36 9.813165e-28 1.646362e-20 3.338789e-14 8.184648e-09 0.0002425261 0.868689 376.1124 19684.22 124529.6 95665.86 21974.01 48008.82 23076.54 7208.464 2515.944 434.6342 78.21338 6.738488 0.1773265 0.001159175 1.601387e-06 4.096699e-10 1.737317e-14 1.120865e-19 
7.060487e-36 9.79949e-28 1.644068e-20 3.334136e-14 8.173243e-09 0.0002421881 0.8674785 375.5882 19656.79 124357.9 95916.38 31478.55 75984.11 34017.69 10302.27 3430.738 603.4687 67.48061 4.485422 0.1142363 0.0006603307 7.181629e-07 1.328677e-10 3.885422e-15 1.694942e-20 
1.197258e-35 1.661715e-27 2.787872e-20 5.653748e-14 1.38595e-08 0.0004106823 1.470997 636.8909 33332.34 210874.2 162236.6 39802.47 76724.68 34533.89 15139.7 4774.782 783.5973 79.52119 3.623158 0.06491554 0.000318013 2.9131e-07 4.244351e-11 9.205239e-16 2.854864e-21 
1.437265e-35 1.99483e-27 3.346741e-20 6.787122e-14 1.663783e-08 0.0004930094 1.765879 764.5648 40014.28 253151.6 195552.1 63625.23 128779.7 50539.76 15503.1 4938.014 977.2555 90.94679 3.44961 0.04284504 0.0001413283 9.797815e-08 1.135492e-11 1.929571e-16 4.5369e-22 
2.009846e-35 2.789534e-27 4.680022e-20 9.49099e-14 2.326605e-08 0.0006894155 2.469374 1069.154 55955.26 354004.3 273501.1 84386.61 153210.9 60438.47 23573.29 6059.39 939.4824 91.56119 3.240592 0.03174904 7.295252e-05 3.351738e-08 2.699688e-12 3.384074e-17 6.030948e-23 
1.763079e-35 2.447037e-27 4.105413e-20 8.325695e-14 2.040946e-08 0.0006047696 2.166186 937.884 49085.13 310555.5 242189 113224.5 214835.6 78426.1 28087.98 7363.577 1139.058 85.71139 2.697076 0.0233673 4.186418e-05 1.364284e-08 7.393348e-13 6.201055e-18 7.598964e-24 
1.357477e-35 1.884088e-27 3.160948e-20 6.41034e-14 1.571419e-08 0.0004656403 1.667848 722.1205 37792.94 239122.1 187735.4 103082.9 186165.1 75461.77 35989.77 8540.497 1226.476 86.20357 2.146534 0.01487568 2.195323e-05 5.585881e-09 2.213049e-13 1.29479e-18 1.077755e-24 
1.545828e-35 2.145507e-27 3.599534e-20 7.299782e-14 1.789456e-08 0.0005302484 1.899264 822.3155 43036.75 272296.6 212750.6 91946.74 143923.5 60811.29 31638.57 8767.515 1345.202 83.27746 1.775227 0.009605092 1.070334e-05 2.099816e-09 6.405897e-14 2.809078e-19 1.69686e-25 
1.574622e-35 2.185472e-27 3.666583e-20 7.435756e-14 1.822788e-08 0.0005401254 1.934641 837.633 43838.42 277385.6 218312.6 109994.8 161977.1 57792.73 24539.26 7098.091 1199.705 76.5589 1.411709 0.006139026 5.230365e-06 7.566296e-10 1.697108e-14 5.527373e-20 2.487955e-26 
1.671787e-35 2.320331e-27 3.892836e-20 7.894593e-14 1.935267e-08 0.0005734549 2.054022 889.3207 46543.58 294516.2 232680.9 119617.9 161991.2 59464.79 24388.44 5568.555 858.6891 55.76559 0.9770667 0.00357964 2.378042e-06 2.588152e-10 4.262326e-15 1.004214e-20 3.259271e-27 
1.641673e-35 2.278534e-27 3.822714e-20 7.752388e-14 1.900407e-08 0.0005631252 2.017023 873.3013 45705.23 289236.1 230261.7 129396.7 162701.7 57207.08 21999.66 4750.297 594.3089 32.38118 0.5171895 0.001673131 9.142256e-07 7.70967e-11 9.498638e-16 1.64285e-21 3.866453e-28 
1.881432e-35 2.611304e-27 4.381004e-20 8.884588e-14 2.177952e-08 0.000645367 2.3116 1000.843 52380.29 331491.6 264124 138938.6 158103.9 56950.72 21103.03 4158.48 455.804 19.67891 0.2478221 0.0006644052 3.012483e-07 2.044864e-11 1.956348e-16 2.550382e-22 4.431899e-29 
2.015438e-35 2.797295e-27 4.693043e-20 9.517397e-14 2.333078e-08 0.0006913336 2.476245 1072.128 56111.21 355156.9 286217.9 168897.6 178883.6 59859.03 20256.86 3814.34 366.7931 12.91045 0.1236703 0.0002488616 8.696977e-08 4.628607e-12 3.464651e-17 3.488004e-23 4.604115e-30 
2.237114e-35 3.104967e-27 5.209226e-20 1.056421e-13 2.589691e-08 0.0007673727 2.748604 1190.051 62282.94 394271 319786.7 190498.5 186364.5 64620.87 20493.21 3393.895 286.7431 8.365257 0.06187067 9.194226e-05 2.33686e-08 9.123107e-13 5.08659e-18 3.85498e-24 3.843566e-31 
2.437009e-35 3.382408e-27 5.674691e-20 1.150816e-13 2.82109e-08 0.0008359405 2.994203 1296.387 67848.37 429584.7 351897.4 218459.5 197402.8 66522.99 19857.72 3076.402 219.6151 5.21662 0.03020864 3.362077e-05 6.215691e-09 1.740074e-13 6.938697e-19 3.77997e-25 2.731252e-32 
2.816831e-35 3.909576e-27 6.559125e-20 1.330177e-13 3.260773e-08 0.0009662268 3.460867 1498.436 78423.25 496646.7 410467.5 258188.2 216415.7 73707.35 20526.14 2909.39 180.8076 3.459759 0.0154314 1.293478e-05 1.76208e-09 3.569879e-14 1.018124e-19 3.941721e-26 2.01968e-33 
3.030435e-35 4.206044e-27 7.056512e-20 1.431046e-13 3.508042e-08 0.001039497 3.723309 1612.065 84370.82 534530.8 450138.5 309763.6 242821.5 80204.02 20784 2701.392 144.1324 2.245457 0.007725717 4.830307e-06 4.836433e-10 7.136421e-15 1.46976e-20 4.077931e-27 1.488586e-34 
2.876979e-35 3.993057e-27 6.699182e-20 1.358581e-13 3.3304e-08 0.0009868585 3.534767 1530.433 80099.38 507769.5 438073.3 331902.6 246705.4 82460.5 19711.89 2290.519 104.3993 1.315626 0.003507221 1.645784e-06 1.209832e-10 1.294827e-15 1.92301e-21 3.834479e-28 1.002964e-35 
2.787754e-35 3.869218e-27 6.491416e-20 1.316446e-13 3.227113e-08 0.0009562525 3.425141 1482.969 77616.24 492287.8 431079.5 329106.5 232952.1 81625.68 18643.2 1957.342 74.86696 0.7564605 0.001557979 5.498053e-07 2.984321e-11 2.327579e-16 2.495771e-22 3.571685e-29 6.682165e-37 
#survey length counts 
7.229859e-37 1.003457e-28 1.683507e-21 3.414118e-15 8.369309e-10 2.479979e-05 0.08882883 38.45981 2012.834 12733.78 9756.097 1953.921 7264.424 6176.554 1931.759 1576.643 520.4902 179.6816 38.98798 5.065079 0.2866835 0.005112626 2.135004e-05 1.679613e-08 2.15804e-12 
1.057595e-36 1.467872e-28 2.462659e-21 4.994223e-15 1.224275e-09 3.627751e-05 0.1299401 56.25959 2944.403 18627.15 14265.61 2461.111 7443.231 5992.761 1943.968 1498.733 482.1367 157.0315 31.66129 3.633107 0.1715081 0.002403927 7.539911e-06 4.32721e-09 3.985468e-13 
1.498864e-36 2.080325e-28 3.490176e-21 7.078007e-15 1.73509e-09 5.141389e-05 0.1841562 79.73328 4172.922 26399.14 20223.24 3665.999 10999.03 8280.57 2133.797 1377.051 432.3847 132.1726 24.56195 2.475114 0.09687353 0.00106457 2.509887e-06 1.053214e-09 6.97412e-14 
2.23906e-36 3.107667e-28 5.213757e-21 1.057339e-14 2.591943e-09 7.680401e-05 0.2750995 119.1086 6233.668 39436.05 30214.99 5530.293 15700.65 11125.99 2946.231 1737.73 420.8523 106.5199 18.04481 1.581341 0.05094998 0.0004374666 7.752672e-07 2.383977e-10 1.138381e-14 
2.40478e-36 3.337676e-28 5.599644e-21 1.135597e-14 2.783781e-09 8.248853e-05 0.2954605 127.9242 6695.043 42354.96 32491.82 7531.835 24243.8 16136.35 4318.838 2362.53 547.2261 113.5365 14.43895 1.049987 0.02755921 0.0001839713 2.447985e-07 5.523137e-11 1.906683e-15 
1.725744e-36 2.395219e-28 4.018476e-21 8.149389e-15 1.997727e-09 5.91963e-05 0.2120315 91.80232 4804.568 30395.4 23372.03 7435.602 26294.46 16684.87 5878.009 3208.395 705.3828 132.3662 13.62261 0.7140023 0.01421479 7.276869e-05 7.24792e-08 1.199781e-11 2.998754e-16 
3.556351e-36 4.935981e-28 8.281132e-21 1.679397e-14 4.116844e-09 0.0001219896 0.4369469 189.1829 9901.081 62637.31 48007.58 8569.095 19168.83 11788.21 5860.641 3249.793 847.6066 155.7501 13.91584 0.5578227 0.00772601 2.81809e-05 2.054235e-08 2.483628e-12 4.493362e-17 
5.234074e-36 7.264549e-28 1.218779e-20 2.471659e-14 6.058981e-09 0.0001795387 0.6430784 278.4307 14571.96 92187.12 70762.28 15934.81 40296.12 21719.29 5158.675 2399.754 795.704 160.5555 14.48927 0.4832263 0.00489188 1.214639e-05 6.066542e-09 5.16772e-13 6.68037e-18 
8.253155e-36 1.145484e-27 1.921786e-20 3.897344e-14 9.55388e-09 0.0002830989 1.014014 439.0332 22977.25 145362.1 111619.4 25312.26 59460.11 30536.64 9387.319 3600.791 635.7015 122.593 12.16944 0.386072 0.003159466 5.640078e-06 1.913243e-09 1.09671e-13 9.691e-19 
8.210301e-36 1.139536e-27 1.911807e-20 3.877107e-14 9.504271e-09 0.0002816289 1.008749 436.7535 22857.94 144609.1 111444.4 36157.12 94442.19 45192.88 13521.21 4914.019 908.6345 111.1821 8.23577 0.2549743 0.001873362 2.659688e-06 6.554528e-10 2.593243e-14 1.548649e-19 
1.380187e-35 1.915608e-27 3.21383e-20 6.517583e-14 1.597709e-08 0.0004734303 1.69575 734.2014 38425.18 243092.7 186919.1 45558.22 95228.71 45285.34 19821.47 6880.66 1188.627 134.241 6.986597 0.1496319 0.0009324139 1.125115e-06 2.197559e-10 6.466706e-15 2.746527e-20 
1.647509e-35 2.286634e-27 3.836304e-20 7.779947e-14 1.907162e-08 0.0005651271 2.024193 876.4058 45867.59 290180.8 223953.5 72615.11 160161.3 67057.81 20495.66 7019.5 1492.334 156.5444 6.897322 0.1040823 0.0004344479 3.961116e-07 6.180194e-11 1.430675e-15 4.61615e-21 
2.306533e-35 3.201316e-27 5.370872e-20 1.089202e-13 2.670051e-08 0.0007911848 2.833895 1226.979 64215.19 406258.2 313591.9 96744.36 191894 79878.01 31563.91 8895.834 1452.778 159.5077 6.704995 0.08099648 0.0002377664 1.436664e-07 1.556489e-11 2.663463e-16 6.53341e-22 
2.014755e-35 2.796347e-27 4.691451e-20 9.514169e-14 2.332287e-08 0.0006910992 2.475405 1071.765 56091.92 354881 276303.4 129783.8 269808.3 104010.5 37852.91 10754.19 1806.916 153.2271 5.6999 0.06179327 0.0001430464 6.164097e-08 4.497652e-12 5.148235e-17 8.692949e-23 
1.557599e-35 2.161845e-27 3.626944e-20 7.355369e-14 1.803082e-08 0.0005342862 1.913726 828.5774 43364.47 274367.7 214950.1 119103.2 235809.4 98954.65 49197.13 12709.91 1977.667 159.1662 4.739514 0.04105997 7.882187e-05 2.670375e-08 1.429151e-12 1.141712e-17 1.308446e-23 
1.773987e-35 2.462177e-27 4.130813e-20 8.377205e-14 2.053573e-08 0.0006085113 2.179589 943.6866 49388.82 312480.2 243739.8 106629.6 183225.8 79381.4 43386.93 12936.07 2212.114 157.7455 4.065361 0.02777539 4.035337e-05 1.057059e-08 4.371921e-13 2.623432e-18 2.182637e-24 
1.791194e-35 2.486059e-27 4.17088e-20 8.458461e-14 2.073492e-08 0.0006144136 2.20073 952.8399 49867.89 315527.4 247807.6 127094.2 205998.3 76106.79 33640.33 10377.19 1961.558 147.0051 3.324551 0.01839946 2.056959e-05 3.985176e-09 1.214119e-13 5.422859e-19 3.36837e-25 
1.876783e-35 2.604851e-27 4.370178e-20 8.862634e-14 2.17257e-08 0.0006437723 2.305888 998.3698 52250.76 330617.7 260616.9 137080.1 204425.9 77260.22 33686.23 8222.002 1398.953 107.3557 2.343033 0.01106217 9.703207e-06 1.419706e-09 3.18295e-14 1.029775e-19 4.617966e-26 
1.856718e-35 2.577002e-27 4.323456e-20 8.767882e-14 2.149343e-08 0.0006368896 2.281235 987.696 51692.18 327107.1 259726.3 150023.6 207825.3 75242.94 30865.39 7191.817 1005.388 64.27714 1.285179 0.005414311 3.938915e-06 4.486691e-10 7.544466e-15 1.794543e-20 5.840617e-27 
2.14494e-35 2.977035e-27 4.994593e-20 1.012893e-13 2.482989e-08 0.0007357551 2.635355 1141.018 59716.47 377898.2 300334.1 162942.6 204251.6 75576.69 30186.26 6440.723 798.1686 40.87914 0.6440692 0.002255532 1.369774e-06 1.262419e-10 1.653899e-15 2.970612e-21 7.14556e-28 
2.291681e-35 3.180702e-27 5.336288e-20 1.082188e-13 2.652858e-08 0.0007860902 2.815647 1219.078 63801.93 403804.5 324442.4 198573.2 231734.3 79903.68 29142.56 5980.773 657.4669 27.76544 0.3352746 0.0008828039 4.140449e-07 3.001996e-11 3.087469e-16 4.29331e-22 7.856655e-29 
2.545055e-35 3.532369e-27 5.926281e-20 1.201838e-13 2.946164e-08 0.0008730023 3.126952 1353.862 70856.13 448500 362631.6 225039.4 242198.7 86574.65 29917.16 5417.84 526.9088 18.65893 0.1754275 0.0003427209 1.171349e-07 6.239524e-12 4.790183e-17 5.026769e-23 6.96399e-30 
2.816912e-35 3.909688e-27 6.559313e-20 1.330215e-13 3.260867e-08 0.0009662544 3.460966 1498.479 78425.01 496491.6 405322.6 263249.6 261457.4 91069.87 29669.82 5081.126 421.4829 12.2404 0.09080508 0.0001335554 3.329606e-08 1.273673e-12 7.000741e-18 5.287599e-24 5.317694e-31 
3.247982e-35 4.507985e-27 7.563079e-20 1.533777e-13 3.759875e-08 0.00111412 3.990595 1727.79 90426.6 572578.5 471571.9 311704 286626.5 101264.8 30937.94 4876.849 355.9934 8.41077 0.0483285 5.376761e-05 9.906847e-09 2.74717e-13 1.080926e-18 5.80523e-25 4.142209e-32 
3.451694e-35 4.790723e-27 8.037432e-20 1.629975e-13 3.995692e-08 0.001183997 4.240883 1836.156 96098.68 608711.4 510630.7 371329.2 318806.6 109717.3 31266.68 4561.594 288.4242 5.599398 0.02498782 2.081548e-05 2.825911e-09 5.717396e-14 1.626328e-19 6.263188e-26 3.184652e-33 
3.300678e-35 4.581123e-27 7.685784e-20 1.558662e-13 3.820875e-08 0.001132195 4.055339 1755.822 91895.1 582386.2 500286.5 402517 326592.1 114419 30240.13 3973.325 216.5938 3.430024 0.01193195 7.490504e-06 7.484072e-10 1.099945e-14 2.258755e-20 6.256814e-27 2.280923e-34 
3.223895e-35 4.474553e-27 7.506992e-20 1.522403e-13 3.731991e-08 0.001105857 3.961001 1714.978 89758.31 569108.9 496211.6 403679.5 310614.5 114806.3 29135.96 3497.137 161.3987 2.064911 0.005580628 2.644314e-06 1.955517e-10 2.097598e-15 3.112869e-21 6.192588e-28 1.615574e-35 
3.412165e-35 4.73586e-27 7.945388e-20 1.611309e-13 3.949933e-08 0.001170438 4.192317 1815.13 95001.15 602600.5 529718.8 414118.5 296825.2 108540.3 26671.53 3017.893 119.5304 1.225338 0.002551343 9.099368e-07 4.982745e-11 3.912113e-16 4.214369e-22 6.048034e-29 1.132756e-36 
