# Number of parameters = 109 Objective function value = 22402.9049205674  Maximum gradient component = 0.000935398296039342
# srv_sel50:
1.98009571987
# srv_sel95:
3.42761249318
# stNatLen:
 11.4053513329 10.9155230420 9.41003650814 8.18647454859 7.35548164810 6.77052007576 6.33168057000 5.99049454036 5.72079220558 5.50699143217 5.33920839308 5.21093993317 5.11785964003 5.05715488234 5.02715882563
# log_avg_fmort_dir:
0.878191429603
# fmort_dir_dev:
 -0.388335145744 -0.744871247486 -0.705044991157 -0.503792760505 -0.440424313268 -0.496063790653 -0.449357985485 -0.419820368246 -0.299364551459 -0.0721518468469 0.0203044388133 -0.0885710796138 0.134049369605 0.128216139612 0.278498015945 0.245383927550 0.242455528402 0.184309382717 0.266342175022 0.0931351423537 0.174877488213 0.281788523610 0.168550150925 0.281001922521 0.515638700731 0.378644283764 0.323384883896 0.339807915479 0.551410091307
# mean_log_rec:
14.5913894346
# rec_dev:
 -2.34233249478 -1.61659224461 -1.80057749499 -1.47982367211 -0.943650901557 -0.907638789301 -0.672645175866 -0.324372357594 -0.0934658394610 -0.0269442247283 0.256405359214 0.560410276585 0.399787280377 0.129637030510 0.211199516004 0.327671272705 0.365103700584 0.389149416741 0.481938296631 0.621700175989 0.652408376510 0.860538306954 0.945552585453 0.752537035557 0.717136206774 0.707155935357 0.648889904025 0.590411236092 0.590411282937
# log_avg_NatM:
0.197895579844
# m_dev:
 -0.916114723497 -0.465174820273 0.0963314746947 -0.345355868288 -0.467080852191 0.0320344393198 -0.0813221361835 -0.0879782036285 0.152476522590 0.0281935506331 -0.00431681631340 0.0757202265205 0.107293418704 -0.0656064388482 -0.202201544888 -0.0906199400714 0.0303839951661 0.0975113275400 -0.00290948348997 0.213197990371 0.240011784960 0.0912434851228 0.301046074387 0.371194466455 0.152576491311 0.114149044262 0.256354568254 0.240591665338 0.128370302042
# log_avg_GrowthK:
-1.18630400000
# log_avg_Linf:
3.44583300000
# GrowthK_dev:
 0.00000000000 0.00000000000 0.00000000000 0.00000000000 0.00000000000 0.00000000000 0.00000000000 0.00000000000 0.00000000000 0.00000000000 0.00000000000 0.00000000000 0.00000000000 0.00000000000 0.00000000000 0.00000000000 0.00000000000 0.00000000000 0.00000000000 0.00000000000 0.00000000000 0.00000000000 0.00000000000 0.00000000000 0.00000000000 0.00000000000 0.00000000000 0.00000000000 0.00000000000
# Linf_dev:
 0.00000000000 0.00000000000 0.00000000000 0.00000000000 0.00000000000 0.00000000000 0.00000000000 0.00000000000 0.00000000000 0.00000000000 0.00000000000 0.00000000000 0.00000000000 0.00000000000 0.00000000000 0.00000000000 0.00000000000 0.00000000000 0.00000000000 0.00000000000 0.00000000000 0.00000000000 0.00000000000 0.00000000000 0.00000000000 0.00000000000 0.00000000000 0.00000000000 0.00000000000
# SelPars50:
1.97397405021
# SelPars95:
3.11816853463
# SelPars_dev50:
 0.00000000000 0.00000000000 0.00000000000 0.00000000000 0.00000000000 0.00000000000 0.00000000000 0.00000000000 0.00000000000 0.00000000000 0.00000000000 0.00000000000 0.00000000000 0.00000000000 0.00000000000 0.00000000000 0.00000000000 0.00000000000 0.00000000000 0.00000000000 0.00000000000 0.00000000000 0.00000000000 0.00000000000 0.00000000000 0.00000000000 0.00000000000 0.00000000000 0.00000000000
# SelPars_dev95:
 0.00000000000 0.00000000000 0.00000000000 0.00000000000 0.00000000000 0.00000000000 0.00000000000 0.00000000000 0.00000000000 0.00000000000 0.00000000000 0.00000000000 0.00000000000 0.00000000000 0.00000000000 0.00000000000 0.00000000000 0.00000000000 0.00000000000 0.00000000000 0.00000000000 0.00000000000 0.00000000000 0.00000000000 0.00000000000 0.00000000000 0.00000000000 0.00000000000 0.00000000000
