# Number of parameters = 78 Objective function value = 26532.6998264577  Maximum gradient component = 2219.70166914607
# srv_sel50:
0.999944350257
# srv_sel95:
1.00007131916
# stNatLen:
 11.8692501384 11.0395496134 9.46536876401 8.22104380050 7.33400157869 6.69481959729 6.21992127359 5.85598128432 5.56592624446 5.33489962388 5.14969854229 5.01170084288 4.90909025888 4.84347380858 4.81253842085
# log_avg_fmort_dir:
0.778917876883
# fmort_dir_dev:
 -0.756373269414 -0.720133282105 -0.523605210560 -0.509872197311 -0.641930005315 -0.490701218385 -0.294782596352 -0.343555665798 -0.281454385436 -0.201337355410 -0.0106343394206 -0.0454662622152 -0.0908219851544 0.0189955855637 0.163147974314 0.179716730200 0.218406677878 0.187603843257 0.226006911230 0.505926066665 0.358937792667 0.594003840524 0.500787377004 0.630334579523 0.572654089119 0.678599635390 0.630196505466 -0.554649835924
# mean_log_rec:
13.4078391656
# rec_dev:
 -1.98350743946 -2.90129202553 -2.29843351934 -1.52405982959 -1.39282572016 -0.954704145123 -0.855027219605 -0.611382421412 -0.323703217550 -0.208548769199 -0.120166696132 0.112109288742 0.351986517512 0.376903422721 0.412581043044 0.563643600218 0.493064111441 0.674703533201 0.959667249446 0.728608782148 0.974059194997 0.778192622510 0.872887218128 0.880576195212 1.03049311297 1.02787472061 1.46855961816 1.46774077204
# log_avg_NatM:
-4.61387242577
# m_dev:
 0.00000000000 0.00000000000 0.00000000000 0.00000000000 0.00000000000 0.00000000000 0.00000000000 0.00000000000 0.00000000000 0.00000000000 0.00000000000 0.00000000000 0.00000000000 0.00000000000 0.00000000000 0.00000000000 0.00000000000 0.00000000000 0.00000000000 0.00000000000 0.00000000000 0.00000000000 0.00000000000 0.00000000000 0.00000000000 0.00000000000 0.00000000000 0.00000000000
# log_avg_GrowthK:
-1.20372700000
# log_avg_Linf:
3.45755400000
# GrowthK_dev:
 0.00000000000 0.00000000000 0.00000000000 0.00000000000 0.00000000000 0.00000000000 0.00000000000 0.00000000000 0.00000000000 0.00000000000 0.00000000000 0.00000000000 0.00000000000 0.00000000000 0.00000000000 0.00000000000 0.00000000000 0.00000000000 0.00000000000 0.00000000000 0.00000000000 0.00000000000 0.00000000000 0.00000000000 0.00000000000 0.00000000000 0.00000000000 0.00000000000
# Linf_dev:
 0.00000000000 0.00000000000 0.00000000000 0.00000000000 0.00000000000 0.00000000000 0.00000000000 0.00000000000 0.00000000000 0.00000000000 0.00000000000 0.00000000000 0.00000000000 0.00000000000 0.00000000000 0.00000000000 0.00000000000 0.00000000000 0.00000000000 0.00000000000 0.00000000000 0.00000000000 0.00000000000 0.00000000000 0.00000000000 0.00000000000 0.00000000000 0.00000000000
# SelPars50:
0.982376099409
# SelPars95:
1.11769922327
# SelPars_dev50:
 0.00000000000 0.00000000000 0.00000000000 0.00000000000 0.00000000000 0.00000000000 0.00000000000 0.00000000000 0.00000000000 0.00000000000 0.00000000000 0.00000000000 0.00000000000 0.00000000000 0.00000000000 0.00000000000 0.00000000000 0.00000000000 0.00000000000 0.00000000000 0.00000000000 0.00000000000 0.00000000000 0.00000000000 0.00000000000 0.00000000000 0.00000000000 0.00000000000
# SelPars_dev95:
 0.00000000000 0.00000000000 0.00000000000 0.00000000000 0.00000000000 0.00000000000 0.00000000000 0.00000000000 0.00000000000 0.00000000000 0.00000000000 0.00000000000 0.00000000000 0.00000000000 0.00000000000 0.00000000000 0.00000000000 0.00000000000 0.00000000000 0.00000000000 0.00000000000 0.00000000000 0.00000000000 0.00000000000 0.00000000000 0.00000000000 0.00000000000 0.00000000000
