#Simulated generalized assessment 
# 
#start/end year 
72 100 
#number of ages 
15 
#ages 
1 2 3 4 5 6 7 8 9 10 11 12 13 14 15 
#Number of length bins 
25 
#CPUE years 
29 
#years for CPUE 
72 73 74 75 76 77 78 79 80 81 82 83 84 85 86 87 88 89 90 91 92 93 94 95 96 97 98 99 100 
#survey years 
29 
#years for survey 
72 73 74 75 76 77 78 79 80 81 82 83 84 85 86 87 88 89 90 91 92 93 94 95 96 97 98 99 100 
#length freq from catch years 
29 
#years for length freq catch 
72 73 74 75 76 77 78 79 80 81 82 83 84 85 86 87 88 89 90 91 92 93 94 95 96 97 98 99 100 
#catch length sample sizes 
200 200 200 200 200 200 200 200 200 200 200 200 200 200 200 200 200 200 200 200 200 200 200 200 200 200 200 200 200 
#length freq from survey years 
29 
#years for length freq survey 
72 73 74 75 76 77 78 79 80 81 82 83 84 85 86 87 88 89 90 91 92 93 94 95 96 97 98 99 100 
#survey sample sizes 
200 200 200 200 200 200 200 200 200 200 200 200 200 200 200 200 200 200 200 200 200 200 200 200 200 200 200 200 200 
#total survey biomass 
7613.56 5836.888 4315.532 6897.63 7944.064 13783.13 27636.33 29926.84 44488.09 70933.16 97590.21 178890.4 132204.9 172644 125689.1 106991.2 166090.9 203842.7 139588.3 163853.8 221458.2 184883 182583.7 300400.7 220899.4 253870 220059.6 244524.4 258575.2 
#survey CV 
0.2 0.2 0.2 0.2 0.2 0.2 0.2 0.2 0.2 0.2 0.2 0.2 0.2 0.2 0.2 0.2 0.2 0.2 0.2 0.2 0.2 0.2 0.2 0.2 0.2 0.2 0.2 0.2 0.2 
#total CPUE 
7111.131 5903.709 3198.783 8026.319 10260.86 10450.78 21106.56 36211.86 50370 70296.41 63697.82 136492.9 175134.4 180974.5 129768.2 143534.4 148030.4 416319.1 184555.1 198157.9 209657.6 235907.1 326582.5 251802.4 311969.6 332975 201143.4 221328.9 171391.8 
#CPUE CV 
0.2 0.2 0.2 0.2 0.2 0.2 0.2 0.2 0.2 0.2 0.2 0.2 0.2 0.2 0.2 0.2 0.2 0.2 0.2 0.2 0.2 0.2 0.2 0.2 0.2 0.2 0.2 0.2 0.2 
#total catch biomass 
4007.342 4304.929 3627.781 3096.599 5276.639 7807.199 13393.93 18641.43 27073.73 46180.66 44075.94 78327.81 128176.3 122221 119833.8 136491.7 132186.3 140383.9 141623.6 127128.6 133533.4 163572.6 196321.7 171159.5 197734.1 246492.7 228292.9 198602.5 212811.2 
#catch CV 
0.1 0.1 0.1 0.1 0.1 0.1 0.1 0.1 0.1 0.1 0.1 0.1 0.1 0.1 0.1 0.1 0.1 0.1 0.1 0.1 0.1 0.1 0.1 0.1 0.1 0.1 0.1 0.1 0.1 
#Length Bins 
0.7268801 2.18064 3.634401 5.088161 6.541921 7.995682 9.449442 10.9032 12.35696 13.81072 15.26448 16.71824 18.172 19.62576 21.07952 22.53328 23.98704 25.44081 26.89457 28.34833 29.80209 31.25585 32.70961 34.16337 35.61713 
#catch length counts 
2.866557e-07 3.112743e-05 0.001992804 0.07521855 1.673889 21.96253 169.9238 775.825 2098.188 3424.945 3675.09 3376.128 3421.88 3188.773 2319.632 1434.542 833.4576 448.8429 217.4739 91.33298 31.15483 8.0678 1.498836 0.1910077 0.01613113 
3.511191e-07 3.812741e-05 0.002440948 0.09213378 2.050315 26.9014 208.1323 950.1763 2568.175 4178.171 4411.276 3855.509 3681.955 3348.776 2444.441 1525.675 871.1057 442.0362 195.1148 73.817 22.85852 5.431884 0.9305686 0.1092937 0.008481893 
1.252296e-07 1.359846e-05 0.0008705858 0.03286046 0.7312809 9.59583 74.27868 339.9352 929.8421 1598.733 2074.499 2745.252 3551.498 3438.958 2359.181 1306.121 672.1326 321.286 134.1153 46.68683 12.995 2.761412 0.4258175 0.04538628 0.003213346 
4.20624e-07 4.567482e-05 0.002924139 0.1103718 2.456165 32.22562 249.2937 1137.354 3063.955 4902.735 4792.535 3222.628 2046.198 1547.417 1199.465 837.7383 486.6782 225.1491 85.0655 26.7562 6.756371 1.292105 0.1778936 0.01692045 0.001074249 
5.99358e-07 6.508322e-05 0.004166682 0.1572718 3.499877 45.92064 355.2813 1621.865 4381.47 7102.933 7344.985 5921.386 4871.226 3715.077 2059.013 819.1403 293.2074 116.3928 44.74549 13.81882 3.215424 0.5515596 0.06776139 0.005746884 0.00032529 
9.794129e-07 0.0001063527 0.00680879 0.2569984 5.71916 75.03893 580.5584 2650.066 7156.125 11574.01 11832.73 9174.232 7114.082 5275.852 2964.845 1213.964 397.6968 111.4904 27.47564 6.255265 1.268985 0.2013029 0.02265654 0.001729652 8.740127e-05 
1.587986e-06 0.0001724366 0.01103954 0.4166884 9.272862 121.6663 941.3227 4297.174 11607.13 18789.6 19249.82 14934.41 11441.19 8243.855 4419.733 1674.739 494.8287 124.9455 26.53073 4.55698 0.6368434 0.07320875 0.006668512 0.0004448274 2.02064e-05 
2.61256e-06 0.0002836933 0.01816228 0.6855373 15.25576 200.1663 1548.675 7069.716 19093.88 30881.2 31468.01 23885.07 17512.13 12072.85 6183.76 2181.834 573.163 124.7219 22.79743 3.346394 0.3837362 0.03375724 0.002234529 0.0001093735 3.861724e-06 
4.117941e-06 0.00044716 0.02862756 1.080551 24.04635 315.5086 2441.18 11146 30124.29 48851.26 50231.27 38946.61 29126.57 20043.54 10128.92 3513.832 898.9578 185.5173 30.93103 3.980608 0.3879936 0.0284302 0.001533039 5.91632e-05 1.596345e-06 
6.345813e-06 0.0006890807 0.04411555 1.665148 37.05596 486.2118 3762.142 17180.51 46466.79 75546.58 78310.88 61750.29 46716.47 31897.87 15839.75 5379.786 1339.911 266.9082 42.57082 5.1688 0.4638224 0.03031699 0.001415401 4.619141e-05 1.034731e-06 
7.738854e-06 0.0008403487 0.05379987 2.030688 45.19095 592.9679 4588.711 20964.87 56806.19 93010.01 98760.07 82357.62 65834.21 45250.53 21735.38 6875.318 1518.863 260.7597 36.61574 4.055808 0.33773 0.02049205 0.0008802332 2.603673e-05 5.189616e-07 
1.380784e-05 0.001499369 0.09599092 3.623195 80.63015 1057.953 8186.097 37381.5 101057.7 163833 167336.5 125046.6 85521.71 52941.83 24006.15 7196.592 1466.207 222.5601 26.85981 2.533642 0.1794547 0.009366915 0.0003541743 9.420992e-06 1.707489e-07 
1.626682e-05 0.001766386 0.1130857 4.268454 94.99112 1246.459 9646.979 44093.98 119645.4 196718.4 210845 177136 138943.9 91183.62 41093.26 11827.95 2231.624 300.3497 31.35333 2.560983 0.1567779 0.006981037 0.0002229413 5.015904e-06 7.771849e-08 
2.390713e-05 0.002596034 0.1662006 6.27329 139.6068 1831.874 14176.86 64778.58 175517 286752.1 299871.8 235622 168473.2 103611.3 44999.97 12613.86 2317.199 300.3659 29.51062 2.203072 0.1196215 0.004600616 0.0001248962 2.379377e-06 3.125227e-08 
1.948036e-05 0.00211534 0.1354263 5.111753 113.7616 1492.933 11559.48 52917.79 144392.4 241968.7 273945.3 254080.6 214056.2 140499.6 60954.9 16575.6 2884.352 344.1116 30.54272 2.073421 0.1038631 0.003690876 9.137624e-05 1.556469e-06 1.793788e-08 
2.175844e-05 0.002362713 0.1512634 5.709525 127.0641 1667.455 12908.93 59058.29 160713.8 266399.4 290558.9 247939.3 190577.6 118932.8 51098 14343.77 2725.524 373.8858 37.9265 2.743011 0.1354056 0.004501525 0.0001016117 1.566753e-06 1.636555e-08 
2.04606e-05 0.002221784 0.1422412 5.369011 119.4887 1568.164 12143.5 55607.56 151791.5 254082.6 284415.4 253394.1 200065.4 123536.7 51011.83 13333.61 2254.085 264.4576 23.29617 1.575051 0.07853889 0.002752112 6.549474e-05 1.03195e-06 1.055945e-08 
2.810661e-05 0.003052051 0.1953957 7.375341 164.1374 2153.99 16675.57 76279.82 207356.3 341741.4 363783.8 289705.9 200300.5 113485.4 44788.92 11381.89 1877.393 212.8771 17.63603 1.080438 0.04742836 0.001452424 3.080683e-05 4.500163e-07 4.448592e-09 
2.624336e-05 0.002849727 0.1824435 6.886552 153.2672 2011.689 15583.21 71428.14 195499 329320.2 372294.9 331753.3 254861.1 150495.3 59337.24 14853.83 2405.912 267.3217 21.58163 1.277681 0.05365747 0.001549409 3.035417e-05 4.005006e-07 3.520385e-09 
2.220077e-05 0.002410751 0.1543402 5.825825 129.6644 1702.092 13189.83 60527 166233.8 282709.1 326491.6 299346.5 233177.2 137186.7 53834.62 13601.75 2279.104 267.7749 22.78998 1.381866 0.05759701 0.00161619 3.037054e-05 3.806324e-07 3.148437e-09 
3.01351e-05 0.003272327 0.2094991 7.907806 175.9958 2309.946 17890.7 81940 223491.5 371305.6 400905.6 321772.3 216640.1 116125.6 43436.37 10689.71 1763.275 205.306 17.41358 1.059791 0.04470456 0.001275084 2.423845e-05 3.030384e-07 2.45641e-09 
3.923583e-05 0.004260566 0.2727683 10.29608 229.1551 3007.896 23301.58 106788.8 291752.6 486655.3 529355.5 427493.4 285497.4 149019.8 53474.8 12385.69 1867.425 192.9368 14.43816 0.7950122 0.03139018 0.0008593342 1.59078e-05 1.951927e-07 1.558788e-09 
3.853367e-05 0.004184331 0.2678902 10.11223 225.0835 2955.267 22913.22 105279.2 289837.1 493940.8 565382.7 496051.8 355817.1 190852.8 68454.24 15745.44 2362.333 242.208 17.64627 0.9150829 0.03295688 0.0008073991 1.334037e-05 1.477462e-07 1.084043e-09 
4.490115e-05 0.004875771 0.3121578 11.78323 262.2754 3443.438 26693.1 122550.9 336387.3 567406.1 630432.3 520856.5 347332.7 175576.8 60134.35 13219.7 1877.333 179.6169 12.12046 0.5853441 0.01982985 0.000458299 7.088767e-06 7.243525e-08 4.831243e-10 
5.842161e-05 0.00634395 0.4061548 15.33146 341.2563 4480.421 34730.63 159410.7 436997.2 733298.6 801214.1 637087.8 402616.8 193703.1 63733.19 13495.89 1835.917 166.1349 10.44268 0.4648224 0.01445397 0.0003063505 4.348953e-06 4.089703e-08 2.519571e-10 
6.472398e-05 0.007028354 0.4499785 16.98641 378.1371 4966.263 38532.01 177307.6 489388.9 835494.6 947271.4 796467.7 527804.8 259090.6 85729.75 18339.01 2560.816 241.4833 15.78503 0.7132451 0.02178431 0.0004408739 5.857673e-06 5.089072e-08 2.874976e-10 
5.027996e-05 0.00545994 0.3495737 13.19727 293.8533 3861.762 30014.71 138770.9 387834.1 682428.1 821336.5 747168.4 523308.1 259843.9 84279.98 17323.71 2285.46 200.956 12.24253 0.5237802 0.0154891 0.0003084825 4.051133e-06 3.454643e-08 1.888989e-10 
6.932547e-05 0.007528056 0.4819751 18.19458 405.0453 5319.866 41273.58 189811.7 522372.1 881876.5 966483.2 755120.2 451969.3 201211.6 61201.43 12064 1535.108 129.4962 7.472276 0.2984286 0.008151617 0.000149338 1.808571e-06 1.434077e-08 7.374315e-11 
6.288321e-05 0.006828597 0.4372111 16.50657 367.5746 4831.471 37561.03 173657.3 484360.3 843824.5 984156.7 839394.1 539928.9 246243.5 73505.92 13769.98 1612.62 120.8101 6.016959 0.2064077 0.004934276 8.106826e-05 8.944924e-07 6.497705e-09 3.060746e-11 
#survey length counts 
5.858947e-07 6.362126e-05 0.004073086 0.1537389 3.421251 44.88866 347.2879 1585.265 4282.405 6950.965 7275.566 6231.461 5860.15 5334.605 3912.681 2456.396 1417.416 729.7948 328.1654 127.3828 40.86026 10.15898 1.837115 0.2293717 0.01902642 
1.941863e-07 2.108634e-05 0.001349966 0.05095475 1.133948 14.87933 115.1669 526.8609 1438.846 2458.766 3138.172 4083.154 5287.666 5167.932 3574.341 1991.582 1034.956 502.518 214.3193 76.75687 22.16169 4.929461 0.8026362 0.09098845 0.006889255 
6.103548e-07 6.627734e-05 0.00424313 0.1601571 3.564064 46.76149 361.7382 1650.296 4445.069 7108.12 6931.853 4628.965 2910.098 2196.256 1710.999 1208.939 714.7303 337.1875 130.2753 42.1957 11.07121 2.219148 0.3227623 0.03265432 0.002217387 
8.14082e-07 8.839973e-05 0.005659424 0.2136154 4.753725 62.37162 482.55 2202.661 5948.517 9631.745 9924.611 7957.646 6564.577 5072.166 2850.791 1145.249 412.3712 166.0548 65.59101 20.96702 5.080572 0.9141704 0.1187033 0.01071067 0.0006484066 
1.252542e-06 0.0001360114 0.008707561 0.3286676 7.314056 95.96454 742.4419 3388.785 9148.701 14785.04 15087.05 11687.22 9140.182 6888.504 3931.728 1633.266 544.3317 155.8447 39.26281 9.187916 1.939664 0.3234935 0.03853566 0.00313082 0.0001691815 
1.909333e-06 0.0002073311 0.01327351 0.5010099 11.14932 146.2861 1131.784 5166.313 13951.85 22572.19 23106.18 17976.28 13968.16 10267.62 5603.458 2157.053 648.8208 167.8205 36.69625 6.513871 0.9452524 0.1137286 0.01094736 0.0007776506 3.780299e-05 
3.192025e-06 0.0003466163 0.02219067 0.8375888 18.63945 244.5616 1892.125 8637.018 23322.02 37698.72 38387.75 29225.23 21747.39 15316.57 7999.072 2871.994 768.9893 171.5805 32.35223 4.920953 0.5878328 0.0541924 0.00378278 0.0001965923 7.420151e-06 
4.933434e-06 0.000535713 0.0342968 1.294537 28.80829 377.9872 2924.534 13351.96 36078.53 58477.12 60113.52 46838.54 35654.48 25108.27 12949.53 4576.114 1195.161 253.4193 43.6708 5.831884 0.5926781 0.04554893 0.002590893 0.0001060329 3.049525e-06 
7.139385e-06 0.0007752533 0.04963238 1.873381 41.68987 547.0098 4232.482 19327.01 52261.9 84939.18 88105.66 70027.97 54146.89 37922.69 19241.93 6663.756 1696.281 347.6435 57.39982 7.244394 0.6788003 0.04657329 0.002293812 7.933649e-05 1.891927e-06 
8.384511e-06 0.0009104594 0.05828841 2.200108 48.96109 642.4317 4971.344 22711.01 61523.85 100708.2 107100.8 90302.01 74005.27 52240.41 25667.48 8288.173 1872.044 330.616 48.10253 5.547775 0.4831441 0.03081186 0.001397538 4.382577e-05 9.295137e-07 
1.503674e-05 0.001632813 0.1045341 3.945656 87.806 1152.1 8914.381 40704.53 110023.9 178337.2 182363.3 137506.1 96364.68 61436.6 28564.98 8755.397 1825.683 285.2596 35.70446 3.510214 0.260126 0.01427734 0.0005706582 1.611482e-05 3.111184e-07 
1.725524e-05 0.001873717 0.1199571 4.527814 100.7626 1322.175 10232.61 46765.76 126864.9 208556.7 224049 190701 153724.8 103827.1 47960.77 14120.52 2727.843 377.8871 40.93327 3.490036 0.2237982 0.01048147 0.0003537927 8.450793e-06 1.39539e-07 
2.534362e-05 0.00275202 0.1761868 6.650219 147.9945 1941.914 15027.96 68661.21 186000 303846.5 318395.8 253175.7 186054.4 117989.5 52607.01 15099.43 2842.945 379.7308 38.75382 3.02219 0.1719193 0.006951853 0.0001994122 4.033242e-06 5.645111e-08 
2.090438e-05 0.002269971 0.1453259 5.485407 122.0764 1602.015 12403.23 56769.83 154843.3 259433.1 294734.2 277781.9 240760.3 162592.9 72338.36 20142.92 3593.136 441.6299 40.7227 2.891811 0.1520392 0.005687512 0.0001488226 2.690005e-06 3.300397e-08 
2.292135e-05 0.002488991 0.1593477 6.014661 133.854 1756.523 13597.68 62199.94 169212.7 280467.7 306866.8 265813 210324.7 135275.1 59660.07 17165.45 3352.096 475.8119 50.29127 3.803509 0.1967342 0.006875601 0.0001639525 2.683677e-06 2.986754e-08 
2.148424e-05 0.002332939 0.1493574 5.637599 125.4651 1646.553 12749.55 58371.46 159278 266607.7 299597.4 271404.7 220747.5 140497.3 59582.08 15968.12 2771.854 335.844 30.82496 2.186688 0.1148163 0.004248125 0.0001070435 1.790078e-06 1.94812e-08 
3.019143e-05 0.003278437 0.2098891 7.922385 176.3105 2313.689 17910.85 81918.32 222622.3 366883.7 391651.2 316229.6 225090.3 131749.6 53504.42 13958.23 2366.735 277.4511 23.96292 1.539897 0.07112569 0.002299221 5.171807e-05 8.048285e-07 8.501408e-09 
2.823423e-05 0.003065912 0.1962836 7.408934 164.8912 2164.175 16762.7 76815.72 210153.2 354003.2 401905.1 364340.9 288412.8 175651.8 71192.99 18295.05 3047.97 350.4727 29.52927 1.835619 0.08118229 0.002475471 5.140657e-05 7.218016e-07 6.773402e-09 
2.38536e-05 0.002590227 0.1658302 6.259498 139.3141 1828.673 14168.91 65000.56 178430.4 303471.8 352200.4 328867 264012.6 160158.4 64609.05 16769.44 2895.704 353.0847 31.42191 2.001018 0.08781058 0.002602175 5.185309e-05 6.918572e-07 6.110389e-09 
3.251487e-05 0.00353074 0.2260427 8.532228 189.8905 2492.225 19300.72 88379.87 240975.6 400380.1 433844.3 353510.7 245209.6 135886.2 52366.99 13257.72 2256.37 273.0086 24.24718 1.552514 0.06909681 0.00208587 4.210911e-05 5.607317e-07 4.851909e-09 
4.283644e-05 0.004651547 0.297799 11.24083 250.1781 3283.703 25435.49 116541.2 318279.8 530961.7 579795.6 475609 327321.6 176674.8 65346.55 15572.08 2420.556 259.5284 20.33688 1.18068 0.0493346 0.001433417 2.82479e-05 3.699656e-07 3.160049e-09 
4.090097e-05 0.004441389 0.2843466 10.73332 238.9017 3136.48 24314.27 111678.5 307303.9 523880.4 602970.5 538994.7 398755.1 220909.1 81605.96 19316.15 2991.122 318.7167 24.32904 1.329244 0.05059694 0.001314371 2.312502e-05 2.738415e-07 2.154734e-09 
4.800143e-05 0.005212421 0.3337097 12.59664 280.3735 3680.813 28528.93 130939.8 359264.4 606194.7 676861.4 568993.6 391288.1 204564.1 72250.63 16356.05 2397.391 238.3001 16.85279 0.8587613 0.03080636 0.0007559122 1.245155e-05 1.359202e-07 9.709833e-10 
6.493562e-05 0.00705129 0.4514386 17.04065 379.2902 4979.451 38593.21 177087.7 485264.3 814535.8 893998.6 722487.3 470582.5 234318.6 79583.84 17366.2 2439.121 229.2878 15.10197 0.7094484 0.02337388 0.0005263002 7.962496e-06 8.00722e-08 5.289831e-10 
6.973283e-05 0.007572245 0.4847972 18.3005 407.374 5349.74 41498.7 190884.3 526611.9 899544.3 1025898 878676.5 600560.7 304856.3 104078.1 22959.17 3317.135 325.8986 22.36377 1.066173 0.03445103 0.0007395751 1.046015e-05 9.710939e-08 5.881039e-10 
5.340522e-05 0.00579929 0.3712966 14.01698 312.0847 4100.735 31861.86 147226.3 411207.8 724278.8 878639 816415.7 589942.7 302549.5 101156.4 21429.05 2922.949 267.5971 17.12471 0.774934 0.02432816 0.0005155641 7.221085e-06 6.582607e-08 3.855103e-10 
7.383038e-05 0.00801722 0.5132893 19.37634 431.3349 5664.607 43939.48 202001.4 555715 938766.9 1034362 821996 507206.2 233897.9 73557.45 14972.68 1972.141 173.3103 10.5047 0.443622 0.01286224 0.0002508071 3.243079e-06 2.754675e-08 1.521391e-10 
6.832231e-05 0.007419194 0.4750183 17.93334 399.316 5247.812 40784.19 188453.9 525349 916217.6 1076612 936922.2 621726.6 293217.7 90339.8 17447.8 2110.067 164.1022 8.559769 0.3105132 0.007902894 0.0001386932 1.637821e-06 1.275791e-08 6.456789e-11 
4.140637e-05 0.004496479 0.2879095 10.87142 242.1885 3186.955 24852.18 115848.5 330045.6 604173.1 773443.5 744880.6 531184.7 258943.8 81146.02 16052.73 2031.893 169.2409 9.487764 0.3585995 0.008994088 0.0001471341 1.557129e-06 1.066115e-08 4.730273e-11 
