# Number of parameters = 79 Objective function value = 20473.0744027446  Maximum gradient component = 0.000837015896522182
# srv_sel50:
0.951514189287
# srv_sel95:
1.01619059384
# stNatLen:
 10.6552613482 9.19502452302 7.98018674563 7.11694385723 6.49928239146 6.03842609060 5.68153453382 5.39885808363 5.17275700761 4.99212058987 4.84963112093 4.74034147573 4.66088923120 4.60904398750 4.58344314548
# log_avg_fmort_dir:
0.0258809183647
# fmort_dir_dev:
 0.202337828846 0.323554292495 0.473444319338 0.488053356018 0.328601658816 0.405748356027 0.482706612824 0.317576587925 0.248995762867 0.395914486232 0.433368890627 0.417408480657 0.383178206328 0.321915590642 0.459310058997 0.487766977971 0.531763012857 0.376782819992 0.411071986753 0.439498450336 0.379788279815 0.445758799184 0.395071699862 0.332079180956 0.286749403873 0.341097903910 0.379320563975 0.564219956199 -11.0530835243
# mean_log_rec:
13.2059055322
# rec_dev:
 -2.09699085260 -2.00409540319 -2.05576679245 -1.76069831000 -1.46972803964 -1.45859027011 -1.19664961631 -0.589470145101 -0.125791563658 0.108924925250 0.432452407741 0.700290692434 0.853511618978 0.834184474486 0.700955851813 0.646385920619 0.506002088515 0.574580914323 0.600450187517 0.628896751834 0.713047779098 0.784854682280 0.859322029640 0.938846349131 0.962008150483 0.849008047989 0.643484215370 0.210286953501 0.210286952063
# log_avg_NatM:
-0.940144300000
# m_dev:
 0.00000000000 0.00000000000 0.00000000000 0.00000000000 0.00000000000 0.00000000000 0.00000000000 0.00000000000 0.00000000000 0.00000000000 0.00000000000 0.00000000000 0.00000000000 0.00000000000 0.00000000000 0.00000000000 0.00000000000 0.00000000000 0.00000000000 0.00000000000 0.00000000000 0.00000000000 0.00000000000 0.00000000000 0.00000000000 0.00000000000 0.00000000000 0.00000000000 0.00000000000
# log_avg_GrowthK:
-1.02151300000
# log_avg_Linf:
3.36611700000
# GrowthK_dev:
 0.00000000000 0.00000000000 0.00000000000 0.00000000000 0.00000000000 0.00000000000 0.00000000000 0.00000000000 0.00000000000 0.00000000000 0.00000000000 0.00000000000 0.00000000000 0.00000000000 0.00000000000 0.00000000000 0.00000000000 0.00000000000 0.00000000000 0.00000000000 0.00000000000 0.00000000000 0.00000000000 0.00000000000 0.00000000000 0.00000000000 0.00000000000 0.00000000000 0.00000000000
# Linf_dev:
 0.00000000000 0.00000000000 0.00000000000 0.00000000000 0.00000000000 0.00000000000 0.00000000000 0.00000000000 0.00000000000 0.00000000000 0.00000000000 0.00000000000 0.00000000000 0.00000000000 0.00000000000 0.00000000000 0.00000000000 0.00000000000 0.00000000000 0.00000000000 0.00000000000 0.00000000000 0.00000000000 0.00000000000 0.00000000000 0.00000000000 0.00000000000 0.00000000000 0.00000000000
# SelPars50:
0.957148546679
# SelPars95:
1.09334885070
# SelPars_dev50:
 0.00000000000 0.00000000000 0.00000000000 0.00000000000 0.00000000000 0.00000000000 0.00000000000 0.00000000000 0.00000000000 0.00000000000 0.00000000000 0.00000000000 0.00000000000 0.00000000000 0.00000000000 0.00000000000 0.00000000000 0.00000000000 0.00000000000 0.00000000000 0.00000000000 0.00000000000 0.00000000000 0.00000000000 0.00000000000 0.00000000000 0.00000000000 0.00000000000 0.00000000000
# SelPars_dev95:
 0.00000000000 0.00000000000 0.00000000000 0.00000000000 0.00000000000 0.00000000000 0.00000000000 0.00000000000 0.00000000000 0.00000000000 0.00000000000 0.00000000000 0.00000000000 0.00000000000 0.00000000000 0.00000000000 0.00000000000 0.00000000000 0.00000000000 0.00000000000 0.00000000000 0.00000000000 0.00000000000 0.00000000000 0.00000000000 0.00000000000 0.00000000000 0.00000000000 0.00000000000
