# Number of parameters = 78 Objective function value = 18617.8881601415  Maximum gradient component = 0.000459520691505564
# srv_sel50:
1.34019320374
# srv_sel95:
2.56483331339
# stNatLen:
 11.7522646472 10.0460541942 8.50475212737 7.47699899258 6.76303979353 6.22920206673 5.81321604894 5.48206249463 5.21617917230 5.00312328444 4.83462311842 4.70505600722 4.61060538868 4.54877570132 4.51811124254
# log_avg_fmort_dir:
0.600754514260
# fmort_dir_dev:
 -1.08516640738 -0.586822626564 -0.353843148432 -0.219924013831 -0.531893583613 -0.130999916789 -0.0160177531469 -0.257301131310 -0.213639135166 -0.187684400997 -0.0620302787330 -0.0630942091852 0.0546410826507 0.163167327414 0.342260290263 0.311304654253 0.154842256030 0.232388805134 0.248207415461 0.314854088407 0.275896849768 0.218382439693 0.299870300710 0.198757671564 0.263706142409 0.251963754454 0.322298294449 0.0558752324848
# mean_log_rec:
14.4251989473
# rec_dev:
 -2.13425378034 -1.90448633672 -1.75694753064 -1.09190814037 -0.949636172903 -1.01347031676 -0.642558711794 -0.397394927245 -0.181112662921 0.106498395203 0.366025585326 0.537300258754 0.650603078228 0.593146225003 0.443913977023 0.400527835794 0.353387183027 0.338808031602 0.379822936326 0.398339462707 0.491208162908 0.566275888102 0.601779389661 0.725260392326 0.748496882281 0.727489118547 0.821442871697 0.821442905178
# log_avg_NatM:
0.341036610258
# m_dev:
 0.00000000000 0.00000000000 0.00000000000 0.00000000000 0.00000000000 0.00000000000 0.00000000000 0.00000000000 0.00000000000 0.00000000000 0.00000000000 0.00000000000 0.00000000000 0.00000000000 0.00000000000 0.00000000000 0.00000000000 0.00000000000 0.00000000000 0.00000000000 0.00000000000 0.00000000000 0.00000000000 0.00000000000 0.00000000000 0.00000000000 0.00000000000 0.00000000000
# log_avg_GrowthK:
-1.19613400000
# log_avg_Linf:
3.45239700000
# GrowthK_dev:
 0.00000000000 0.00000000000 0.00000000000 0.00000000000 0.00000000000 0.00000000000 0.00000000000 0.00000000000 0.00000000000 0.00000000000 0.00000000000 0.00000000000 0.00000000000 0.00000000000 0.00000000000 0.00000000000 0.00000000000 0.00000000000 0.00000000000 0.00000000000 0.00000000000 0.00000000000 0.00000000000 0.00000000000 0.00000000000 0.00000000000 0.00000000000 0.00000000000
# Linf_dev:
 0.00000000000 0.00000000000 0.00000000000 0.00000000000 0.00000000000 0.00000000000 0.00000000000 0.00000000000 0.00000000000 0.00000000000 0.00000000000 0.00000000000 0.00000000000 0.00000000000 0.00000000000 0.00000000000 0.00000000000 0.00000000000 0.00000000000 0.00000000000 0.00000000000 0.00000000000 0.00000000000 0.00000000000 0.00000000000 0.00000000000 0.00000000000 0.00000000000
# SelPars50:
1.02514677176
# SelPars95:
1.09402520781
# SelPars_dev50:
 0.00000000000 0.00000000000 0.00000000000 0.00000000000 0.00000000000 0.00000000000 0.00000000000 0.00000000000 0.00000000000 0.00000000000 0.00000000000 0.00000000000 0.00000000000 0.00000000000 0.00000000000 0.00000000000 0.00000000000 0.00000000000 0.00000000000 0.00000000000 0.00000000000 0.00000000000 0.00000000000 0.00000000000 0.00000000000 0.00000000000 0.00000000000 0.00000000000
# SelPars_dev95:
 0.00000000000 0.00000000000 0.00000000000 0.00000000000 0.00000000000 0.00000000000 0.00000000000 0.00000000000 0.00000000000 0.00000000000 0.00000000000 0.00000000000 0.00000000000 0.00000000000 0.00000000000 0.00000000000 0.00000000000 0.00000000000 0.00000000000 0.00000000000 0.00000000000 0.00000000000 0.00000000000 0.00000000000 0.00000000000 0.00000000000 0.00000000000 0.00000000000
