# Number of parameters = 79 Objective function value = 22779.5742883705  Maximum gradient component = 0.000385004577220519
# srv_sel50:
0.407527208242
# srv_sel95:
1.60005978508
# stNatLen:
 10.2965905619 9.49490355127 8.21139901763 7.18220899427 6.42446185827 5.86336826776 5.43662833083 5.10431835477 4.84204847932 4.63460979039 4.47218802139 4.34828152117 4.25854607183 4.20013768477 4.17133518882
# log_avg_fmort_dir:
0.699768015689
# fmort_dir_dev:
 -0.328846973179 -0.158302683126 -0.114441017768 -0.131856775168 -0.262670581689 -0.106925043486 0.0966060505856 0.0219732927740 -0.231913428947 -0.0168688487785 0.230405311554 -0.0580428015566 -0.00531195337217 0.245043979544 0.214381507317 0.230642675009 0.0632924006958 0.196977552741 0.136905094154 0.175482228673 0.194150793222 0.0438745737187 0.166337076962 0.142263249756 0.0911640819264 0.243193390206 0.291517346588 0.0971004696075 -1.46613096797
# mean_log_rec:
12.3966370067
# rec_dev:
 -1.88271994155 -1.64808038524 -1.40363981470 -1.09520314430 -1.03977782790 -1.25557349731 -0.888569449453 -0.173608401512 -0.261630594247 -0.283413926712 0.341224615145 0.637306352607 0.564694141735 0.316899764310 0.243178512946 0.360031709502 0.273027922521 0.346549947953 0.302984975437 0.340305945256 0.497329964775 0.499318026701 0.681090515027 0.730331727357 0.609004650031 0.510476760524 0.633170973373 1.02264522334 1.02264525439
# log_avg_NatM:
-0.940144300000
# m_dev:
 0.00000000000 0.00000000000 0.00000000000 0.00000000000 0.00000000000 0.00000000000 0.00000000000 0.00000000000 0.00000000000 0.00000000000 0.00000000000 0.00000000000 0.00000000000 0.00000000000 0.00000000000 0.00000000000 0.00000000000 0.00000000000 0.00000000000 0.00000000000 0.00000000000 0.00000000000 0.00000000000 0.00000000000 0.00000000000 0.00000000000 0.00000000000 0.00000000000 0.00000000000
# log_avg_GrowthK:
-1.02151300000
# log_avg_Linf:
3.36611700000
# GrowthK_dev:
 0.00000000000 0.00000000000 0.00000000000 0.00000000000 0.00000000000 0.00000000000 0.00000000000 0.00000000000 0.00000000000 0.00000000000 0.00000000000 0.00000000000 0.00000000000 0.00000000000 0.00000000000 0.00000000000 0.00000000000 0.00000000000 0.00000000000 0.00000000000 0.00000000000 0.00000000000 0.00000000000 0.00000000000 0.00000000000 0.00000000000 0.00000000000 0.00000000000 0.00000000000
# Linf_dev:
 0.00000000000 0.00000000000 0.00000000000 0.00000000000 0.00000000000 0.00000000000 0.00000000000 0.00000000000 0.00000000000 0.00000000000 0.00000000000 0.00000000000 0.00000000000 0.00000000000 0.00000000000 0.00000000000 0.00000000000 0.00000000000 0.00000000000 0.00000000000 0.00000000000 0.00000000000 0.00000000000 0.00000000000 0.00000000000 0.00000000000 0.00000000000 0.00000000000 0.00000000000
# SelPars50:
1.70913821885
# SelPars95:
2.77540229280
# SelPars_dev50:
 0.00000000000 0.00000000000 0.00000000000 0.00000000000 0.00000000000 0.00000000000 0.00000000000 0.00000000000 0.00000000000 0.00000000000 0.00000000000 0.00000000000 0.00000000000 0.00000000000 0.00000000000 0.00000000000 0.00000000000 0.00000000000 0.00000000000 0.00000000000 0.00000000000 0.00000000000 0.00000000000 0.00000000000 0.00000000000 0.00000000000 0.00000000000 0.00000000000 0.00000000000
# SelPars_dev95:
 0.00000000000 0.00000000000 0.00000000000 0.00000000000 0.00000000000 0.00000000000 0.00000000000 0.00000000000 0.00000000000 0.00000000000 0.00000000000 0.00000000000 0.00000000000 0.00000000000 0.00000000000 0.00000000000 0.00000000000 0.00000000000 0.00000000000 0.00000000000 0.00000000000 0.00000000000 0.00000000000 0.00000000000 0.00000000000 0.00000000000 0.00000000000 0.00000000000 0.00000000000
