# Number of parameters = 78 Objective function value = 20907.3337638419  Maximum gradient component = 0.000563585571890204
# srv_sel50:
1.22065755374
# srv_sel95:
2.65778763401
# stNatLen:
 11.4592556117 10.8249753869 8.93616236370 7.65297920034 6.82047041704 6.23774061932 5.80150901449 5.46282803941 5.19537357654 4.98351449637 4.81735701764 4.69040118366 4.59832640044 4.53832233313 4.50870904312
# log_avg_fmort_dir:
0.639139910649
# fmort_dir_dev:
 -0.929236029454 -0.676341328686 -0.586691095052 -0.625548244340 -0.500794929516 -0.394349741238 -0.309963339170 -0.302176291121 -0.210157040019 -0.130080774276 -0.0254820474440 0.0140709110604 0.00872012918174 0.0861956263919 0.121694990449 0.188441189617 0.209703324897 0.308564443104 0.331118110283 0.369755375358 0.386559548190 0.406964958583 0.459776247409 0.478778289961 0.487245086572 0.546834081486 0.383034089792 -0.0966355420170
# mean_log_rec:
13.6476704314
# rec_dev:
 -1.98283229057 -1.83616376349 -1.65858682856 -1.33898623047 -1.23224091720 -1.13376885941 -0.809391325039 -0.416331755972 -0.152476522269 -0.0489558741210 0.258673121902 0.643826935076 0.668489395561 0.447798524744 0.348576540987 0.403074595357 0.417787463804 0.384571209518 0.378491628927 0.479963949562 0.536092496191 0.606289121935 0.648056172901 0.766979971367 0.798349224463 0.801781528520 1.01046624316 1.01046624313
# log_avg_NatM:
-0.572073048367
# m_dev:
 0.00000000000 0.00000000000 0.00000000000 0.00000000000 0.00000000000 0.00000000000 0.00000000000 0.00000000000 0.00000000000 0.00000000000 0.00000000000 0.00000000000 0.00000000000 0.00000000000 0.00000000000 0.00000000000 0.00000000000 0.00000000000 0.00000000000 0.00000000000 0.00000000000 0.00000000000 0.00000000000 0.00000000000 0.00000000000 0.00000000000 0.00000000000 0.00000000000
# log_avg_GrowthK:
-1.18630400000
# log_avg_Linf:
3.44583300000
# GrowthK_dev:
 0.00000000000 0.00000000000 0.00000000000 0.00000000000 0.00000000000 0.00000000000 0.00000000000 0.00000000000 0.00000000000 0.00000000000 0.00000000000 0.00000000000 0.00000000000 0.00000000000 0.00000000000 0.00000000000 0.00000000000 0.00000000000 0.00000000000 0.00000000000 0.00000000000 0.00000000000 0.00000000000 0.00000000000 0.00000000000 0.00000000000 0.00000000000 0.00000000000
# Linf_dev:
 0.00000000000 0.00000000000 0.00000000000 0.00000000000 0.00000000000 0.00000000000 0.00000000000 0.00000000000 0.00000000000 0.00000000000 0.00000000000 0.00000000000 0.00000000000 0.00000000000 0.00000000000 0.00000000000 0.00000000000 0.00000000000 0.00000000000 0.00000000000 0.00000000000 0.00000000000 0.00000000000 0.00000000000 0.00000000000 0.00000000000 0.00000000000 0.00000000000
# SelPars50:
1.04853791709
# SelPars95:
1.17387938420
# SelPars_dev50:
 0.00000000000 0.00000000000 0.00000000000 0.00000000000 0.00000000000 0.00000000000 0.00000000000 0.00000000000 0.00000000000 0.00000000000 0.00000000000 0.00000000000 0.00000000000 0.00000000000 0.00000000000 0.00000000000 0.00000000000 0.00000000000 0.00000000000 0.00000000000 0.00000000000 0.00000000000 0.00000000000 0.00000000000 0.00000000000 0.00000000000 0.00000000000 0.00000000000
# SelPars_dev95:
 0.00000000000 0.00000000000 0.00000000000 0.00000000000 0.00000000000 0.00000000000 0.00000000000 0.00000000000 0.00000000000 0.00000000000 0.00000000000 0.00000000000 0.00000000000 0.00000000000 0.00000000000 0.00000000000 0.00000000000 0.00000000000 0.00000000000 0.00000000000 0.00000000000 0.00000000000 0.00000000000 0.00000000000 0.00000000000 0.00000000000 0.00000000000 0.00000000000
