# Number of parameters = 77 Objective function value = 19317.6968407712  Maximum gradient component = 0.000860533667421926
# srv_sel50:
0.946202707733
# srv_sel95:
1.02318055880
# stNatLen:
 10.6536181017 9.20093595439 7.99107331161 7.13218467775 6.51781972391 6.05933935598 5.70420291714 5.42285611710 5.19777758012 5.01793111649 4.87604773072 4.76721282278 4.68808572267 4.63644993208 4.61095058088
# log_avg_fmort_dir:
0.435690015805
# fmort_dir_dev:
 -0.185655502462 -0.0566794634773 0.0957018752652 0.00898637258034 -0.137426009519 -0.0508788819080 0.0695646095685 -0.121692843690 -0.0809798847091 -0.0849409244505 -0.0307806585257 0.0551820821739 -0.0220056663798 -0.0651072613061 0.100505749414 0.0696113359418 0.0535493450559 0.0485727426605 0.0122880868266 0.0984697752083 0.0472540747026 0.0167368012674 -0.113597218328 -0.00499431585959 -0.0784313030592 -0.0603166984668 0.125636071277 0.291427710198
# mean_log_rec:
13.2132793771
# rec_dev:
 -2.13297080157 -2.11111584712 -2.17239186357 -1.74132557191 -1.50921651300 -1.47274528305 -1.15222506095 -0.504640696812 -0.133011846254 0.129439897855 0.434840259007 0.656869300912 0.851173221705 0.815752148707 0.638351426269 0.598059563321 0.596436481249 0.625603666701 0.639636012505 0.645091420984 0.656054822856 0.691367230646 0.853878616647 0.937097078457 0.954094150999 0.893974263634 0.655961960786 0.655961960998
# log_avg_NatM:
-0.940144300000
# m_dev:
 0.00000000000 0.00000000000 0.00000000000 0.00000000000 0.00000000000 0.00000000000 0.00000000000 0.00000000000 0.00000000000 0.00000000000 0.00000000000 0.00000000000 0.00000000000 0.00000000000 0.00000000000 0.00000000000 0.00000000000 0.00000000000 0.00000000000 0.00000000000 0.00000000000 0.00000000000 0.00000000000 0.00000000000 0.00000000000 0.00000000000 0.00000000000 0.00000000000
# log_avg_GrowthK:
-1.02151300000
# log_avg_Linf:
3.36611700000
# GrowthK_dev:
 0.00000000000 0.00000000000 0.00000000000 0.00000000000 0.00000000000 0.00000000000 0.00000000000 0.00000000000 0.00000000000 0.00000000000 0.00000000000 0.00000000000 0.00000000000 0.00000000000 0.00000000000 0.00000000000 0.00000000000 0.00000000000 0.00000000000 0.00000000000 0.00000000000 0.00000000000 0.00000000000 0.00000000000 0.00000000000 0.00000000000 0.00000000000 0.00000000000
# Linf_dev:
 0.00000000000 0.00000000000 0.00000000000 0.00000000000 0.00000000000 0.00000000000 0.00000000000 0.00000000000 0.00000000000 0.00000000000 0.00000000000 0.00000000000 0.00000000000 0.00000000000 0.00000000000 0.00000000000 0.00000000000 0.00000000000 0.00000000000 0.00000000000 0.00000000000 0.00000000000 0.00000000000 0.00000000000 0.00000000000 0.00000000000 0.00000000000 0.00000000000
# SelPars50:
0.958519108634
# SelPars95:
1.09674928510
# SelPars_dev50:
 0.00000000000 0.00000000000 0.00000000000 0.00000000000 0.00000000000 0.00000000000 0.00000000000 0.00000000000 0.00000000000 0.00000000000 0.00000000000 0.00000000000 0.00000000000 0.00000000000 0.00000000000 0.00000000000 0.00000000000 0.00000000000 0.00000000000 0.00000000000 0.00000000000 0.00000000000 0.00000000000 0.00000000000 0.00000000000 0.00000000000 0.00000000000 0.00000000000
# SelPars_dev95:
 0.00000000000 0.00000000000 0.00000000000 0.00000000000 0.00000000000 0.00000000000 0.00000000000 0.00000000000 0.00000000000 0.00000000000 0.00000000000 0.00000000000 0.00000000000 0.00000000000 0.00000000000 0.00000000000 0.00000000000 0.00000000000 0.00000000000 0.00000000000 0.00000000000 0.00000000000 0.00000000000 0.00000000000 0.00000000000 0.00000000000 0.00000000000 0.00000000000
