# Number of parameters = 79 Objective function value = 20322.9579762811  Maximum gradient component = 0.00537111323986538
# srv_sel50:
0.971237643572
# srv_sel95:
1.07477785913
# stNatLen:
 10.6597329833 9.56001277073 8.13979615860 7.16733476871 6.50845084346 6.02372631357 5.64949139273 5.35320362900 5.11612325443 4.92658187032 4.77693906838 4.66204951430 4.57843026180 4.52378777876 4.49674802619
# log_avg_fmort_dir:
0.644039239775
# fmort_dir_dev:
 -0.241561570678 -0.150361990994 -0.0722012783916 -0.137004270786 -0.166132076378 0.0409368245146 0.0156393652671 -0.165596522521 -0.153898716165 -0.0582814121872 0.0170516723367 -0.00100693555333 0.0145040147137 0.140817221158 0.117591148687 0.197737899961 0.130272967758 0.283485822094 0.176583443183 0.261496313653 0.269923021586 0.267702118789 0.315960663393 0.317731111289 0.233646476371 0.249223402171 0.313567795459 0.0753741273321 -2.29320063606
# mean_log_rec:
13.3467222267
# rec_dev:
 -2.37632311531 -2.01506428260 -1.72250303021 -1.43428961834 -1.46263064187 -1.41529565305 -0.979245062162 -0.512149734036 -0.235195678482 -0.0451455424195 0.215327631562 0.518267380547 0.701205790322 0.527874692143 0.476854322862 0.483445586279 0.532651318491 0.429518315634 0.459984146315 0.472626425223 0.567291703283 0.664632828322 0.731910882256 0.764973915085 0.823505656635 0.796929183659 0.752765541354 1.13903851939 1.13903851911
# log_avg_NatM:
-1.36837500000
# m_dev:
 0.00000000000 0.00000000000 0.00000000000 0.00000000000 0.00000000000 0.00000000000 0.00000000000 0.00000000000 0.00000000000 0.00000000000 0.00000000000 0.00000000000 0.00000000000 0.00000000000 0.00000000000 0.00000000000 0.00000000000 0.00000000000 0.00000000000 0.00000000000 0.00000000000 0.00000000000 0.00000000000 0.00000000000 0.00000000000 0.00000000000 0.00000000000 0.00000000000 0.00000000000
# log_avg_GrowthK:
-1.19613400000
# log_avg_Linf:
3.45239700000
# GrowthK_dev:
 0.00000000000 0.00000000000 0.00000000000 0.00000000000 0.00000000000 0.00000000000 0.00000000000 0.00000000000 0.00000000000 0.00000000000 0.00000000000 0.00000000000 0.00000000000 0.00000000000 0.00000000000 0.00000000000 0.00000000000 0.00000000000 0.00000000000 0.00000000000 0.00000000000 0.00000000000 0.00000000000 0.00000000000 0.00000000000 0.00000000000 0.00000000000 0.00000000000 0.00000000000
# Linf_dev:
 0.00000000000 0.00000000000 0.00000000000 0.00000000000 0.00000000000 0.00000000000 0.00000000000 0.00000000000 0.00000000000 0.00000000000 0.00000000000 0.00000000000 0.00000000000 0.00000000000 0.00000000000 0.00000000000 0.00000000000 0.00000000000 0.00000000000 0.00000000000 0.00000000000 0.00000000000 0.00000000000 0.00000000000 0.00000000000 0.00000000000 0.00000000000 0.00000000000 0.00000000000
# SelPars50:
1.00990260938
# SelPars95:
1.11917506748
# SelPars_dev50:
 0.00000000000 0.00000000000 0.00000000000 0.00000000000 0.00000000000 0.00000000000 0.00000000000 0.00000000000 0.00000000000 0.00000000000 0.00000000000 0.00000000000 0.00000000000 0.00000000000 0.00000000000 0.00000000000 0.00000000000 0.00000000000 0.00000000000 0.00000000000 0.00000000000 0.00000000000 0.00000000000 0.00000000000 0.00000000000 0.00000000000 0.00000000000 0.00000000000 0.00000000000
# SelPars_dev95:
 0.00000000000 0.00000000000 0.00000000000 0.00000000000 0.00000000000 0.00000000000 0.00000000000 0.00000000000 0.00000000000 0.00000000000 0.00000000000 0.00000000000 0.00000000000 0.00000000000 0.00000000000 0.00000000000 0.00000000000 0.00000000000 0.00000000000 0.00000000000 0.00000000000 0.00000000000 0.00000000000 0.00000000000 0.00000000000 0.00000000000 0.00000000000 0.00000000000 0.00000000000
