# Number of parameters = 78 Objective function value = 25082.0511342018  Maximum gradient component = 0.000518822836917122
# srv_sel50:
2.00740405250
# srv_sel95:
4.68590558095
# stNatLen:
 11.4167562499 9.96573777026 8.72180065952 7.82976455668 7.17351633475 6.67438633229 6.28470415276 5.97534552483 5.72794030570 5.53048826622 5.37492382824 5.25573444335 5.16915405054 5.11268270834 5.08480103598
# log_avg_fmort_dir:
0.559950696201
# fmort_dir_dev:
 -0.133817380379 -0.306956550066 -0.104201074712 -0.232463270611 -0.335552163729 -0.109016354364 0.107224027074 0.100062571369 -0.0400210106757 -0.0910675183814 -0.0689793752921 0.0256618697543 -0.0794026308924 -0.00455158166722 0.168641532610 0.348243320523 0.0327379705382 0.0888962160226 0.0931925386852 -0.0871009715168 0.123521941999 0.185745709496 0.0550440384111 0.163781321080 -0.0206826999848 0.0744889235932 -0.0147099776280 0.0612805787435
# mean_log_rec:
14.5952092972
# rec_dev:
 -2.49168930397 -2.04905180324 -1.84942027018 -1.50196578976 -1.32418937831 -1.18947170917 -0.883196618216 -0.338184969110 -0.0305826772284 0.186405853382 0.496278164155 0.707243606460 0.781527642073 0.634843300570 0.489356566071 0.495906985919 0.537288965628 0.470043988862 0.502757444584 0.675730020804 0.627687675240 0.671453473865 0.805229874070 0.864314402252 0.838472136817 0.685395619336 0.593908442221 0.593908356870
# log_avg_NatM:
0.408504070993
# m_dev:
 0.00000000000 0.00000000000 0.00000000000 0.00000000000 0.00000000000 0.00000000000 0.00000000000 0.00000000000 0.00000000000 0.00000000000 0.00000000000 0.00000000000 0.00000000000 0.00000000000 0.00000000000 0.00000000000 0.00000000000 0.00000000000 0.00000000000 0.00000000000 0.00000000000 0.00000000000 0.00000000000 0.00000000000 0.00000000000 0.00000000000 0.00000000000 0.00000000000
# log_avg_GrowthK:
-1.02151300000
# log_avg_Linf:
3.36611700000
# GrowthK_dev:
 0.00000000000 0.00000000000 0.00000000000 0.00000000000 0.00000000000 0.00000000000 0.00000000000 0.00000000000 0.00000000000 0.00000000000 0.00000000000 0.00000000000 0.00000000000 0.00000000000 0.00000000000 0.00000000000 0.00000000000 0.00000000000 0.00000000000 0.00000000000 0.00000000000 0.00000000000 0.00000000000 0.00000000000 0.00000000000 0.00000000000 0.00000000000 0.00000000000
# Linf_dev:
 0.00000000000 0.00000000000 0.00000000000 0.00000000000 0.00000000000 0.00000000000 0.00000000000 0.00000000000 0.00000000000 0.00000000000 0.00000000000 0.00000000000 0.00000000000 0.00000000000 0.00000000000 0.00000000000 0.00000000000 0.00000000000 0.00000000000 0.00000000000 0.00000000000 0.00000000000 0.00000000000 0.00000000000 0.00000000000 0.00000000000 0.00000000000 0.00000000000
# SelPars50:
2.18790075577
# SelPars95:
3.92775337584
# SelPars_dev50:
 0.00000000000 0.00000000000 0.00000000000 0.00000000000 0.00000000000 0.00000000000 0.00000000000 0.00000000000 0.00000000000 0.00000000000 0.00000000000 0.00000000000 0.00000000000 0.00000000000 0.00000000000 0.00000000000 0.00000000000 0.00000000000 0.00000000000 0.00000000000 0.00000000000 0.00000000000 0.00000000000 0.00000000000 0.00000000000 0.00000000000 0.00000000000 0.00000000000
# SelPars_dev95:
 0.00000000000 0.00000000000 0.00000000000 0.00000000000 0.00000000000 0.00000000000 0.00000000000 0.00000000000 0.00000000000 0.00000000000 0.00000000000 0.00000000000 0.00000000000 0.00000000000 0.00000000000 0.00000000000 0.00000000000 0.00000000000 0.00000000000 0.00000000000 0.00000000000 0.00000000000 0.00000000000 0.00000000000 0.00000000000 0.00000000000 0.00000000000 0.00000000000
