# Number of parameters = 77 Objective function value = 19563.1273277381  Maximum gradient component = 17.2195798943619
# srv_sel50:
0.999383691052
# srv_sel95:
1.00166882188
# stNatLen:
 10.5938512693 9.53936144347 8.11911602851 7.14263737776 6.48106397290 5.99443543730 5.61876580850 5.32135715222 5.08339331568 4.89316038037 4.74298087646 4.62768020825 4.54376201661 4.48892875086 4.46179336549
# log_avg_fmort_dir:
0.703446825011
# fmort_dir_dev:
 -0.241761879041 -0.187761009294 -0.196117639093 -0.158419245678 -0.182176425027 -0.0973690341486 -0.0835957022070 -0.161159857435 -0.254991251742 -0.111144968589 -0.0966814355776 -0.105743578324 0.000581080680738 -0.0896052444500 0.118055461058 0.127229477608 0.115252323827 0.178232520454 0.107721558073 0.176616990998 0.207262115921 0.135172088561 0.203770020130 0.249059959914 0.282188311959 0.271404676586 0.109540665971 -0.315559981133
# mean_log_rec:
13.3153621469
# rec_dev:
 -2.44938416325 -2.07176808803 -1.69993782278 -1.43956377200 -1.48096623282 -1.37509614223 -0.953267244036 -0.506447238233 -0.192194720845 0.00626809477062 0.313775030196 0.608158887011 0.756722860874 0.674681947206 0.508277206001 0.488701234971 0.491119386798 0.465586296210 0.538172854227 0.559388614951 0.568199077197 0.683380745251 0.788803547487 0.887782956834 0.861471860912 0.838444688528 1.06484663291 1.06484350188
# log_avg_NatM:
-1.36837500000
# m_dev:
 0.00000000000 0.00000000000 0.00000000000 0.00000000000 0.00000000000 0.00000000000 0.00000000000 0.00000000000 0.00000000000 0.00000000000 0.00000000000 0.00000000000 0.00000000000 0.00000000000 0.00000000000 0.00000000000 0.00000000000 0.00000000000 0.00000000000 0.00000000000 0.00000000000 0.00000000000 0.00000000000 0.00000000000 0.00000000000 0.00000000000 0.00000000000 0.00000000000
# log_avg_GrowthK:
-1.19613400000
# log_avg_Linf:
3.45239700000
# GrowthK_dev:
 0.00000000000 0.00000000000 0.00000000000 0.00000000000 0.00000000000 0.00000000000 0.00000000000 0.00000000000 0.00000000000 0.00000000000 0.00000000000 0.00000000000 0.00000000000 0.00000000000 0.00000000000 0.00000000000 0.00000000000 0.00000000000 0.00000000000 0.00000000000 0.00000000000 0.00000000000 0.00000000000 0.00000000000 0.00000000000 0.00000000000 0.00000000000 0.00000000000
# Linf_dev:
 0.00000000000 0.00000000000 0.00000000000 0.00000000000 0.00000000000 0.00000000000 0.00000000000 0.00000000000 0.00000000000 0.00000000000 0.00000000000 0.00000000000 0.00000000000 0.00000000000 0.00000000000 0.00000000000 0.00000000000 0.00000000000 0.00000000000 0.00000000000 0.00000000000 0.00000000000 0.00000000000 0.00000000000 0.00000000000 0.00000000000 0.00000000000 0.00000000000
# SelPars50:
1.01719504369
# SelPars95:
1.20917155654
# SelPars_dev50:
 0.00000000000 0.00000000000 0.00000000000 0.00000000000 0.00000000000 0.00000000000 0.00000000000 0.00000000000 0.00000000000 0.00000000000 0.00000000000 0.00000000000 0.00000000000 0.00000000000 0.00000000000 0.00000000000 0.00000000000 0.00000000000 0.00000000000 0.00000000000 0.00000000000 0.00000000000 0.00000000000 0.00000000000 0.00000000000 0.00000000000 0.00000000000 0.00000000000
# SelPars_dev95:
 0.00000000000 0.00000000000 0.00000000000 0.00000000000 0.00000000000 0.00000000000 0.00000000000 0.00000000000 0.00000000000 0.00000000000 0.00000000000 0.00000000000 0.00000000000 0.00000000000 0.00000000000 0.00000000000 0.00000000000 0.00000000000 0.00000000000 0.00000000000 0.00000000000 0.00000000000 0.00000000000 0.00000000000 0.00000000000 0.00000000000 0.00000000000 0.00000000000
