# Number of parameters = 79 Objective function value = 20373.9603453818  Maximum gradient component = 53.0221002008916
# srv_sel50:
0.999998489898
# srv_sel95:
1.00000401023
# stNatLen:
 10.4988911981 9.23421553368 7.77260070799 6.77958438045 6.10620268824 5.61025193608 5.22703184616 4.92345567740 4.68044468516 4.48610189203 4.33262761287 4.21476555671 4.12895845887 4.07286799109 4.04509709646
# log_avg_fmort_dir:
0.580183303738
# fmort_dir_dev:
 -0.417578731854 -0.0462545811658 -0.0822470415427 -0.114667569940 -0.0732159331684 0.109609754381 -0.0292808101934 -0.0783221115671 -0.133572899873 -0.00550065151808 -0.0225104055413 0.0170577277978 0.0229385751928 0.101182367377 0.193053109609 0.216164223587 0.251056276100 0.182966183665 0.187090226000 0.197793150881 0.279546325826 0.257995477550 0.290809655666 0.326795412464 0.393461434479 0.313423383867 0.357128786618 0.219048078607 -2.91396941330
# mean_log_rec:
13.3352560981
# rec_dev:
 -2.40344948724 -2.06979954709 -1.67425298223 -1.39062401518 -1.46730944355 -1.41888198003 -0.935354170019 -0.499354184499 -0.215808923042 -0.0303090435180 0.258064271952 0.513116075021 0.704597984997 0.580231113223 0.476429727747 0.471601318401 0.446356468136 0.486312398158 0.499677684250 0.553387093921 0.568920089694 0.668783858332 0.755853734842 0.785492439443 0.778247879946 0.776981279981 0.741993762892 1.01954829274 1.01954830272
# log_avg_NatM:
-1.36837500000
# m_dev:
 0.00000000000 0.00000000000 0.00000000000 0.00000000000 0.00000000000 0.00000000000 0.00000000000 0.00000000000 0.00000000000 0.00000000000 0.00000000000 0.00000000000 0.00000000000 0.00000000000 0.00000000000 0.00000000000 0.00000000000 0.00000000000 0.00000000000 0.00000000000 0.00000000000 0.00000000000 0.00000000000 0.00000000000 0.00000000000 0.00000000000 0.00000000000 0.00000000000 0.00000000000
# log_avg_GrowthK:
-1.19613400000
# log_avg_Linf:
3.45239700000
# GrowthK_dev:
 0.00000000000 0.00000000000 0.00000000000 0.00000000000 0.00000000000 0.00000000000 0.00000000000 0.00000000000 0.00000000000 0.00000000000 0.00000000000 0.00000000000 0.00000000000 0.00000000000 0.00000000000 0.00000000000 0.00000000000 0.00000000000 0.00000000000 0.00000000000 0.00000000000 0.00000000000 0.00000000000 0.00000000000 0.00000000000 0.00000000000 0.00000000000 0.00000000000 0.00000000000
# Linf_dev:
 0.00000000000 0.00000000000 0.00000000000 0.00000000000 0.00000000000 0.00000000000 0.00000000000 0.00000000000 0.00000000000 0.00000000000 0.00000000000 0.00000000000 0.00000000000 0.00000000000 0.00000000000 0.00000000000 0.00000000000 0.00000000000 0.00000000000 0.00000000000 0.00000000000 0.00000000000 0.00000000000 0.00000000000 0.00000000000 0.00000000000 0.00000000000 0.00000000000 0.00000000000
# SelPars50:
1.00847602580
# SelPars95:
1.13605948402
# SelPars_dev50:
 0.00000000000 0.00000000000 0.00000000000 0.00000000000 0.00000000000 0.00000000000 0.00000000000 0.00000000000 0.00000000000 0.00000000000 0.00000000000 0.00000000000 0.00000000000 0.00000000000 0.00000000000 0.00000000000 0.00000000000 0.00000000000 0.00000000000 0.00000000000 0.00000000000 0.00000000000 0.00000000000 0.00000000000 0.00000000000 0.00000000000 0.00000000000 0.00000000000 0.00000000000
# SelPars_dev95:
 0.00000000000 0.00000000000 0.00000000000 0.00000000000 0.00000000000 0.00000000000 0.00000000000 0.00000000000 0.00000000000 0.00000000000 0.00000000000 0.00000000000 0.00000000000 0.00000000000 0.00000000000 0.00000000000 0.00000000000 0.00000000000 0.00000000000 0.00000000000 0.00000000000 0.00000000000 0.00000000000 0.00000000000 0.00000000000 0.00000000000 0.00000000000 0.00000000000 0.00000000000
