#Simulated generalized assessment 
# 
#start/end year 
73 100 
#number of ages 
15 
#ages 
1 2 3 4 5 6 7 8 9 10 11 12 13 14 15 
#Number of length bins 
25 
#CPUE years 
28 
#years for CPUE 
73 74 75 76 77 78 79 80 81 82 83 84 85 86 87 88 89 90 91 92 93 94 95 96 97 98 99 100 
#survey years 
28 
#years for survey 
73 74 75 76 77 78 79 80 81 82 83 84 85 86 87 88 89 90 91 92 93 94 95 96 97 98 99 100 
#length freq from catch years 
28 
#years for length freq catch 
73 74 75 76 77 78 79 80 81 82 83 84 85 86 87 88 89 90 91 92 93 94 95 96 97 98 99 100 
#catch length sample sizes 
200 200 200 200 200 200 200 200 200 200 200 200 200 200 200 200 200 200 200 200 200 200 200 200 200 200 200 200 
#length freq from survey years 
28 
#years for length freq survey 
73 74 75 76 77 78 79 80 81 82 83 84 85 86 87 88 89 90 91 92 93 94 95 96 97 98 99 100 
#survey sample sizes 
200 200 200 200 200 200 200 200 200 200 200 200 200 200 200 200 200 200 200 200 200 200 200 200 200 200 200 200 
#total survey biomass 
2386.882 5119.006 6888.937 10197.42 12030.19 21624.73 37325.81 42431.88 91568.64 89112.06 129497.3 114588.7 103943.2 146785.2 215304.5 141155.9 96689.36 87368.33 115494.7 120343.8 107841.6 183248.7 165548 207232.4 167231.5 163571 154739.4 158340.7 
#survey CV 
0.2 0.2 0.2 0.2 0.2 0.2 0.2 0.2 0.2 0.2 0.2 0.2 0.2 0.2 0.2 0.2 0.2 0.2 0.2 0.2 0.2 0.2 0.2 0.2 0.2 0.2 0.2 0.2 
#total CPUE 
1519.221 2563.712 4509.483 8492.247 21508.31 27449.36 28043.03 39251.55 41879.86 81767.28 91308.87 130010.9 157942.8 113582.3 176684.7 80319.49 142178.5 110572.8 126979.2 72037.19 108532.6 125349.3 163598 123874.5 131721.4 188519.6 246848.1 291983 
#CPUE CV 
0.2 0.2 0.2 0.2 0.2 0.2 0.2 0.2 0.2 0.2 0.2 0.2 0.2 0.2 0.2 0.2 0.2 0.2 0.2 0.2 0.2 0.2 0.2 0.2 0.2 0.2 0.2 0.2 
#total catch biomass 
995.8198 1624.914 2082.361 3667.921 6269.477 9425.402 14320.75 23908.89 30018.59 36362.16 56098.39 62718.04 94753.39 89485.29 93623.64 106126.1 102792.8 96146.25 87610.57 77244.78 76571.09 101353.3 98082.88 98394.24 91943.41 104891 102988.2 119848.3 
#catch CV 
0.1 0.1 0.1 0.1 0.1 0.1 0.1 0.1 0.1 0.1 0.1 0.1 0.1 0.1 0.1 0.1 0.1 0.1 0.1 0.1 0.1 0.1 0.1 0.1 0.1 0.1 0.1 0.1 
#Length Bins 
0.7268801 2.18064 3.634401 5.088161 6.541921 7.995682 9.449442 10.9032 12.35696 13.81072 15.26448 16.71824 18.172 19.62576 21.07952 22.53328 23.98704 25.44081 26.89457 28.34833 29.80209 31.25585 32.70961 34.16337 35.61713 
#catch length counts 
7.103477e-08 7.713541e-06 0.0004938273 0.01863956 0.4147993 5.442474 42.10962 192.2865 520.335 851.4373 921.6237 862.7442 888.9987 842.2364 632.3328 397.0016 212.3918 91.13738 30.70256 8.200031 1.705765 0.2653056 0.02966711 0.00230989 0.0001219116 
2.134013e-07 2.317287e-05 0.001483546 0.05599651 1.246122 16.3495 126.4785 577.0508 1554.813 2490.437 2447.421 1681.262 1107.353 819.275 565.1179 340.4738 177.4369 74.81482 24.56378 6.233639 1.202382 0.1718027 0.01769638 0.001275182 6.235908e-05 
2.532678e-07 2.75019e-05 0.001760695 0.06645759 1.478927 19.40456 150.1338 685.4551 1853.111 3015.725 3175.699 2716.011 2439.62 1994.952 1191.654 526.861 199.0412 69.01168 20.71797 5.006109 0.9224426 0.1243153 0.01188158 0.0007854978 3.510676e-05 
5.210295e-07 5.657767e-05 0.003622149 0.1367183 3.042479 39.91888 308.8312 1409.485 3803.424 6133.385 6201.74 4677.399 3570.31 2805.859 1855.677 998.8073 436.3419 144.3381 34.93753 6.465912 0.9639051 0.1138606 0.009986021 0.0006129816 2.534218e-05 
8.216904e-07 8.922591e-05 0.005712318 0.215612 4.798162 62.95503 487.0739 2223.464 6005.735 9725.347 9995.627 7885.853 6309.457 4875.159 2961.298 1411.35 569.6655 191.0402 49.54029 9.48906 1.3093 0.1288254 0.009084286 0.0004602019 1.643479e-05 
1.250877e-06 0.0001358305 0.008695984 0.3282308 7.304359 95.83856 741.5071 3385.258 9147.078 14830.48 15296.45 12138.61 9729.074 7528.065 4641.932 2260.751 903.8251 285.304 67.96824 12.18095 1.634062 0.1587622 0.0107334 0.0004913631 1.503003e-05 
1.865074e-06 0.0002025251 0.01296583 0.4893968 10.89092 142.8979 1105.638 5048.18 13645.55 22152.12 22926.17 18276.48 14606.95 11201.35 6878.825 3359.24 1347.513 425.3441 100.4375 17.46401 2.213655 0.2005431 0.01269965 0.000550139 1.593789e-05 
2.842e-06 0.0003086077 0.01975733 0.7457433 16.59563 217.7502 1684.841 7693.616 20804.72 33818.02 35114.57 28098.18 22363.47 16981.3 10371.11 5055.581 2017.449 631.2545 147.8241 25.46101 3.172203 0.278518 0.01680576 0.0006835007 1.84356e-05 
4.06194e-06 0.0004410789 0.02823826 1.065858 23.71946 311.2246 2408.193 10998.31 29756.39 48450.37 50535.35 40700.96 32329.97 24248.29 14598.96 7000.433 2733.781 834.3803 190.488 31.96949 3.875886 0.3304035 0.01927797 0.0007530146 1.93308e-05 
6.063259e-06 0.0006583987 0.04215126 1.591008 35.40616 464.5709 3594.87 16419.66 44438.49 72414.71 75603.95 60689.97 47551.44 35116.5 20946.32 9963.469 3830.38 1140.89 252.7689 40.99254 4.784637 0.391625 0.02189682 0.0008180339 2.003642e-05 
7.746021e-06 0.000841127 0.05384971 2.032571 45.23293 593.5226 4593.086 20985.63 56862.23 93044.63 98404.45 81141.57 64940.06 47749.76 27911.56 12893.61 4786.865 1374.441 293.0805 45.57753 5.078098 0.395242 0.02095507 0.0007408064 1.714473e-05 
9.503731e-06 0.001031994 0.06606921 2.493803 55.49761 728.2294 5636.091 25760.32 69889.82 114869.1 123100.9 104216.1 85386.55 63448.04 37503.26 17510.73 6471.816 1814.836 373.0439 55.47947 5.880603 0.4337511 0.02171988 0.0007229875 1.571442e-05 
1.227085e-05 0.001332471 0.08530604 3.219905 71.65652 940.2656 7277.108 33258.66 90193.03 147870.2 156700.3 128288.7 100173.8 72162.85 42168.83 19575.39 7155.957 1971.024 395.2235 56.7961 5.752861 0.4016661 0.01891671 0.0005898841 1.19818e-05 
1.453823e-05 0.001578682 0.1010688 3.814888 84.89838 1114.07 8623.564 39433.85 107144.1 176793.9 190897.1 162047 130047.1 93115.41 52906.12 23686.05 8376.872 2250.821 442.3451 62.14922 6.10764 0.4098654 0.01838273 0.0005414415 1.031837e-05 
1.377349e-05 0.001495641 0.09575258 3.614245 80.43481 1055.575 8172.947 37408.72 101981.6 170176.5 189849.3 171648.4 145969.8 107270.5 61619.1 27563.67 9538.082 2459.248 459.3916 61.31679 5.744498 0.3684428 0.01578378 0.0004424881 7.986076e-06 
1.403708e-05 0.001524264 0.09758509 3.683421 81.97481 1075.802 8329.851 38128.72 103930.3 173158.1 191665.7 169659.9 141097.9 103771.8 61076.28 28085.05 9824.552 2509.711 456.7633 58.50596 5.194627 0.313413 0.01259889 0.0003315774 5.624227e-06 
1.30982e-05 0.001422313 0.09105823 3.437079 76.49388 1003.934 7774.949 35611.55 97260.89 162959.6 182722.6 164423.7 136815.9 98573.66 56300.89 25178.4 8659.753 2198.556 398.524 50.41616 4.357773 0.2521865 0.009604908 0.0002373618 3.758995e-06 
1.332591e-05 0.00144704 0.09264142 3.496852 77.8251 1021.442 7911.29 36244.55 99035.02 165983.8 185639.5 165142.1 135035.5 96307.56 54827.87 24299.35 8174.285 2012.806 353.6267 43.49187 3.66167 0.2059998 0.007582219 0.0001795688 2.700973e-06 
1.390972e-05 0.001510436 0.09670027 3.650077 81.23649 1066.264 8259.47 37851.69 103498 173628.2 193938.9 170524.7 135767.4 93630.58 51421.62 21960.95 7128.825 1695.488 286.9867 33.84285 2.721544 0.1460363 0.005127447 0.0001158496 1.660828e-06 
1.375291e-05 0.001493409 0.09561044 3.608968 80.32343 1054.351 8168.794 37456.31 102558.4 172574 193597 170054.2 133204 89127.3 46992.98 19073.23 5844.033 1308.503 208.4853 23.16725 1.757328 0.08894919 0.002943424 6.26121e-05 8.444946e-07 
1.445709e-05 0.001569876 0.1005062 3.793786 84.43809 1108.402 8588.241 39384.59 107835.3 181192.6 201744.3 173495 131831.5 86050.87 44486.27 17604.82 5195.766 1107.141 166.2582 17.2935 1.223293 0.05766971 0.001777616 3.524099e-05 4.431631e-07 
1.804759e-05 0.001959766 0.125468 4.736048 105.412 1383.792 10723.32 49187.68 134719.3 226274.5 250735.7 212025 156492.2 99190.78 49994.26 19311.82 5558.646 1151.725 167.0139 16.60108 1.109768 0.04899017 0.001405144 2.582525e-05 3.005342e-07 
1.846669e-05 0.00200528 0.1283826 4.846153 107.8682 1416.24 10979.25 50418.32 138502.5 234326.8 263385 226185.9 166256.9 101839.5 48490.8 17484.08 4689.45 908.6794 123.7241 11.57672 0.7288945 0.03025327 0.0008129404 1.393567e-05 1.506114e-07 
1.933195e-05 0.002099243 0.1343993 5.073374 112.9322 1482.957 11501.26 52873.1 145645.6 247986 282174.8 246231.6 183158.1 112912.7 53820.56 19159.34 4966.499 912.0602 116.1964 10.11116 0.5912011 0.02280585 0.0005702165 9.100366e-06 9.153816e-08 
2.230868e-05 0.002422486 0.1550944 5.854596 130.3218 1711.262 13269.98 60965.94 167533.5 282892.4 314281.3 261204.4 183233.3 108222.4 50220.38 17478.68 4414.235 784.0024 95.59675 7.864077 0.4297135 0.01536204 0.0003542942 5.206497e-06 4.822561e-08 
2.084526e-05 0.002263592 0.1449248 5.471046 121.805 1600.19 12424.98 57288.57 158937.1 274846.8 321087.7 287023.8 212384 126010.6 56804.85 19010.75 4629.173 796.4712 94.13042 7.470565 0.3906727 0.01324277 0.0002869946 3.932084e-06 3.374609e-08 
2.440938e-05 0.00265062 0.1697037 6.406412 142.6243 1873.438 14539.58 66929.76 184732.5 314728 354766.3 299179.8 210639 123324.1 56049.8 18750.48 4456.545 733.2825 82.04913 6.152698 0.3043744 0.009768005 0.0002002072 2.586861e-06 2.085397e-08 
2.941222e-05 0.003193895 0.204489 7.719806 171.8762 2258.047 17530.86 80759.32 223187.1 380695.6 427843.6 354181.2 238457.8 130959.5 55724.01 17670.26 4047.7 647.8302 70.33922 5.066455 0.2379861 0.007189646 0.0001380654 1.668325e-06 1.257222e-08 
#survey length counts 
3.818969e-07 4.146951e-05 0.002654912 0.1002097 2.230022 29.25842 226.3353 1032.52 2780.485 4441.981 4313.746 2833.738 1700.477 1176.458 797.4191 481.0481 253.7418 109.0693 36.68812 9.592969 1.918422 0.2859958 0.03093089 0.002353962 0.0001221786 
4.619628e-07 5.016373e-05 0.003211523 0.1212192 2.697567 35.39348 273.823 1249.796 3374.052 5456.086 5598.505 4456.613 3692.261 2938.409 1757.211 781.0608 297.3249 104.6785 32.1782 8.021053 1.53521 0.2162393 0.02172579 0.001518048 7.205667e-05 
8.785878e-07 9.540429e-05 0.006107861 0.2305416 5.130379 67.3126 520.7412 2376.198 6406.785 10293.87 10251.88 7370.106 5234.8 3973.498 2619.233 1421.19 631.8448 214.0574 53.18841 10.13483 1.566117 0.1933793 0.01785267 0.001159732 5.096313e-05 
1.36055e-06 0.0001477397 0.009458421 0.3570088 7.944744 104.2391 806.4427 3680.552 9931.781 16015.76 16191.03 12184.42 9181.658 6937.264 4221.229 2027.623 830.3733 284.9504 76.10401 15.09528 2.167327 0.2228962 0.01651729 0.000884952 3.362095e-05 
2.061896e-06 0.0002238976 0.01433411 0.5410422 12.04017 157.974 1222.187 5578.46 15058.31 24313.85 24684.68 18757.02 14262 10835.16 6702.639 3297.9 1342.418 434.5152 106.6142 19.77815 2.764354 0.281525 0.02004606 0.0009705306 3.152677e-05 
3.079347e-06 0.0003343809 0.02140734 0.8080222 17.98148 235.9287 1825.338 8332.222 22499.9 36377.26 37084.5 28411.9 21686.45 16391.43 10112.05 4994.226 2042.435 662.1188 161.3711 29.10752 3.849061 0.3657512 0.02441756 0.00112033 3.451309e-05 
4.510907e-06 0.0004898315 0.03135943 1.183665 26.34097 345.6131 2674.023 12207.65 32979.14 53402.62 54704.61 42322.55 32483.66 24445.59 15028.71 7420.728 3023.609 972.8765 235.4647 42.14317 5.487935 0.5062595 0.03224432 0.001390101 3.989695e-05 
6.402942e-06 0.0006952842 0.04451269 1.680137 37.38942 490.5813 3795.778 17331.08 46843.52 75986.61 78256.72 61173.68 47172.18 35203.94 21372.02 10395.01 4150.254 1304.116 308.0912 53.80186 6.827269 0.6124157 0.03777372 0.001566089 4.282172e-05 
9.138752e-06 0.000992361 0.06353181 2.398018 53.36509 700.2018 5417.847 24740.07 66894.96 108642.9 112210.3 87959.1 67469.41 49804.53 30014.67 14506.57 5711.403 1753.922 402.6613 68.03951 8.323349 0.7178218 0.04248385 0.001686773 4.405866e-05 
1.173788e-05 0.001274596 0.08160075 3.080036 68.54293 899.3662 6959.39 31788.23 86044.38 140294.4 146784.5 118465.5 93334.34 68858.6 40739.42 19146.43 7287.868 2159.967 477.8792 77.53482 9.065423 0.7443287 0.04181964 0.001572935 3.886138e-05 
1.375552e-05 0.001493688 0.09562725 3.609475 80.3255 1053.992 8156.627 37269.42 101008.3 165440.8 175598.7 146221.4 118835.7 88970.95 53329.39 25386.08 9640.044 2794.933 596.8897 92.73303 10.32756 0.8045239 0.04273804 0.001515051 3.518542e-05 
1.808225e-05 0.00196352 0.1257063 4.74482 105.5917 1385.526 10722.29 48990.36 132728.5 216949 228038.5 184139.8 142894.7 103795.5 61560.11 29172.61 10972.06 3128.866 652.8324 98.15486 10.4597 0.7721216 0.03861217 0.001283365 2.787501e-05 
2.087706e-05 0.002267004 0.1451358 5.478203 121.9136 1599.754 12381.84 56601.26 153627.9 252706.6 270820.8 227588.6 182648.2 132378.1 76471.66 34981.98 12738.36 3547.38 726.486 106.9645 11.07585 0.7868587 0.03751342 0.001178675 2.403493e-05 
1.945818e-05 0.002112931 0.1352721 5.105917 113.6306 1491.159 11544.05 52817.17 143807.2 239142.3 264847 237821.6 203262.5 151594.2 88682.17 40619.27 14499.97 3879.655 755.8951 105.8266 10.45841 0.7110534 0.03241995 0.0009705859 1.875937e-05 
1.964704e-05 0.002133439 0.1365851 5.155486 114.7343 1505.665 11656.79 53336.7 145219.1 241232.4 265474.6 233996.7 195961.2 146396.1 87862.48 41457.45 14990.86 3980.665 756.841 101.8237 9.546642 0.6110766 0.02616671 0.0007361088 1.338441e-05 
1.863226e-05 0.002023247 0.1295306 4.889235 108.8107 1428.006 11057.56 50624.84 138096 230685.9 257323.6 231081.2 194138.7 142300.7 82938.98 38073.55 13544.19 3579.041 678.9903 90.38991 8.262502 0.5078352 0.02061899 0.0005449734 9.256256e-06 
1.855516e-05 0.002014875 0.1289948 4.869025 108.3621 1422.165 11013.35 50434.86 137653.5 230117.9 256396.9 228227 188885.5 137271.8 79881.46 36406.95 12684.91 3254.152 598.9443 77.61386 6.920885 0.4141525 0.01627107 0.0004125132 6.65847e-06 
1.893382e-05 0.002055994 0.1316275 4.96842 110.5757 1451.276 11240.13 51490.01 140641.6 235428.8 262327.3 231419 187009.3 131672.1 74012.01 32537.04 10950.88 2716.958 482.4351 60.01392 5.116972 0.2923722 0.01096988 0.0002656376 4.091015e-06 
1.912089e-05 0.00207631 0.1329284 5.017557 111.6715 1465.748 11354.25 52039.35 142335.7 239016.8 267656.2 236238.3 188128.8 128701 69546 29089.74 9250.304 2162.532 361.7753 42.44875 3.417456 0.1843769 0.006525959 0.0001489074 2.159389e-06 
2.103329e-05 0.002283975 0.1462236 5.51943 122.8428 1612.429 12491.43 57258.62 156613.7 262662.8 292061.2 252502.7 195167.3 130374.8 69174.86 28255.84 8666.626 1930.427 304.6762 33.49082 2.51627 0.1265348 0.004174997 8.885113e-05 1.202189e-06 
2.466179e-05 0.002677991 0.1714496 6.471662 144.0387 1890.736 14649.22 67167.6 183800.2 308286.6 341612 291101.6 219111.1 142413.2 73777.51 29452.97 8821.894 1913.492 292.0616 30.71639 2.182825 0.1028454 0.003158999 6.235229e-05 7.810664e-07 
2.629582e-05 0.002855433 0.1828106 6.900606 153.5924 2016.404 15628.73 71734.63 196866.7 332619 374074.8 324184.6 243361.9 153032.1 74962.23 27951.83 7806.602 1584.847 227.341 22.5301 1.50953 0.0669313 0.00192734 3.549712e-05 4.130663e-07 
2.696554e-05 0.002928164 0.1874681 7.07654 157.5162 2068.207 16036.48 73683.76 202770.8 344856.9 392961.4 346601.9 263668.2 167060.2 82059.81 30267.37 8181.581 1575.563 211.6044 19.51388 1.214984 0.05010626 0.001343591 2.3055e-05 2.498428e-07 
3.298402e-05 0.003581707 0.2293098 8.655994 192.673 2529.764 19612.78 90064.16 247283.3 417171.3 464145.4 389734.3 279613.9 169939.4 81389.54 29391.74 7750.904 1445.518 186.0279 16.23075 0.9448173 0.0361189 0.0008935927 1.412383e-05 1.41008e-07 
3.015645e-05 0.003274685 0.2096573 7.914569 176.1962 2314.418 17965.04 82778.71 229408.3 396392.4 464472.7 420808.9 319117.3 194887.4 90677.81 31501.12 8017.256 1450.454 181.1934 15.27162 0.8515942 0.03088602 0.0007182112 1.058372e-05 9.789398e-08 
3.558792e-05 0.003864487 0.2474183 9.339977 207.9224 2730.825 21188.01 97482.67 268835.1 457760.9 517404.8 441785.5 318808.5 192527.2 90575.11 31527.46 7841.713 1357.489 160.6384 12.80331 0.6761146 0.02324105 0.0005115855 7.114052e-06 6.18286e-08 
4.266433e-05 0.004632932 0.2966199 11.19761 249.2921 3274.662 25416.32 117022.2 323151.3 551063.2 621462.2 521468.1 360250.4 204242.7 89995.64 29712.51 7133.076 1203.429 138.4145 10.60705 0.5321095 0.01722402 0.0003553761 4.624331e-06 3.759553e-08 
3.930455e-05 0.004268147 0.2732741 10.31721 229.745 3019.728 23474.61 108520 302710.1 528452 623908.1 556957.2 401748.3 227774.3 96696.41 30019.1 6696.106 1048.873 112.7141 8.135029 0.3864347 0.01185674 0.0002312617 2.831741e-06 2.156078e-08 
