# Number of parameters = 109 Objective function value = 22410.2879659653  Maximum gradient component = 0.000565667593794297
# srv_sel50:
2.06215614847
# srv_sel95:
3.45398826281
# stNatLen:
 11.3149762410 10.7890041320 9.29209260560 8.06838466013 7.23399617194 6.64512163038 6.20263986179 5.85827263973 5.58587056110 5.36982531117 5.20021834141 5.07051556338 4.97636773959 4.91494961212 4.88458948032
# log_avg_fmort_dir:
0.795014538898
# fmort_dir_dev:
 -0.270901864403 -0.512368614718 -0.641624471192 -0.506152879371 -0.325845561412 -0.393513317306 -0.551643935624 -0.489910522612 -0.485758871101 -0.240392083695 -0.0753829414902 -0.137339028297 -0.0515365154351 0.128373154329 0.446258829705 0.388058315111 0.176801796392 0.188403605216 0.407302403490 0.198792082550 0.304756644466 0.303704690626 0.173207454623 0.0332813670954 0.233175283683 0.511427687393 0.480885175179 0.314852862775 0.393089254024
# mean_log_rec:
14.8734713032
# rec_dev:
 -2.60457393692 -1.76165375242 -1.69320897858 -1.61944370978 -1.14323149726 -0.694741248927 -0.509690794275 -0.145867807809 0.0379805834680 -0.0229774929264 0.392129456955 0.707109341392 0.461297563826 -0.0132719007063 0.0566431290516 0.338951880734 0.360327845735 0.190660325262 0.281756397952 0.506202181453 0.550643693476 0.815128696856 1.11096283089 0.981008979577 0.685980328654 0.593138302534 0.744971945961 0.696883824939 0.696883810875
# log_avg_NatM:
0.315080092435
# m_dev:
 -1.10576132690 -0.620982179468 -0.141488222187 -0.0957618306172 -0.359291091293 -0.319269373411 -0.00707526139731 -0.0458546616217 0.215974265640 0.172557232456 -0.0744687457424 0.117350105700 0.196492044884 0.0846694468415 -0.194665524964 -0.216067308698 0.0836875425838 0.214261291265 -0.0155857053536 0.123639940629 0.195407423015 0.0657541280769 0.206499718897 0.397344053207 0.342790301439 0.148668142228 0.0995128710053 0.262345157985 0.269317565798
# log_avg_GrowthK:
-1.18630400000
# log_avg_Linf:
3.44583300000
# GrowthK_dev:
 0.00000000000 0.00000000000 0.00000000000 0.00000000000 0.00000000000 0.00000000000 0.00000000000 0.00000000000 0.00000000000 0.00000000000 0.00000000000 0.00000000000 0.00000000000 0.00000000000 0.00000000000 0.00000000000 0.00000000000 0.00000000000 0.00000000000 0.00000000000 0.00000000000 0.00000000000 0.00000000000 0.00000000000 0.00000000000 0.00000000000 0.00000000000 0.00000000000 0.00000000000
# Linf_dev:
 0.00000000000 0.00000000000 0.00000000000 0.00000000000 0.00000000000 0.00000000000 0.00000000000 0.00000000000 0.00000000000 0.00000000000 0.00000000000 0.00000000000 0.00000000000 0.00000000000 0.00000000000 0.00000000000 0.00000000000 0.00000000000 0.00000000000 0.00000000000 0.00000000000 0.00000000000 0.00000000000 0.00000000000 0.00000000000 0.00000000000 0.00000000000 0.00000000000 0.00000000000
# SelPars50:
2.01117163670
# SelPars95:
3.13381717786
# SelPars_dev50:
 0.00000000000 0.00000000000 0.00000000000 0.00000000000 0.00000000000 0.00000000000 0.00000000000 0.00000000000 0.00000000000 0.00000000000 0.00000000000 0.00000000000 0.00000000000 0.00000000000 0.00000000000 0.00000000000 0.00000000000 0.00000000000 0.00000000000 0.00000000000 0.00000000000 0.00000000000 0.00000000000 0.00000000000 0.00000000000 0.00000000000 0.00000000000 0.00000000000 0.00000000000
# SelPars_dev95:
 0.00000000000 0.00000000000 0.00000000000 0.00000000000 0.00000000000 0.00000000000 0.00000000000 0.00000000000 0.00000000000 0.00000000000 0.00000000000 0.00000000000 0.00000000000 0.00000000000 0.00000000000 0.00000000000 0.00000000000 0.00000000000 0.00000000000 0.00000000000 0.00000000000 0.00000000000 0.00000000000 0.00000000000 0.00000000000 0.00000000000 0.00000000000 0.00000000000 0.00000000000
