#Simulated generalized assessment 
# 
#start/end year 
69 97 
#number of ages 
15 
#ages 
1 2 3 4 5 6 7 8 9 10 11 12 13 14 15 
#Number of length bins 
25 
#CPUE years 
29 
#years for CPUE 
69 70 71 72 73 74 75 76 77 78 79 80 81 82 83 84 85 86 87 88 89 90 91 92 93 94 95 96 97 
#survey years 
29 
#years for survey 
69 70 71 72 73 74 75 76 77 78 79 80 81 82 83 84 85 86 87 88 89 90 91 92 93 94 95 96 97 
#length freq from catch years 
29 
#years for length freq catch 
69 70 71 72 73 74 75 76 77 78 79 80 81 82 83 84 85 86 87 88 89 90 91 92 93 94 95 96 97 
#catch length sample sizes 
200 200 200 200 200 200 200 200 200 200 200 200 200 200 200 200 200 200 200 200 200 200 200 200 200 200 200 200 200 
#length freq from survey years 
29 
#years for length freq survey 
69 70 71 72 73 74 75 76 77 78 79 80 81 82 83 84 85 86 87 88 89 90 91 92 93 94 95 96 97 
#survey sample sizes 
200 200 200 200 200 200 200 200 200 200 200 200 200 200 200 200 200 200 200 200 200 200 200 200 200 200 200 200 200 
#total survey biomass 
9109.128 8308.922 17419.32 19554.86 18625.18 24064.94 40107.59 36513.12 60979.75 55017.81 64328.02 86646.18 121158.8 106048.9 88817.33 83901.1 73757.72 113723.9 84261.65 80154.45 90573 82419.96 102085.1 126576.3 112069.5 107785 104007.6 131034.7 84267.87 
#survey CV 
0.2 0.2 0.2 0.2 0.2 0.2 0.2 0.2 0.2 0.2 0.2 0.2 0.2 0.2 0.2 0.2 0.2 0.2 0.2 0.2 0.2 0.2 0.2 0.2 0.2 0.2 0.2 0.2 0.2 
#total CPUE 
5175.702 7022.833 9132.142 14597.34 12795.38 23029.5 39232.14 49560.88 54253.77 58010.64 53724.72 82882.25 102112.6 122802.7 83187.16 55987.65 139922.9 78587.25 67500.45 92562.57 90538.73 105727.9 146070.4 181809.7 177070.1 128261.1 119822.4 113139.9 129199.2 
#CPUE CV 
0.2 0.2 0.2 0.2 0.2 0.2 0.2 0.2 0.2 0.2 0.2 0.2 0.2 0.2 0.2 0.2 0.2 0.2 0.2 0.2 0.2 0.2 0.2 0.2 0.2 0.2 0.2 0.2 0.2 
#total catch biomass 
5416.386 5945.499 6954.575 10091.87 13941.11 17965.11 21257.78 25988.66 29006.42 36174.63 50632.92 61819.54 76089.83 94439.05 111452.9 97479.45 83507.44 77539.77 81918.44 73938.95 80855.72 89192.58 98578.69 92986.36 103217.4 119422.8 114153.6 99361.15 99252.9 
#catch CV 
0.05 0.05 0.05 0.05 0.05 0.05 0.05 0.05 0.05 0.05 0.05 0.05 0.05 0.05 0.05 0.05 0.05 0.05 0.05 0.05 0.05 0.05 0.05 0.05 0.05 0.05 0.05 0.05 0.05 
#Length Bins 
0.7268035 2.18041 3.634017 5.087624 6.541231 7.994838 9.448445 10.90205 12.35566 13.80927 15.26287 16.71648 18.17009 19.62369 21.0773 22.53091 23.98451 25.43812 26.89173 28.34534 29.79894 31.25255 32.70616 34.15976 35.61337 
#catch length counts 
1.308266e-37 1.815787e-29 3.046359e-22 6.177954e-16 1.514453e-10 4.487601e-06 0.01607386 6.959424 364.2286 2304.247 1778.515 1046.931 5744.24 4903.239 3778.992 3770.375 1695.807 685.4841 160.891 20.97148 1.122384 0.01777625 6.245714e-05 3.967222e-08 3.993453e-12 
1.592008e-37 2.209602e-29 3.707066e-22 7.517854e-16 1.842914e-10 5.46089e-06 0.01956002 8.468813 443.2239 2804.005 2164.351 1214.329 6205.918 5052.664 4005.459 3676.154 1599.825 592.1677 125.7814 14.18802 0.6207105 0.007601732 1.982588e-05 9.114483e-09 6.546477e-13 
4.044621e-37 5.613668e-29 9.418092e-22 1.90997e-15 4.682067e-10 1.387382e-05 0.04969377 21.51569 1126.045 7123.737 5472.51 1683.913 6757.516 5239.689 4238.636 3566.876 1494.861 501.8996 94.81548 9.093135 0.3217587 0.003033384 5.870629e-06 1.956457e-09 1.004534e-13 
6.815915e-37 9.460041e-29 1.587118e-21 3.218644e-15 7.890126e-10 2.337989e-05 0.08374295 36.25781 1897.589 12004.84 9242.273 3593.005 14658.87 10120.78 4723.167 3334.184 1311.619 393.1683 64.86719 5.181668 0.1458019 0.001049411 1.503872e-06 3.636263e-10 1.337408e-14 
6.505228e-37 9.028827e-29 1.514773e-21 3.071929e-15 7.530473e-10 2.231417e-05 0.07992572 34.60508 1811.092 11457.79 8872.451 5362.285 22650.66 15283.74 9722.99 5964.794 1419.33 326.3754 46.044 3.011027 0.06620004 0.0003592279 3.789473e-07 6.638662e-11 1.750548e-15 
1.362618e-36 1.891224e-28 3.17292e-21 6.434618e-15 1.577371e-09 4.674039e-05 0.1674165 72.48555 3793.605 23999.72 18458.9 5752.868 18793.24 13312.56 13626.82 8230.491 2195.879 372.7295 32.21248 1.587575 0.0267394 0.0001078964 8.29877e-08 1.047834e-11 1.976942e-16 
1.451862e-36 2.015089e-28 3.38073e-21 6.856052e-15 1.68068e-09 4.980163e-05 0.1783814 77.23297 4042.066 25572.04 19794.53 10281.38 36267.29 21419.3 12057.84 7157.541 2643.711 465.4163 32.99913 0.9871419 0.01111386 3.237207e-05 1.795233e-08 1.621268e-12 2.177233e-17 
2.281273e-36 3.166256e-28 5.312051e-21 1.077273e-14 2.640809e-09 7.825199e-05 0.2802859 121.3541 6351.192 40180.37 30990.43 11479.27 34286.48 22040.61 20619.12 9621.65 2086.627 372.1411 29.12146 0.707462 0.004963811 9.050061e-06 3.421316e-09 2.173084e-13 2.061296e-18 
2.390002e-36 3.317166e-28 5.565234e-21 1.128618e-14 2.766675e-09 8.198163e-05 0.2936449 127.1381 6653.902 42096.23 32642.91 16583.55 49696.76 27875.19 19579.67 9493.723 2645.875 328.7303 19.26123 0.4523086 0.002597073 3.108949e-06 7.246253e-10 2.971905e-14 1.91154e-19 
4.276025e-36 5.93484e-28 9.956926e-21 2.019245e-14 4.94994e-09 0.0001466758 0.5253688 227.4666 11904.69 75314.65 58113.03 19713.53 48561.4 29400.18 26533.11 10554.73 2270.891 290.8912 14.56542 0.2417293 0.001142551 1.107196e-06 1.827614e-10 4.828545e-15 1.964495e-20 
6.479846e-36 8.993599e-28 1.508863e-20 3.059944e-14 7.501092e-09 0.0002222711 0.7961388 344.7006 18040.26 114132.7 88327.27 34736.14 82330.6 41233.03 26019.86 10387.73 2410.602 240.8738 10.12013 0.1404526 0.0004771706 3.416639e-07 4.363663e-11 8.628636e-16 2.45898e-21 
5.359439e-36 7.438548e-28 1.247971e-20 2.53086e-14 6.204105e-09 0.000183839 0.6584813 285.0997 14920.99 94403.61 73983.37 48386.91 118267.5 60208.59 40664.48 12368.7 2034.477 189.7466 6.713089 0.07167963 0.0001899628 9.945092e-08 8.979955e-12 1.286418e-16 2.714343e-22 
1.155796e-35 1.604168e-27 2.691325e-20 5.457953e-14 1.337953e-08 0.00039646 1.420055 614.8348 32178.01 203576.6 157362.7 50265.95 94412.7 60905.34 54290.41 15768.43 2344.595 152.7961 4.086056 0.03515498 7.002354e-05 2.713325e-08 1.792214e-12 1.82646e-17 2.705285e-23 
1.201843e-35 1.668079e-27 2.798549e-20 5.675401e-14 1.391258e-08 0.0004122551 1.476631 639.3301 33460.01 211704.7 166280.3 100104.9 201375.4 85042.96 44509 14819.18 2621.667 152.6121 3.00498 0.01791076 2.638643e-05 7.567738e-09 3.61944e-13 2.6547e-18 2.817723e-24 
1.071528e-35 1.48721e-27 2.495103e-20 5.060018e-14 1.240404e-08 0.0003675544 1.31652 570.0077 29831.96 188761.7 149654.6 107173.4 206423.6 118842.8 81978.76 17033.01 1949.212 118.7777 2.220655 0.01002494 1.007005e-05 1.994926e-09 6.811206e-14 3.58798e-19 2.718201e-25 
7.159802e-36 9.937333e-28 1.667194e-20 3.381036e-14 8.288211e-09 0.0002455948 0.8796808 380.8714 19933.33 126146.6 102122.7 99920.63 185029.7 117866.7 84003.93 21428.3 2539.865 97.0495 1.405923 0.005694806 4.548771e-06 6.364382e-10 1.47186e-14 5.299476e-20 2.801094e-26 
1.209355e-35 1.678505e-27 2.816041e-20 5.710874e-14 1.399953e-08 0.0004148318 1.48586 643.3261 33669.16 213037.3 167332 79715.87 123824.4 97505.43 70659.22 18358.84 2295.396 91.45892 1.00779 0.002786425 1.735825e-06 1.941853e-10 3.370844e-15 8.567041e-21 3.098235e-27 
7.848462e-36 1.089315e-27 1.827552e-20 3.706238e-14 9.085406e-09 0.0002692172 0.9642922 417.5052 21850.65 138314.9 114642.2 127300.7 195417.7 88661.7 47472.48 13543.4 1700.795 67.15532 0.7148216 0.001631677 7.121207e-07 5.564947e-11 7.170499e-16 1.382977e-21 3.726246e-28 
1.350904e-35 1.874965e-27 3.145643e-20 6.3793e-14 1.56381e-08 0.0004633856 1.659772 718.6239 37610 238000.2 188788.4 98613.3 136029.4 112923.5 61737.06 10323.39 1012.768 38.91507 0.3863598 0.0007934704 2.903944e-07 1.713257e-11 1.545455e-16 2.062547e-22 3.943718e-29 
9.062243e-36 1.25778e-27 2.110186e-20 4.279415e-14 1.049048e-08 0.0003108522 1.113422 482.0733 25230 159764.4 135740.7 158854.6 206230.8 93076.22 43850.4 9962.695 789.6456 19.69191 0.1594274 0.0002851226 8.869881e-08 4.310676e-12 3.067965e-17 3.065753e-23 4.191935e-30 
1.232135e-35 1.710122e-27 2.869085e-20 5.818446e-14 1.426324e-08 0.0004226457 1.513848 655.4441 34303.53 217146.3 176726.4 121064 153808.9 124703.2 53220.23 7368.65 536.1817 12.57825 0.0710015 9.012891e-05 2.203209e-08 8.638402e-13 4.914584e-18 3.86395e-24 4.078878e-31 
1.602909e-35 2.224732e-27 3.73245e-20 7.569333e-14 1.855533e-08 0.0005498283 1.969396 852.6804 44626.28 282552.2 233059.4 171551.3 184858.9 97144.44 41485.99 7457.879 420.8636 7.089993 0.03350346 3.216402e-05 5.426018e-09 1.508771e-13 6.403846e-19 3.851693e-25 3.123892e-32 
1.367992e-35 1.898682e-27 3.185433e-20 6.459995e-14 1.583592e-08 0.0004692472 1.680767 727.7143 38086.39 241336.9 210216.1 224397.9 236621.7 123149.7 39767.69 5133.074 287.7923 4.429938 0.01519279 1.078287e-05 1.37978e-09 2.773046e-14 8.17425e-20 3.419524e-26 1.974733e-33 
1.915368e-35 2.658404e-27 4.460024e-20 9.044839e-14 2.217236e-08 0.0006570075 2.353294 1018.895 53325.8 337781.9 283597.2 210043.2 218056 144801.8 44214.27 4690.867 185.9769 2.272032 0.006706151 3.679557e-06 3.36938e-10 4.873564e-15 1.047742e-20 3.16174e-27 1.289169e-34 
2.239385e-35 3.108119e-27 5.214515e-20 1.057493e-13 2.59232e-08 0.0007681518 2.751395 1191.259 62347.52 395197 343155.4 298871.6 267309.5 130631.8 38629.03 4340.358 145.1264 1.27346 0.002696296 1.144606e-06 8.182438e-11 8.806332e-16 1.353186e-21 2.889442e-28 8.38912e-36 
2.145361e-35 2.97762e-27 4.995575e-20 1.013093e-13 2.483477e-08 0.0007358997 2.635873 1141.243 59731.01 379023.5 344926.4 358225.1 321301.2 163287.8 37759.52 3246.85 99.05162 0.7568354 0.00119495 3.533744e-07 1.794746e-11 1.425559e-16 1.639324e-22 2.589236e-29 5.443166e-37 
1.841314e-35 2.555622e-27 4.287587e-20 8.695139e-14 2.131511e-08 0.0006316057 2.262309 979.503 51267.2 325725.5 309351.2 354157.6 324776.6 177367.7 38663.56 2847.671 64.28768 0.3825838 0.0004950107 1.134013e-07 4.14044e-12 2.28475e-17 1.831749e-23 2.055975e-30 3.125559e-38 
1.615927e-35 2.242801e-27 3.762763e-20 7.630808e-14 1.870603e-08 0.0005542938 1.98539 859.6066 44991.72 285819.6 269995.6 305122.3 294597.6 167930.9 37614.61 2789.142 57.20296 0.2780853 0.0002858763 5.42725e-08 1.679332e-12 7.710716e-18 4.97617e-24 4.383153e-31 5.173826e-39 
2.273349e-35 3.155259e-27 5.293601e-20 1.073532e-13 2.631637e-08 0.000779802 2.793124 1209.327 63294.76 401623.8 359164.1 316488.8 296628 170856.9 40085.73 3101.03 64.97462 0.3061742 0.0002820952 4.555047e-08 1.191921e-12 4.727385e-18 2.687381e-24 2.095956e-31 2.174253e-39 
#survey length counts 
5.295897e-37 7.350356e-29 1.233175e-21 2.500853e-15 6.130548e-10 1.816593e-05 0.06506742 28.17195 1474.407 9327.562 7157 1957.559 8439.267 7144.821 5087.001 4994.477 2181.705 859.2757 195.083 24.62701 1.270997 0.01937148 6.552672e-05 4.017608e-08 3.91832e-12 
1.096417e-36 1.521754e-28 2.553058e-21 5.17755e-15 1.269215e-09 3.760917e-05 0.1347099 58.32475 3052.485 19310.93 14795.25 2781.652 8663.291 6992.89 5203.335 4713.068 1993.729 716.6266 145.8091 15.79 0.6656491 0.007872945 1.986652e-05 8.856973e-09 6.185236e-13 
1.587256e-36 2.203006e-28 3.696e-21 7.495414e-15 1.837412e-09 5.444589e-05 0.1950163 84.43533 4419.009 27956.04 21445.71 5171.792 18286.23 13326.97 5829.724 4390.163 1752.89 565.5228 101.3008 9.219752 0.3118515 0.002836239 5.325143e-06 1.727448e-09 8.655425e-14 
1.265188e-36 1.755997e-28 2.94605e-21 5.97453e-15 1.464586e-09 4.339835e-05 0.1554458 67.30268 3522.354 22283.7 17154.96 6634.586 27034.76 19167.23 11610.64 7817.903 1909.001 465.7541 71.85648 5.403131 0.1440126 0.0009937278 1.379256e-06 3.250372e-10 1.169458e-14 
2.322004e-36 3.222788e-28 5.406895e-21 1.096507e-14 2.687959e-09 7.964914e-05 0.2852903 123.5208 6464.589 40897.08 31381.41 7299.558 21989.96 16103.97 16065.31 10683.9 2954.456 553.2996 51.84056 2.931239 0.06028989 0.0003110946 3.159777e-07 5.379507e-11 1.386912e-15 
2.124483e-36 2.948643e-28 4.94696e-21 1.003234e-14 2.459309e-09 7.287382e-05 0.2610222 113.0136 5914.682 37418.64 28846.33 11512.89 40976.88 25542.41 13998.62 8920.021 3454.515 681.4152 54.28629 1.87754 0.02563866 9.573989e-05 7.032502e-08 8.580601e-12 1.576681e-16 
3.001085e-36 4.165308e-28 6.988168e-21 1.417186e-14 3.474066e-09 0.0001029429 0.3687248 159.6451 8355.19 52858.09 40671.82 12615.46 38112.27 25344 23747.72 12295.6 2755.403 536.2395 48.29029 1.398503 0.0120362 2.799822e-05 1.400718e-08 1.203468e-12 1.563644e-17 
2.864298e-36 3.975457e-28 6.669654e-21 1.352592e-14 3.315721e-09 9.825088e-05 0.3519187 152.3686 7974.368 50449.61 38999.69 17315.36 54445.34 31941.55 22443.38 11805.82 3510.144 490.1465 32.13309 0.907244 0.0065389 1.008279e-05 3.104543e-09 1.719545e-13 1.515552e-18 
4.771026e-36 6.621869e-28 1.110956e-20 2.252996e-14 5.522955e-09 0.0001636553 0.5861865 253.7985 13282.8 84032.6 64737.48 20317.43 52677.06 32826.55 30417.83 13334.99 3023.403 433.5581 25.19216 0.5000826 0.002964743 3.743012e-06 8.212381e-10 2.928411e-14 1.629521e-19 
6.759789e-36 9.382141e-28 1.574049e-20 3.192139e-14 7.825154e-09 0.0002318736 0.8305335 359.5924 18819.63 119062.3 91994.56 34644.57 88145.35 46151.5 29679.36 12853.48 3228.986 364.9854 17.68238 0.2990282 0.001282525 1.195505e-06 2.037505e-10 5.454803e-15 2.124529e-20 
5.329289e-36 7.396702e-28 1.24095e-20 2.516622e-14 6.169203e-09 0.0001828048 0.6547769 283.4958 14837.04 93870.85 73381.61 47252.63 125522.5 66266.84 46534.74 15649.09 2747.703 289.6731 12.05578 0.1572014 0.0005295884 3.631958e-07 4.382362e-11 8.514837e-16 2.461128e-21 
1.150732e-35 1.59714e-27 2.679534e-20 5.434042e-14 1.332091e-08 0.000394723 1.413834 612.1412 32037.04 202682.9 156495.5 49301.36 100214.2 65375.39 62537.17 20046.87 3257.925 242.393 7.564241 0.08024188 0.0002044186 1.040768e-07 9.215088e-12 1.275614e-16 2.590356e-22 
1.171864e-35 1.626471e-27 2.728742e-20 5.533833e-14 1.356554e-08 0.0004019718 1.439798 623.3827 32625.38 206419.3 161724.4 96987.27 213181 93965.04 51100.78 18373.11 3653.916 247.0265 5.772671 0.04238688 7.998906e-05 3.026808e-08 1.944972e-12 1.940795e-17 2.827187e-23 
1.041816e-35 1.445971e-27 2.425917e-20 4.919711e-14 1.206009e-08 0.0003573626 1.280015 554.2022 29004.76 183521.5 145043.1 104254.4 219131.2 128142.1 96365.52 22264.75 2758.622 194.5898 4.422906 0.0249693 3.223895e-05 8.426188e-09 3.870951e-13 2.778425e-18 2.891524e-24 
6.86423e-36 9.527098e-28 1.598368e-20 3.241459e-14 7.946055e-09 0.0002354561 0.8433656 365.1482 19110.43 120932.2 97467.58 96787.38 195489 125778 98277.58 27462.12 3715.744 165.1948 2.857241 0.01462343 1.51953e-05 2.817312e-09 8.771e-14 4.304879e-19 3.129181e-25 
1.155524e-35 1.603792e-27 2.690693e-20 5.456671e-14 1.337639e-08 0.0003963668 1.419721 614.6904 32170.47 203548.9 159567.5 77356.77 130760.1 103587.2 83337.13 23623.1 3378.29 159.6328 2.154445 0.007486821 6.065916e-06 9.046387e-10 2.121378e-14 7.352104e-20 3.654235e-26 
7.419151e-36 1.029729e-27 1.727584e-20 3.503507e-14 8.588434e-09 0.000254491 0.9115454 394.6677 20655.4 130737.1 107807 123587.6 208050.9 96797.92 55802.1 17378.89 2522.018 118.4803 1.564714 0.004567642 2.605651e-06 2.713289e-10 4.733716e-15 1.248527e-20 4.62753e-27 
1.259437e-35 1.748016e-27 2.932659e-20 5.947374e-14 1.457929e-08 0.0004320109 1.547393 669.9677 35063.5 221876.2 175630 94846.1 141953.1 120124.5 74456.79 13669.23 1509.108 69.4418 0.8626016 0.002285335 1.103564e-06 8.72185e-11 1.066248e-15 1.947347e-21 5.133899e-28 
8.420073e-36 1.168651e-27 1.960654e-20 3.976166e-14 9.747104e-09 0.0002888245 1.034522 447.9125 23442.11 148422.7 125448 153971.8 219072.1 101623.6 52145.58 13235.38 1234.631 36.45012 0.3671487 0.000852587 3.5218e-07 2.30522e-11 2.23149e-16 3.054499e-22 5.753752e-29 
1.140257e-35 1.582601e-27 2.655142e-20 5.384575e-14 1.319965e-08 0.0003911298 1.400963 606.5688 31745.54 200936.9 163078.4 117155.4 160557.3 134993.5 65651.94 10043.85 843.378 24.15571 0.1713501 0.0002811643 9.144505e-08 4.850045e-12 3.767222e-17 4.068914e-23 5.927368e-30 
1.472406e-35 2.043603e-27 3.428567e-20 6.953065e-14 1.704462e-08 0.0005050633 1.809055 783.2582 40992.9 259518.8 213440.7 166069.8 195421.2 106164.8 50141.9 10251.8 687.6323 13.97407 0.083572 0.0001048512 2.355791e-08 8.86587e-13 5.152202e-18 4.270982e-24 4.792979e-31 
1.248695e-35 1.733106e-27 2.907645e-20 5.896645e-14 1.445493e-08 0.0004283261 1.534194 664.2533 34764.89 220244.1 191054.8 217628.5 249383.6 135896 49448.81 7135.675 473.5506 9.030115 0.03941675 3.656818e-05 6.260896e-09 1.706856e-13 6.889175e-19 3.976038e-25 3.185365e-32 
1.743713e-35 2.420158e-27 4.060318e-20 8.234243e-14 2.018528e-08 0.0005981267 2.142392 927.5821 48546.58 307460.5 257484.2 203430.4 227230 160296.5 55673.91 6724.422 316.4423 4.756847 0.01804566 1.305187e-05 1.601791e-09 3.148015e-14 9.285186e-20 3.86729e-26 2.185597e-33 
2.029264e-35 2.816485e-27 4.725238e-20 9.582687e-14 2.349083e-08 0.0006960763 2.493232 1079.484 56497.13 358030.1 310029.3 290318.4 281777.1 145661.7 48422.55 6303.571 254.6066 2.770563 0.00752938 4.223771e-06 4.065965e-10 5.957796e-15 1.256349e-20 3.705618e-27 1.493455e-34 
1.932978e-35 2.682846e-27 4.50103e-20 9.127999e-14 2.237622e-08 0.0006630482 2.374931 1028.264 53817.3 341378.5 309781.6 347802.1 336195.7 183878.8 48398.71 4781.26 176.6105 1.698771 0.003470911 1.35831e-06 9.300314e-11 1.008562e-15 1.595606e-21 3.483618e-28 1.01587e-35 
1.653706e-35 2.295235e-27 3.850733e-20 7.809209e-14 1.914336e-08 0.0005672526 2.031807 879.703 46042.96 292393.2 276976.7 343918.2 337499.2 200753.6 50030.42 4307.232 118.2039 0.8848642 0.001491384 4.547543e-07 2.241973e-11 1.689396e-16 1.865602e-22 2.901384e-29 6.134339e-37 
1.455636e-35 2.020327e-27 3.389517e-20 6.873873e-14 1.685049e-08 0.0004993108 1.78845 774.3383 40529.18 257609.1 249303.3 307367.7 300983.1 182974.5 44188.82 3641.583 85.14243 0.4834906 0.0005930511 1.364236e-07 5.161792e-12 2.913843e-17 2.322186e-23 2.53621e-30 3.725069e-38 
1.764e-35 2.448316e-27 4.107558e-20 8.330044e-14 2.042012e-08 0.0006050856 2.167318 938.3749 49113.8 311773.8 284524.3 277867.9 268366.3 158840.3 38453.2 3180.637 72.50279 0.3784637 0.0003914709 7.17469e-08 2.148065e-12 9.794975e-18 6.416853e-24 5.773361e-31 6.914071e-39 
1.764e-35 2.448316e-27 4.107558e-20 8.330044e-14 2.042012e-08 0.0006050856 2.167318 938.3749 49113.8 311773.8 284524.3 277875 268598.8 159335.5 37913.6 2966.955 62.61953 0.2966141 0.000274278 4.440634e-08 1.164287e-12 4.624488e-18 2.631648e-24 2.054056e-31 2.132014e-39 
