# Number of parameters = 77 Objective function value = 21684.8121187252  Maximum gradient component = 0.00146393209415726
# srv_sel50:
1.13777678366
# srv_sel95:
2.47152188340
# stNatLen:
 10.6229392635 10.4343813346 8.63482737473 7.32305745998 6.47706130031 5.89532408585 5.46488850652 5.13321292746 4.87262916835 4.66696543569 4.50610488741 4.38345491802 4.29465198195 4.23684991416 4.20834594625
# log_avg_fmort_dir:
0.701756028497
# fmort_dir_dev:
 -0.688314723641 -0.623188127878 -0.630198536716 -0.603133214104 -0.426023345120 -0.382347158834 -0.352554887672 -0.147099275449 -0.0715025381615 -0.138661041724 0.00525567379768 -0.0241754264013 -0.0296249153575 0.0659918403075 0.0146549830333 0.117951849735 0.195382629688 0.157969052943 0.243384763102 0.335223081172 0.360371239859 0.291242859249 0.407916375613 0.454471184989 0.305697418702 0.467434653334 0.444465328982 0.249410256553
# mean_log_rec:
13.2641835127
# rec_dev:
 -2.26995306390 -1.76200111037 -1.56314471041 -1.33134031773 -1.10047874114 -0.897834508810 -0.723784652379 -0.516417254750 -0.117397027110 -0.00906824252158 0.175793682855 0.545263049436 0.592799605970 0.382436306480 0.386096651010 0.428418660606 0.428083483004 0.496821018356 0.418163940039 0.529960520743 0.614269369572 0.695635102002 0.739109424309 0.858750062936 0.883524163886 0.737657348901 0.689318619511 0.689318619512
# log_avg_NatM:
-1.37331700000
# m_dev:
 0.00000000000 0.00000000000 0.00000000000 0.00000000000 0.00000000000 0.00000000000 0.00000000000 0.00000000000 0.00000000000 0.00000000000 0.00000000000 0.00000000000 0.00000000000 0.00000000000 0.00000000000 0.00000000000 0.00000000000 0.00000000000 0.00000000000 0.00000000000 0.00000000000 0.00000000000 0.00000000000 0.00000000000 0.00000000000 0.00000000000 0.00000000000 0.00000000000
# log_avg_GrowthK:
-1.18630400000
# log_avg_Linf:
3.44583300000
# GrowthK_dev:
 0.00000000000 0.00000000000 0.00000000000 0.00000000000 0.00000000000 0.00000000000 0.00000000000 0.00000000000 0.00000000000 0.00000000000 0.00000000000 0.00000000000 0.00000000000 0.00000000000 0.00000000000 0.00000000000 0.00000000000 0.00000000000 0.00000000000 0.00000000000 0.00000000000 0.00000000000 0.00000000000 0.00000000000 0.00000000000 0.00000000000 0.00000000000 0.00000000000
# Linf_dev:
 0.00000000000 0.00000000000 0.00000000000 0.00000000000 0.00000000000 0.00000000000 0.00000000000 0.00000000000 0.00000000000 0.00000000000 0.00000000000 0.00000000000 0.00000000000 0.00000000000 0.00000000000 0.00000000000 0.00000000000 0.00000000000 0.00000000000 0.00000000000 0.00000000000 0.00000000000 0.00000000000 0.00000000000 0.00000000000 0.00000000000 0.00000000000 0.00000000000
# SelPars50:
1.04755652955
# SelPars95:
1.16743018050
# SelPars_dev50:
 0.00000000000 0.00000000000 0.00000000000 0.00000000000 0.00000000000 0.00000000000 0.00000000000 0.00000000000 0.00000000000 0.00000000000 0.00000000000 0.00000000000 0.00000000000 0.00000000000 0.00000000000 0.00000000000 0.00000000000 0.00000000000 0.00000000000 0.00000000000 0.00000000000 0.00000000000 0.00000000000 0.00000000000 0.00000000000 0.00000000000 0.00000000000 0.00000000000
# SelPars_dev95:
 0.00000000000 0.00000000000 0.00000000000 0.00000000000 0.00000000000 0.00000000000 0.00000000000 0.00000000000 0.00000000000 0.00000000000 0.00000000000 0.00000000000 0.00000000000 0.00000000000 0.00000000000 0.00000000000 0.00000000000 0.00000000000 0.00000000000 0.00000000000 0.00000000000 0.00000000000 0.00000000000 0.00000000000 0.00000000000 0.00000000000 0.00000000000 0.00000000000
