# Number of parameters = 77 Objective function value = 21988.4136093649  Maximum gradient component = 0.000410713768587032
# srv_sel50:
0.536371429052
# srv_sel95:
1.47849618019
# stNatLen:
 10.2845161182 9.32616147468 7.97870569345 6.92509766375 6.15543854178 5.58703092006 5.15520072866 4.81913097917 4.55400656932 4.34437899766 4.18028542855 4.05512747954 3.96449750645 3.90551126893 3.87642441348
# log_avg_fmort_dir:
0.752717644238
# fmort_dir_dev:
 -0.556260531023 -0.196792591299 -0.137438815309 -0.146312122415 -0.119674465113 -0.145057720055 0.0344994357658 0.0428004842799 -0.460962730886 -0.0901816978772 0.183773300553 -0.174610294301 -0.0104015761115 0.145327718220 0.182966931303 0.240565214741 0.210406114941 0.226349438190 0.0984858132815 0.130823818341 0.196375476331 -0.0425652009968 0.0719948623853 0.151519633455 0.0224980870794 0.100242071479 0.182001293528 -0.140371948487
# mean_log_rec:
12.3801783583
# rec_dev:
 -1.81678920717 -1.55750750480 -1.32522258332 -1.07635623126 -1.07173674679 -1.27694107791 -0.957936896735 -0.155215963067 -0.192858689880 -0.224332445762 0.360325101975 0.637409293704 0.571387257708 0.363512884042 0.345360684501 0.424985684746 0.278898921805 0.348612554958 0.357051284368 0.426724239299 0.573066270410 0.577957693027 0.654130377871 0.681972250510 0.632684371917 0.635606688712 0.892605883279 0.892605903861
# log_avg_NatM:
-0.940144300000
# m_dev:
 0.00000000000 0.00000000000 0.00000000000 0.00000000000 0.00000000000 0.00000000000 0.00000000000 0.00000000000 0.00000000000 0.00000000000 0.00000000000 0.00000000000 0.00000000000 0.00000000000 0.00000000000 0.00000000000 0.00000000000 0.00000000000 0.00000000000 0.00000000000 0.00000000000 0.00000000000 0.00000000000 0.00000000000 0.00000000000 0.00000000000 0.00000000000 0.00000000000
# log_avg_GrowthK:
-1.02151300000
# log_avg_Linf:
3.36611700000
# GrowthK_dev:
 0.00000000000 0.00000000000 0.00000000000 0.00000000000 0.00000000000 0.00000000000 0.00000000000 0.00000000000 0.00000000000 0.00000000000 0.00000000000 0.00000000000 0.00000000000 0.00000000000 0.00000000000 0.00000000000 0.00000000000 0.00000000000 0.00000000000 0.00000000000 0.00000000000 0.00000000000 0.00000000000 0.00000000000 0.00000000000 0.00000000000 0.00000000000 0.00000000000
# Linf_dev:
 0.00000000000 0.00000000000 0.00000000000 0.00000000000 0.00000000000 0.00000000000 0.00000000000 0.00000000000 0.00000000000 0.00000000000 0.00000000000 0.00000000000 0.00000000000 0.00000000000 0.00000000000 0.00000000000 0.00000000000 0.00000000000 0.00000000000 0.00000000000 0.00000000000 0.00000000000 0.00000000000 0.00000000000 0.00000000000 0.00000000000 0.00000000000 0.00000000000
# SelPars50:
1.72740692843
# SelPars95:
2.80753165257
# SelPars_dev50:
 0.00000000000 0.00000000000 0.00000000000 0.00000000000 0.00000000000 0.00000000000 0.00000000000 0.00000000000 0.00000000000 0.00000000000 0.00000000000 0.00000000000 0.00000000000 0.00000000000 0.00000000000 0.00000000000 0.00000000000 0.00000000000 0.00000000000 0.00000000000 0.00000000000 0.00000000000 0.00000000000 0.00000000000 0.00000000000 0.00000000000 0.00000000000 0.00000000000
# SelPars_dev95:
 0.00000000000 0.00000000000 0.00000000000 0.00000000000 0.00000000000 0.00000000000 0.00000000000 0.00000000000 0.00000000000 0.00000000000 0.00000000000 0.00000000000 0.00000000000 0.00000000000 0.00000000000 0.00000000000 0.00000000000 0.00000000000 0.00000000000 0.00000000000 0.00000000000 0.00000000000 0.00000000000 0.00000000000 0.00000000000 0.00000000000 0.00000000000 0.00000000000
