#Simulated generalized assessment 
# 
#start/end year 
71 98 
#number of ages 
15 
#ages 
1 2 3 4 5 6 7 8 9 10 11 12 13 14 15 
#Number of length bins 
25 
#CPUE years 
28 
#years for CPUE 
71 72 73 74 75 76 77 78 79 80 81 82 83 84 85 86 87 88 89 90 91 92 93 94 95 96 97 98 
#survey years 
28 
#years for survey 
71 72 73 74 75 76 77 78 79 80 81 82 83 84 85 86 87 88 89 90 91 92 93 94 95 96 97 98 
#length freq from catch years 
28 
#years for length freq catch 
71 72 73 74 75 76 77 78 79 80 81 82 83 84 85 86 87 88 89 90 91 92 93 94 95 96 97 98 
#catch length sample sizes 
200 200 200 200 200 200 200 200 200 200 200 200 200 200 200 200 200 200 200 200 200 200 200 200 200 200 200 200 
#length freq from survey years 
28 
#years for length freq survey 
71 72 73 74 75 76 77 78 79 80 81 82 83 84 85 86 87 88 89 90 91 92 93 94 95 96 97 98 
#survey sample sizes 
200 200 200 200 200 200 200 200 200 200 200 200 200 200 200 200 200 200 200 200 200 200 200 200 200 200 200 200 
#total survey biomass 
8843.175 7607.16 9993.561 10424.79 22128.55 13685.56 14951.87 31318.31 48363.32 55095.62 56269.27 106063.2 175587.3 159720.8 111145.7 124854.3 107867.3 91178.09 78689.51 84200.49 111529.6 129310.8 112268 117685.8 133015.5 105613.5 125956.7 115519.2 
#survey CV 
0.2 0.2 0.2 0.2 0.2 0.2 0.2 0.2 0.2 0.2 0.2 0.2 0.2 0.2 0.2 0.2 0.2 0.2 0.2 0.2 0.2 0.2 0.2 0.2 0.2 0.2 0.2 0.2 
#total CPUE 
5098.382 7794.307 10647.05 13713.55 22674.95 12016.42 14089.45 35469.38 45810.23 39211.85 64565.1 102939.5 101620 102401.8 122368.8 105336.5 107236.6 76432.32 101290 122592.7 166378.4 128647.7 103250.7 187060.4 141526.6 194829.3 184355.8 147176.6 
#CPUE CV 
0.2 0.2 0.2 0.2 0.2 0.2 0.2 0.2 0.2 0.2 0.2 0.2 0.2 0.2 0.2 0.2 0.2 0.2 0.2 0.2 0.2 0.2 0.2 0.2 0.2 0.2 0.2 0.2 
#total catch biomass 
4936.369 4820.711 5644.068 7627.009 10660.46 12363.92 12119.24 15672.97 24430.84 33920.15 42856.02 60897.91 77864.69 99556.54 98750.07 97140.29 87320.04 83229.21 85220.94 78808.74 86269.11 92191.67 101089 97357.63 100497.1 119897.8 100260.2 93793.59 
#catch CV 
0.05 0.05 0.05 0.05 0.05 0.05 0.05 0.05 0.05 0.05 0.05 0.05 0.05 0.05 0.05 0.05 0.05 0.05 0.05 0.05 0.05 0.05 0.05 0.05 0.05 0.05 0.05 0.05 
#Length Bins 
0.7268035 2.18041 3.634017 5.087624 6.541231 7.994838 9.448445 10.90205 12.35566 13.80927 15.26287 16.71648 18.17009 19.62369 21.0773 22.53091 23.98451 25.43812 26.89173 28.34534 29.79894 31.25255 32.70616 34.15976 35.61337 
#catch length counts 
5.483754e-37 7.611088e-29 1.276918e-21 2.589564e-15 6.348011e-10 1.881032e-05 0.0673755 29.17127 1526.708 9658.404 7400.026 1490.8 5570.373 4735.256 1471.867 1197.64 394.7952 136.2417 29.67462 3.915087 0.2296388 0.004301678 1.888787e-05 1.553742e-08 2.072452e-12 
5.561877e-37 7.719518e-29 1.295109e-21 2.626456e-15 6.438447e-10 1.90783e-05 0.06833535 29.58685 1548.458 9796.006 7507.196 1559.007 5632.589 4533.61 1437.713 1098.011 352.9424 114.9379 23.20851 2.680289 0.1289446 0.001869316 6.108505e-06 3.650523e-09 3.486819e-13 
8.284696e-37 1.149861e-28 1.929131e-21 3.912238e-15 9.590392e-10 2.841808e-05 0.101789 44.0711 2306.506 14591.64 11177.14 1981.623 5807.635 4414.613 1445.961 1035.033 322.028 98.00615 18.24946 1.845223 0.07285568 0.0008154936 1.975673e-06 8.554701e-10 5.845365e-14 
1.197926e-36 1.662642e-28 2.789427e-21 5.656902e-15 1.386723e-09 4.109114e-05 0.1471818 63.72462 3335.093 21098.8 16166.66 3017.999 8738.325 6189.142 1617.839 978.1155 296.0814 83.75799 14.19222 1.246284 0.0403459 0.0003494795 6.284033e-07 1.970422e-10 9.621909e-15 
1.815488e-36 2.519778e-28 4.227451e-21 8.573185e-15 2.101615e-09 6.227471e-05 0.2230579 96.57636 5054.422 31975.81 24505.5 4618.646 12607.72 8394.718 2293.732 1264.395 296.4283 70.20953 10.72371 0.8070139 0.02124994 0.0001425077 1.909508e-07 4.35108e-11 1.521206e-15 
1.978866e-36 2.746535e-28 4.607882e-21 9.344693e-15 2.290741e-09 6.787886e-05 0.243131 105.2673 5509.273 34853.45 26746.51 6324.881 19208.3 11978.12 3242.055 1640.49 369.9746 71.41132 8.263668 0.5122687 0.01084049 5.5984e-05 5.597456e-08 9.309929e-12 2.34116e-16 
1.427586e-36 1.981396e-28 3.324202e-21 6.741415e-15 1.652579e-09 4.896892e-05 0.1753987 75.94159 3974.481 25144.03 19346.38 6308.388 20925.83 12455.93 4434.075 2205.491 464.2997 80.3741 7.498314 0.3364304 0.005379136 2.110607e-05 1.568883e-08 1.906353e-12 3.460114e-17 
2.980466e-36 4.136691e-28 6.940157e-21 1.40745e-14 3.450198e-09 0.0001022357 0.3661915 158.5483 8297.786 52494.43 40245.01 7325.077 15498.53 9012.531 4609.861 2333.197 580.327 96.08842 7.653537 0.2615086 0.002920188 8.154983e-06 4.412246e-09 3.896666e-13 5.102378e-18 
4.476484e-36 6.213065e-28 1.042371e-20 2.113906e-14 5.181993e-09 0.0001535519 0.549998 238.1302 12462.78 78843.93 60543.56 13780.2 32438.59 16292.8 3910.888 1717.194 546.1775 98.70158 7.74064 0.2158536 0.001755605 3.35365e-06 1.245226e-09 7.72785e-14 7.204144e-19 
7.007992e-36 9.72663e-28 1.631844e-20 3.309347e-14 8.112474e-09 0.0002403875 0.8610287 372.7957 19510.64 123431.4 94817.63 21641.11 47077.02 22570.84 6896.951 2390.595 408.3752 72.90463 6.211888 0.1612865 0.001043122 1.428729e-06 3.621075e-10 1.518544e-14 9.681043e-20 
7.084803e-36 9.833239e-28 1.64973e-20 3.345619e-14 8.201391e-09 0.0002430222 0.8704661 376.8818 19724.49 124786.2 96255.56 31830.97 77063.55 34535.03 10531.76 3493.277 604.6787 66.83658 4.39153 0.1106817 0.0006327921 6.816956e-07 1.251643e-10 3.635262e-15 1.574519e-20 
1.192868e-35 1.655622e-27 2.777649e-20 5.633015e-14 1.380867e-08 0.0004091763 1.465603 634.5554 33210.11 210100.9 161640.5 39624.9 76347.66 34391.32 15128.55 4781.516 785.6636 78.81062 3.537046 0.06259314 0.0003036753 2.757796e-07 3.986557e-11 8.58807e-16 2.648307e-21 
1.431644e-35 1.987028e-27 3.333652e-20 6.760578e-14 1.657276e-08 0.0004910812 1.758973 761.5746 39857.79 252161.6 194792.9 63506.07 128642.6 50515.91 15548.43 4965.957 986.7607 91.91621 3.457885 0.04235617 0.0001380379 9.484402e-08 1.091409e-11 1.84309e-16 4.309014e-22 
2.017514e-35 2.800176e-27 4.697876e-20 9.527198e-14 2.33548e-08 0.0006920456 2.478795 1073.233 56168.73 355354.8 274550.7 84839.92 154143.4 60931.1 23927.99 6166.796 960.9722 94.04943 3.331761 0.03245726 7.379114e-05 3.35409e-08 2.678573e-12 3.335732e-17 5.913339e-23 
1.7643e-35 2.448733e-27 4.108257e-20 8.331463e-14 2.04236e-08 0.0006051886 2.167687 938.5337 49119.14 310770.5 242333.6 112854.7 213920 77977.77 27813.67 7310.967 1136.408 85.91828 2.715181 0.02355104 4.206379e-05 1.361569e-08 7.318022e-13 6.090101e-18 7.414165e-24 
1.355928e-35 1.881938e-27 3.157342e-20 6.403027e-14 1.569627e-08 0.0004651091 1.665945 721.2967 37749.82 238849.3 187526.9 103064.6 186150.7 75303.73 35783.66 8468.85 1215.346 85.79447 2.146713 0.01493566 2.207992e-05 5.613646e-09 2.217067e-13 1.290816e-18 1.0683e-24 
1.550255e-35 2.151652e-27 3.609843e-20 7.320688e-14 1.794581e-08 0.000531767 1.904703 824.6706 43160.01 273076.5 213364.4 92281.75 144481.7 61079.52 31777.43 8778.041 1342.255 83.01108 1.774821 0.009643339 1.078416e-05 2.120461e-09 6.474053e-14 2.837346e-19 1.710876e-25 
1.573444e-35 2.183836e-27 3.663838e-20 7.430191e-14 1.821424e-08 0.0005397212 1.933193 837.006 43805.61 277177.7 218112.7 109384 160875.6 57166.84 24132.49 6967.541 1173.959 74.65957 1.375035 0.005989326 5.118442e-06 7.426902e-10 1.669916e-14 5.447957e-20 2.454422e-26 
1.648958e-35 2.288645e-27 3.839678e-20 7.786789e-14 1.90884e-08 0.0005656241 2.025973 877.1766 45908 290494.2 229483.2 117716 159297.8 58235.5 23747.22 5387.006 826.8316 53.52713 0.935171 0.003421359 2.273844e-06 2.478973e-10 4.091558e-15 9.660862e-21 3.141503e-27 
1.636794e-35 2.271762e-27 3.811352e-20 7.729346e-14 1.894758e-08 0.0005614515 2.011028 870.7057 45569.38 288377.9 229713.9 130642.1 164817.9 58755.83 22872.6 4931.988 613.9192 33.28321 0.5299681 0.001710499 9.332349e-07 7.865989e-11 9.695254e-16 1.678655e-21 3.956368e-28 
1.875344e-35 2.602854e-27 4.366827e-20 8.855838e-14 2.170904e-08 0.0006432787 2.30412 997.6043 52210.8 330419.7 263337.4 139227.3 158777.9 57923.88 21789.6 4365.169 480.4678 20.65873 0.2590017 0.0006923407 3.132848e-07 2.123404e-11 2.029465e-16 2.644415e-22 4.595276e-29 
2.010375e-35 2.790267e-27 4.681252e-20 9.493486e-14 2.327216e-08 0.0006895967 2.470023 1069.435 55970.23 354264.4 285482.8 168319.8 178332.6 60004.1 20508.07 3933.474 384.6632 13.62858 0.1302886 0.0002612435 9.104386e-08 4.836069e-12 3.614761e-17 3.63505e-23 4.794064e-30 
2.221842e-35 3.083771e-27 5.173665e-20 1.049209e-13 2.572012e-08 0.0007621342 2.729841 1181.927 61857.76 391580.5 317676.7 189844.3 185906.5 64690.02 20622.76 3457.276 297.4609 8.818549 0.06571013 9.769623e-05 2.477692e-08 9.649539e-13 5.369498e-18 4.063238e-24 4.046422e-31 
2.458063e-35 3.41163e-27 5.723716e-20 1.160758e-13 2.845462e-08 0.0008431624 3.020071 1307.586 68434.54 433298.7 355111 221742 200891.7 68473.49 20616.7 3221.701 233.0097 5.628042 0.03305229 3.708945e-05 6.877958e-09 1.925407e-13 7.66734e-19 4.16996e-25 3.00836e-32 
2.824665e-35 3.920448e-27 6.577365e-20 1.333876e-13 3.269841e-08 0.0009689137 3.470491 1502.603 78641.32 498023.1 411328.6 256878 214801 72716.69 20297.82 2905.131 182.2884 3.530581 0.01596255 1.354089e-05 1.860641e-09 3.7894e-14 1.0835e-19 4.197909e-26 2.150207e-33 
2.987937e-35 4.147059e-27 6.957552e-20 1.410978e-13 3.458845e-08 0.001024919 3.671094 1589.457 83187.61 527033.8 443781.6 305100 238662.6 78017.54 20065.62 2605.776 140.1265 2.203808 0.007657985 4.837809e-06 4.891423e-10 7.277448e-15 1.508474e-20 4.204836e-27 1.539671e-34 
2.875622e-35 3.991174e-27 6.696022e-20 1.35794e-13 3.32883e-08 0.0009863931 3.5331 1529.711 80061.63 507540.8 438384.1 334852.1 250080.8 84729.29 20254.3 2338.323 106.5017 1.349802 0.003626107 1.714663e-06 1.27007e-10 1.369441e-15 2.048084e-21 4.109585e-28 1.080758e-35 
2.790701e-35 3.873308e-27 6.498278e-20 1.317838e-13 3.230524e-08 0.0009572634 3.428762 1484.537 77698.29 492805.8 431432.5 328957.8 233293.8 82450.56 19031.16 2007.19 76.47979 0.7718036 0.001594689 5.657453e-07 3.088297e-11 2.422044e-16 2.611084e-22 3.756389e-29 7.063496e-37 
#survey length counts 
7.229209e-37 1.003366e-28 1.683355e-21 3.413811e-15 8.368556e-10 2.479756e-05 0.08882083 38.45635 2012.652 12732.63 9755.032 1943.103 7190.471 6110.268 1880.931 1522.096 497.1376 169.7314 36.33063 4.643548 0.2600286 0.00463599 1.948135e-05 1.543901e-08 1.994753e-12 
1.058125e-36 1.468608e-28 2.463895e-21 4.996729e-15 1.224889e-09 3.629571e-05 0.1300053 56.28782 2945.88 18636.5 14272.54 2450.209 7368.11 5927.07 1881.576 1434.924 453.5764 145.3939 28.87359 3.261478 0.1515431 0.002104247 6.591757e-06 3.797274e-09 3.516301e-13 
1.498388e-36 2.079664e-28 3.489067e-21 7.075758e-15 1.734539e-09 5.139756e-05 0.1840977 79.70795 4171.596 26390.75 20216.78 3663.036 10984.51 8266.908 2110.478 1351.814 415.7635 124.5586 22.6532 2.24238 0.08632682 0.0009355566 2.186983e-06 9.151072e-10 6.06623e-14 
2.237207e-36 3.105096e-28 5.209442e-21 1.056464e-14 2.589798e-09 7.674045e-05 0.2748718 119.01 6228.51 39403.41 30190.3 5540.785 15773.81 11180.91 2979.521 1760.897 422.9793 105.2299 17.36793 1.486813 0.04700674 0.0003975453 6.961751e-07 2.123328e-10 1.009391e-14 
2.406326e-36 3.339822e-28 5.603245e-21 1.136327e-14 2.785572e-09 8.254158e-05 0.2956505 128.0065 6699.348 42382.2 32511.38 7477.791 23945.01 15927.33 4207.924 2290.405 531.3452 109.7539 13.69069 0.9690132 0.02484312 0.000162955 2.139785e-07 4.778107e-11 1.636527e-15 
1.728193e-36 2.398618e-28 4.024179e-21 8.160954e-15 2.000562e-09 5.92803e-05 0.2123324 91.9326 4811.386 30438.53 23404.44 7414.975 26176.34 16588.22 5739.784 3112.088 675.5112 126.0444 12.91105 0.6640946 0.01288699 6.458424e-05 6.332743e-08 1.036035e-11 2.565689e-16 
3.553578e-36 4.932132e-28 8.274674e-21 1.678087e-14 4.113633e-09 0.0001218945 0.4366062 189.0354 9893.361 62588.47 47970.82 8588.032 19272.24 11854.82 5904.083 3263.877 838.4854 152.2569 13.46522 0.5356953 0.007296895 2.604758e-05 1.863796e-08 2.22164e-12 3.975907e-17 
5.228886e-36 7.257348e-28 1.217571e-20 2.469209e-14 6.052975e-09 0.0001793607 0.6424409 278.1547 14557.51 92095.73 70689.98 15842.78 39930.27 21510.82 5067.974 2349.643 776.3117 154.8899 13.77025 0.4541866 0.004555873 1.116514e-05 5.484735e-09 4.598892e-13 5.867713e-18 
8.262843e-36 1.146828e-27 1.924042e-20 3.901919e-14 9.565094e-09 0.0002834312 1.015205 439.5485 23004.22 145532.7 111744.9 25161.41 58814.99 30140.52 9064.59 3452.451 602.8828 115.3426 11.32844 0.3545195 0.002869379 5.077474e-06 1.706145e-09 9.668357e-14 8.438971e-19 
8.214082e-36 1.14006e-27 1.912688e-20 3.878893e-14 9.508649e-09 0.0002817587 1.009214 436.9547 22868.47 144675.7 111505.3 36461.8 95534.84 45753.84 13785.75 4994.96 908.9361 109.9493 8.049929 0.2466299 0.001791876 2.519134e-06 6.159642e-10 2.419968e-14 1.434534e-19 
1.37866e-35 1.913489e-27 3.210275e-20 6.510372e-14 1.595941e-08 0.0004729065 1.693874 733.3891 38382.67 242823.8 186710.7 45463.06 94974.92 45194.9 19849.67 6904.164 1194.99 133.512 6.843552 0.1447259 0.0008929028 1.067928e-06 2.069031e-10 6.04644e-15 2.553027e-20 
1.646077e-35 2.284646e-27 3.832968e-20 7.773183e-14 1.905504e-08 0.0005646358 2.022433 875.6439 45827.72 289928.6 223763.9 72682.55 160424.8 67201.74 20608.67 7076.09 1510.568 158.6834 6.939929 0.1032766 0.0004257467 3.845996e-07 5.956976e-11 1.370163e-15 4.395193e-21 
2.306092e-35 3.200704e-27 5.369844e-20 1.088994e-13 2.66954e-08 0.0007910334 2.833353 1226.744 64202.91 406180.5 313539.6 96903.65 192367.4 80217.73 31920.75 9018.691 1480.18 163.2183 6.870603 0.08256653 0.0002398071 1.43311e-07 1.539007e-11 2.615922e-16 6.381995e-22 
2.015557e-35 2.79746e-27 4.693319e-20 9.517956e-14 2.333215e-08 0.0006913742 2.47639 1072.191 56114.25 355022.1 276389.2 129324.3 268589.6 103408.8 37472.25 10670.52 1801.651 153.4897 5.735344 0.06226835 0.0001437361 6.152021e-08 4.451111e-12 5.054266e-17 8.477175e-23 
1.555938e-35 2.159539e-27 3.623075e-20 7.347523e-14 1.801159e-08 0.0005337163 1.911685 827.6936 43318.21 274075.1 214726.8 119090.5 235811.7 98776.77 48923.98 12607.05 1959.337 158.3553 4.738471 0.04122012 7.928128e-05 2.684045e-08 1.431906e-12 1.138179e-17 1.296707e-23 
1.769761e-35 2.456311e-27 4.120972e-20 8.357248e-14 2.048681e-08 0.0006070617 2.174396 941.4384 49271.17 311735.8 243165.9 106493.4 183048.8 79344.75 43374 12893.63 2197.15 156.4684 4.043625 0.02774505 4.045764e-05 1.062303e-08 4.397313e-13 2.63709e-18 2.189881e-24 
1.787447e-35 2.480859e-27 4.162155e-20 8.440767e-14 2.069155e-08 0.0006131284 2.196126 950.8468 49763.58 314867.1 247251.6 126226.8 204351.5 75219.92 33045.03 10175.76 1917.722 143.2106 3.234031 0.01792521 2.010138e-05 3.906629e-09 1.193182e-13 5.338482e-19 3.318932e-25 
1.877097e-35 2.605286e-27 4.370908e-20 8.864114e-14 2.172933e-08 0.0006438799 2.306273 998.5366 52259.49 330672.7 260631.5 136683.1 203662.7 76677.06 33236.86 8061.323 1364.9 104.4123 2.272033 0.0107103 9.397733e-06 1.377375e-09 3.095045e-14 1.003576e-19 4.50923e-26 
1.857759e-35 2.578448e-27 4.325881e-20 8.772799e-14 2.150548e-08 0.0006372468 2.282514 988.25 51721.17 327291.9 260014.4 151983.7 211186 77452.98 32195.64 7493.898 1042.534 66.30719 1.321556 0.005554184 4.034246e-06 4.592758e-10 7.726076e-15 1.839785e-20 5.99672e-27 
2.14073e-35 2.971191e-27 4.98479e-20 1.010905e-13 2.478116e-08 0.000734311 2.630182 1138.778 59599.26 377157.2 299816.5 163483.4 205326.2 76887.57 31173.45 6763.128 842.5671 42.9846 0.6741155 0.002353511 1.426308e-06 1.312503e-10 1.717756e-15 3.083808e-21 7.417974e-28 
2.293026e-35 3.182569e-27 5.339419e-20 1.082824e-13 2.654414e-08 0.0007865515 2.8173 1219.794 63839.37 404041.2 324613.1 198480.3 231680.4 80296.48 29560.04 6176.098 690.8237 29.396 0.3543503 0.0009296152 4.347462e-07 3.145807e-11 3.230629e-16 4.487252e-22 8.204386e-29 
2.545293e-35 3.532699e-27 5.926835e-20 1.20195e-13 2.94644e-08 0.0008730839 3.127245 1353.989 70862.76 448542.8 362738.2 225772 243192.8 87220.59 30288.11 5548.145 549.3415 19.78232 0.1875162 0.0003666154 1.250259e-07 6.643311e-12 5.089878e-17 5.333047e-23 7.379454e-30 
2.815349e-35 3.907518e-27 6.555672e-20 1.329477e-13 3.259057e-08 0.0009657181 3.459045 1497.647 78381.49 496218.8 405295.5 264860.6 263680.1 92866.55 30520.48 5270.276 442.695 13.07431 0.09841989 0.0001460215 3.65228e-08 1.397076e-12 7.668254e-18 5.781849e-24 5.805541e-31 
3.24649e-35 4.505914e-27 7.559606e-20 1.533073e-13 3.758148e-08 0.001113608 3.988762 1726.997 90385.06 572310.9 471052.6 309138.9 283653.8 99604.53 30479.13 4851.09 357.4778 8.547616 0.04979711 5.608952e-05 1.042743e-08 2.907174e-13 1.146836e-18 6.163417e-25 4.395972e-32 
3.444498e-35 4.780736e-27 8.020676e-20 1.626577e-13 3.987362e-08 0.001181528 4.232042 1832.329 95898.34 607441.3 509499.2 370042.5 317106.3 108025.4 30547.86 4449.335 283.4609 5.555736 0.02504257 2.108283e-05 2.891015e-09 5.898898e-14 1.688988e-19 6.535024e-26 3.333079e-33 
3.298664e-35 4.578329e-27 7.681096e-20 1.557711e-13 3.818545e-08 0.001131505 4.052866 1754.751 91839.07 582041.7 500551.3 406043.2 330851.7 117520.9 31083.77 4056.878 220.8563 3.516821 0.01232984 7.80112e-06 7.855263e-10 1.163339e-14 2.406102e-20 6.707784e-27 2.458782e-34 
3.227498e-35 4.479554e-27 7.515381e-20 1.524104e-13 3.736162e-08 0.001107093 3.965428 1716.894 89858.62 569742.5 496651.4 403504.2 310999.6 115907.7 29724.34 3587.292 164.9246 2.10663 0.005711081 2.720751e-06 2.023776e-10 2.183185e-15 3.257851e-21 6.516069e-28 1.708841e-35 
3.410142e-35 4.733052e-27 7.940677e-20 1.610353e-13 3.947591e-08 0.001169744 4.189831 1814.054 94944.83 602246.1 529528.5 414518.1 297075.2 108670.6 26877.6 3073.627 122.4048 1.253331 0.0026053 9.299559e-07 5.106836e-11 4.024732e-16 4.353249e-22 6.272445e-29 1.179385e-36 
