# Number of parameters = 77 Objective function value = 26557.7182770641  Maximum gradient component = 239.112272099483
# srv_sel50:
0.999975184511
# srv_sel95:
1.00014307144
# stNatLen:
 11.7496325261 11.2229547367 9.53214686439 8.24864018398 7.35723186506 6.71943947689 6.24431045376 5.87920524732 5.59356109666 5.36894256562 5.19374835847 5.06043229312 4.96402917741 4.90132869647 4.87042732313
# log_avg_fmort_dir:
0.861648248663
# fmort_dir_dev:
 -0.991590062605 -0.728161615653 -0.830741834854 -1.49547306781 -0.894434483959 -0.447896391336 -0.321751110887 -0.455565064905 -0.203156601017 -0.267320000443 -0.0883508771197 -0.133030511925 0.0192077591418 0.102717452518 0.0455801200433 0.240785042385 0.195715499557 0.399285416180 0.243937359142 0.459645995336 0.504834829430 0.436797669303 0.683607829473 0.552596126328 0.724776702246 0.582144174606 0.845712377932 0.820127268892
# mean_log_rec:
14.1681892970
# rec_dev:
 -2.69086060333 -2.38315920713 -2.47406332317 -1.64313874503 -1.15596060562 -0.916571252901 -0.666870919291 -0.330283448845 -0.173461567831 0.0628695178121 0.257865146565 0.533121579504 0.582409285255 0.533476237617 0.546109240422 0.581492737315 0.677396591833 0.564868539248 0.686163046961 0.679504860079 0.738270785603 0.852974656948 0.731880020378 0.933577463688 0.869782254999 0.998565114445 0.802021844304 0.802020750177
# log_avg_NatM:
-1.36448700000
# m_dev:
 0.00000000000 0.00000000000 0.00000000000 0.00000000000 0.00000000000 0.00000000000 0.00000000000 0.00000000000 0.00000000000 0.00000000000 0.00000000000 0.00000000000 0.00000000000 0.00000000000 0.00000000000 0.00000000000 0.00000000000 0.00000000000 0.00000000000 0.00000000000 0.00000000000 0.00000000000 0.00000000000 0.00000000000 0.00000000000 0.00000000000 0.00000000000 0.00000000000
# log_avg_GrowthK:
-1.20372700000
# log_avg_Linf:
3.45755400000
# GrowthK_dev:
 0.00000000000 0.00000000000 0.00000000000 0.00000000000 0.00000000000 0.00000000000 0.00000000000 0.00000000000 0.00000000000 0.00000000000 0.00000000000 0.00000000000 0.00000000000 0.00000000000 0.00000000000 0.00000000000 0.00000000000 0.00000000000 0.00000000000 0.00000000000 0.00000000000 0.00000000000 0.00000000000 0.00000000000 0.00000000000 0.00000000000 0.00000000000 0.00000000000
# Linf_dev:
 0.00000000000 0.00000000000 0.00000000000 0.00000000000 0.00000000000 0.00000000000 0.00000000000 0.00000000000 0.00000000000 0.00000000000 0.00000000000 0.00000000000 0.00000000000 0.00000000000 0.00000000000 0.00000000000 0.00000000000 0.00000000000 0.00000000000 0.00000000000 0.00000000000 0.00000000000 0.00000000000 0.00000000000 0.00000000000 0.00000000000 0.00000000000 0.00000000000
# SelPars50:
1.05896251402
# SelPars95:
1.30969222327
# SelPars_dev50:
 0.00000000000 0.00000000000 0.00000000000 0.00000000000 0.00000000000 0.00000000000 0.00000000000 0.00000000000 0.00000000000 0.00000000000 0.00000000000 0.00000000000 0.00000000000 0.00000000000 0.00000000000 0.00000000000 0.00000000000 0.00000000000 0.00000000000 0.00000000000 0.00000000000 0.00000000000 0.00000000000 0.00000000000 0.00000000000 0.00000000000 0.00000000000 0.00000000000
# SelPars_dev95:
 0.00000000000 0.00000000000 0.00000000000 0.00000000000 0.00000000000 0.00000000000 0.00000000000 0.00000000000 0.00000000000 0.00000000000 0.00000000000 0.00000000000 0.00000000000 0.00000000000 0.00000000000 0.00000000000 0.00000000000 0.00000000000 0.00000000000 0.00000000000 0.00000000000 0.00000000000 0.00000000000 0.00000000000 0.00000000000 0.00000000000 0.00000000000 0.00000000000
