# Number of parameters = 78 Objective function value = 25087.5319023331  Maximum gradient component = 0.000394747294302079
# srv_sel50:
2.04765565143
# srv_sel95:
4.93960864952
# stNatLen:
 11.2891146453 9.76191320447 8.47606154828 7.55830800645 6.88584378643 6.37601600452 5.97895303843 5.66431133807 5.41302361579 5.21267575443 5.05494776300 4.93416654739 4.84646357729 4.78927450689 4.76104269873
# log_avg_fmort_dir:
0.549537501708
# fmort_dir_dev:
 -0.224997766665 -0.304521984257 0.00902777981078 -0.156298674823 -0.111192206000 -0.0841269843252 -0.0333153129265 -0.0985464904662 -0.189052288846 -0.0876420974604 -0.102552315846 -0.125428864957 -0.0531536304291 0.159985700425 0.321726665839 0.127982551640 0.126052559302 0.0276752169164 0.197142086272 0.0427266124790 0.00928499956089 0.0181403077968 0.118926104449 0.0240333141676 -0.0202386366764 0.0385170028444 0.349464401105 0.0203819510679
# mean_log_rec:
14.5380200332
# rec_dev:
 -2.48762392797 -2.09671696165 -1.88139109774 -1.39211106019 -1.21430923359 -1.04016299057 -0.750070078198 -0.353193561612 -0.0511083353892 0.132058993758 0.475307239963 0.673105995558 0.717349894774 0.593538378988 0.531893549783 0.557700485043 0.513031628083 0.518045016136 0.578476826994 0.641068767598 0.640021161416 0.693387207418 0.777484065038 0.833779920054 0.857136882155 0.666645595947 0.433327821784 0.433327816408
# log_avg_NatM:
0.366682322827
# m_dev:
 0.00000000000 0.00000000000 0.00000000000 0.00000000000 0.00000000000 0.00000000000 0.00000000000 0.00000000000 0.00000000000 0.00000000000 0.00000000000 0.00000000000 0.00000000000 0.00000000000 0.00000000000 0.00000000000 0.00000000000 0.00000000000 0.00000000000 0.00000000000 0.00000000000 0.00000000000 0.00000000000 0.00000000000 0.00000000000 0.00000000000 0.00000000000 0.00000000000
# log_avg_GrowthK:
-1.02151300000
# log_avg_Linf:
3.36611700000
# GrowthK_dev:
 0.00000000000 0.00000000000 0.00000000000 0.00000000000 0.00000000000 0.00000000000 0.00000000000 0.00000000000 0.00000000000 0.00000000000 0.00000000000 0.00000000000 0.00000000000 0.00000000000 0.00000000000 0.00000000000 0.00000000000 0.00000000000 0.00000000000 0.00000000000 0.00000000000 0.00000000000 0.00000000000 0.00000000000 0.00000000000 0.00000000000 0.00000000000 0.00000000000
# Linf_dev:
 0.00000000000 0.00000000000 0.00000000000 0.00000000000 0.00000000000 0.00000000000 0.00000000000 0.00000000000 0.00000000000 0.00000000000 0.00000000000 0.00000000000 0.00000000000 0.00000000000 0.00000000000 0.00000000000 0.00000000000 0.00000000000 0.00000000000 0.00000000000 0.00000000000 0.00000000000 0.00000000000 0.00000000000 0.00000000000 0.00000000000 0.00000000000 0.00000000000
# SelPars50:
2.14759518867
# SelPars95:
3.91059254979
# SelPars_dev50:
 0.00000000000 0.00000000000 0.00000000000 0.00000000000 0.00000000000 0.00000000000 0.00000000000 0.00000000000 0.00000000000 0.00000000000 0.00000000000 0.00000000000 0.00000000000 0.00000000000 0.00000000000 0.00000000000 0.00000000000 0.00000000000 0.00000000000 0.00000000000 0.00000000000 0.00000000000 0.00000000000 0.00000000000 0.00000000000 0.00000000000 0.00000000000 0.00000000000
# SelPars_dev95:
 0.00000000000 0.00000000000 0.00000000000 0.00000000000 0.00000000000 0.00000000000 0.00000000000 0.00000000000 0.00000000000 0.00000000000 0.00000000000 0.00000000000 0.00000000000 0.00000000000 0.00000000000 0.00000000000 0.00000000000 0.00000000000 0.00000000000 0.00000000000 0.00000000000 0.00000000000 0.00000000000 0.00000000000 0.00000000000 0.00000000000 0.00000000000 0.00000000000
