#Simulated generalized assessment 
# 
#start/end year 
73 100 
#number of ages 
15 
#ages 
1 2 3 4 5 6 7 8 9 10 11 12 13 14 15 
#Number of length bins 
25 
#CPUE years 
28 
#years for CPUE 
73 74 75 76 77 78 79 80 81 82 83 84 85 86 87 88 89 90 91 92 93 94 95 96 97 98 99 100 
#survey years 
28 
#years for survey 
73 74 75 76 77 78 79 80 81 82 83 84 85 86 87 88 89 90 91 92 93 94 95 96 97 98 99 100 
#length freq from catch years 
28 
#years for length freq catch 
73 74 75 76 77 78 79 80 81 82 83 84 85 86 87 88 89 90 91 92 93 94 95 96 97 98 99 100 
#catch length sample sizes 
200 200 200 200 200 200 200 200 200 200 200 200 200 200 200 200 200 200 200 200 200 200 200 200 200 200 200 200 
#length freq from survey years 
28 
#years for length freq survey 
73 74 75 76 77 78 79 80 81 82 83 84 85 86 87 88 89 90 91 92 93 94 95 96 97 98 99 100 
#survey sample sizes 
200 200 200 200 200 200 200 200 200 200 200 200 200 200 200 200 200 200 200 200 200 200 200 200 200 200 200 200 
#total survey biomass 
39167.75 32266.69 43852.97 46733.05 46984.6 73676.3 61813.15 59833.12 87527.87 77977.06 72081.09 69449.42 102230.9 104069.3 97875.61 111331.9 121035.2 112394.7 148109.7 206579 167569.7 156701.2 195477 151817.5 199367.8 208529.5 118061.3 155039.1 
#survey CV 
0.2 0.2 0.2 0.2 0.2 0.2 0.2 0.2 0.2 0.2 0.2 0.2 0.2 0.2 0.2 0.2 0.2 0.2 0.2 0.2 0.2 0.2 0.2 0.2 0.2 0.2 0.2 0.2 
#total CPUE 
23800.17 35110.24 28675.26 33168.89 25659.5 28468.44 49897.39 39179.23 56923.26 50322.16 67723.04 71125.43 63572.99 71993.22 72877.09 105547.8 113617.3 82805.7 88338.41 115762.1 142636.4 116070 100093.2 96843.36 84857.41 138889 107630.5 109721.2 
#CPUE CV 
0.2 0.2 0.2 0.2 0.2 0.2 0.2 0.2 0.2 0.2 0.2 0.2 0.2 0.2 0.2 0.2 0.2 0.2 0.2 0.2 0.2 0.2 0.2 0.2 0.2 0.2 0.2 0.2 
#total catch biomass 
20061.99 21160.45 24706.38 26874.96 26650.08 28508.89 33383.28 31752.94 36315.08 39366.6 46821.99 47614.51 53746.52 63783.05 54309.58 66457.05 58615.28 63236.93 70452.81 64147.39 97016.72 96428.06 102996 89056.3 103231.2 100945.7 103787 81009.9 
#catch CV 
0.1 0.1 0.1 0.1 0.1 0.1 0.1 0.1 0.1 0.1 0.1 0.1 0.1 0.1 0.1 0.1 0.1 0.1 0.1 0.1 0.1 0.1 0.1 0.1 0.1 0.1 0.1 0.1 
#Length Bins 
0.6062379 1.818714 3.03119 4.243665 5.456141 6.668617 7.881093 9.093569 10.30604 11.51852 12.731 13.94347 15.15595 16.36842 17.5809 18.79338 20.00585 21.21833 22.4308 23.64328 24.85575 26.06823 27.28071 28.49318 29.70566 
#catch length counts 
4.958621e-06 0.0002332296 0.007596136 0.1713122 2.675289 28.92961 216.6277 1123.374 4035.805 10058.94 17491.75 21683.03 20634.74 18055.98 17188.24 16212.31 12895.15 8452.649 4880.181 2598.93 1251.099 528.5044 194.4103 61.60842 16.3655 
6.200161e-06 0.0002916257 0.009498058 0.2142053 3.345125 36.17287 270.8627 1404.556 5045.033 12565.08 21786.35 26709.31 24477.81 19553.69 16662.58 14794.79 11557.99 7577.326 4423.18 2405.131 1189.391 514.7382 191.3953 60.31704 15.81003 
6.029634e-06 0.0002836049 0.009236827 0.2083139 3.253122 35.17802 263.4141 1365.949 4906.611 12222.81 21209.79 26081.7 24153.46 19796.62 17384.84 15538.12 11835.05 7291.372 3875.584 1931.295 911.9606 391.561 147.4516 47.32706 12.5805 
6.459027e-06 0.0003038015 0.009894616 0.2231487 3.48479 37.6832 282.1734 1463.235 5256.193 13094.85 22731.27 27991.52 26046.79 21607.7 19286.07 17457.9 13467.48 8454.139 4584.089 2282.33 1036.849 416.6249 146.8187 45.14763 11.82291 
8.096378e-06 0.0003808146 0.01240288 0.2797164 4.368174 47.2357 353.7002 1834.089 6587.576 16403.98 28422.56 34750.74 31544 24562.59 20157.2 17360.21 13174.11 8247.669 4489.024 2254.911 1035.128 417.2326 144.7609 42.85047 10.66942 
7.928657e-06 0.0003729258 0.01214595 0.273922 4.277688 46.2573 346.3768 1796.169 6452.18 16074.72 27905.98 34372.72 32011.34 26598.12 23739.2 21353.8 16181.72 9788.384 5014.888 2364.975 1043.978 415.1512 143.9794 42.62588 10.52266 
1.021456e-05 0.0004804438 0.01564774 0.3528962 5.510981 59.5935 446.2339 2313.887 8310.483 20690.25 35821.78 43668.16 39224.21 29680.29 23336.57 19513.6 14596.92 9019.851 4805.949 2336.31 1027.418 394.0814 130.2679 37.07585 8.943776 
8.917191e-06 0.0004194217 0.01366029 0.3080742 4.811024 52.02462 389.563 2020.123 7256.768 18080.27 31394.63 38702.52 36146.53 30235.29 27178.23 24464.86 18389.63 10895.57 5377.103 2418.833 1022.532 391.3424 130.3325 36.88016 8.688671 
1.127997e-05 0.0005305555 0.01727984 0.3897043 6.085792 65.80929 492.7778 2555.241 9177.405 22849.43 39565.86 48259.74 43436.95 33055.75 26226.01 22088.81 16612.1 10330.86 5540.027 2691.942 1166.923 434.4409 137.7452 37.42 8.621632 
8.959439e-06 0.0004214088 0.01372501 0.3095338 4.833821 52.27121 391.4118 2029.759 7292.067 18174.99 31605.35 39179.53 37282.35 32579.39 30812.62 28529.07 21719.67 13019.94 6540.379 3007.498 1294.539 499.8275 166.0343 46.25992 10.59883 
1.405818e-05 0.0006612289 0.02153579 0.4856866 7.584694 82.01776 614.1452 3184.554 11437.32 28472.82 49281.23 60006.33 53679.31 40171.62 31112.41 25930.19 19726.34 12689.51 7168.694 3671.493 1655.073 633.8729 205.6604 56.83247 13.19193 
1.430476e-05 0.000672827 0.02191353 0.4942058 7.717737 83.45664 624.9254 3240.575 11640.26 28995.21 50302.62 61801.68 57052.68 46376.09 40218.32 35461.08 26443.01 15612.59 7712.723 3517.147 1536.084 614.7319 213.3358 61.86065 14.62436 
1.701445e-05 0.0008002776 0.02606452 0.5878209 9.179669 99.26528 743.2969 3854.314 13843.68 34472.44 59727.31 73016.79 66249.88 51517.77 42158.18 36131.38 27144.23 16623.95 8683.585 4107.255 1752.338 651.9297 209.8901 58.70362 14.00172 
1.446679e-05 0.0006804482 0.02216175 0.4998037 7.805159 84.40207 632.0071 3277.346 11773.03 29332.72 50934.55 62796.31 58667.76 49118.59 44232.23 39943.47 30225.45 18157.76 9165.697 4217.238 1797.109 680.5784 221.4137 60.87 13.94017 
1.662852e-05 0.0007821254 0.02547331 0.5744877 8.971454 97.01375 726.4384 3766.912 13530 33693.76 58394.68 71465.64 65094.04 51151.42 42524.13 36927.4 28102.37 17576.71 9488.648 4658.172 2048.33 775.6625 249.6276 68.1957 15.59774 
1.739071e-05 0.0008179751 0.02664091 0.6008201 9.382673 101.4606 759.7381 3939.626 14150.92 35245.57 61121.98 74981.17 68861.47 55260.58 47186.8 41403.16 31157.08 18866.31 9710.522 4598.105 2024.991 793.8955 267.1285 75.41849 17.49869 
1.749479e-05 0.0008228706 0.02680036 0.604416 9.43883 102.0679 764.2876 3963.258 14236.37 35464.03 61539.2 75673.64 70075.52 57429.23 50429.82 45076.65 34324.25 21074.76 11029.19 5263.85 2291.908 877.0794 289.5135 81.7323 19.32666 
1.858582e-05 0.0008741872 0.02847171 0.6421091 10.02746 108.433 811.9474 4210.346 15123.16 37665.51 65307.49 80063.86 73366.45 58557.43 49704.97 43638.11 33190.67 20589.77 10992.55 5374.966 2389.826 927.2495 307.3198 86.22438 20.1644 
1.964746e-05 0.0009241217 0.03009804 0.678787 10.60024 114.6269 858.3296 4450.906 15987.88 39825.54 69096.3 84913.66 78463.99 63963.12 55793.33 49695.97 37834.57 23296.06 12289.24 5959.685 2658.53 1046.767 354.0785 101.2424 23.96966 
2.056796e-05 0.0009674178 0.03150816 0.710589 11.09688 119.9974 898.5451 4659.474 16737.47 41696.76 72370.16 89065.74 82713.05 68279.47 60559.79 54590.94 41987.51 26251.43 14151.26 6996.572 3146.992 1238.605 418.6213 120.289 28.80784 
2.551334e-05 0.001200024 0.03908401 0.8814434 13.76501 148.8494 1114.585 5779.657 20759.8 51702.2 89633.03 109827.7 100456.6 79811.86 67370.46 59076.35 45167.09 28400.84 15522.09 7818.083 3586.729 1439.002 494.2485 143.5252 34.57166 
2.357298e-05 0.00110876 0.03611157 0.8144076 12.71816 137.5294 1029.83 5340.345 19184.45 47804.58 83051.86 102591 96477.31 82065.11 75383.09 69034.18 52931.8 32530.21 17080.31 8277.425 3727.138 1497.782 521.4248 154.1131 37.75483 
2.562109e-05 0.001205093 0.03924908 0.8851663 13.82315 149.478 1119.291 5804.035 20847 51915.9 89979.67 110140.3 100385.2 79023.79 65886.71 57400.02 43895.49 27719.41 15218.62 7651.173 3469.171 1368.199 464.0223 134.7748 32.9088 
2.52594e-05 0.001188081 0.038695 0.8726705 13.62801 147.3682 1103.498 5722.278 20555.25 51208.06 88880.75 109396.5 101625.4 83932.25 74391.03 66761.45 50759.94 31011.86 16175.02 7795.615 3502.209 1405.405 487.0368 142.7114 34.6386 
2.699763e-05 0.001269838 0.04135781 0.9327234 14.56583 157.5093 1179.436 6116.059 21969.79 54732.26 94999.31 116935.8 108661.7 89841.92 79870.64 72174.55 55709.74 35047.95 19047.92 9469.322 4257.214 1669.639 564.1461 163.3769 39.75579 
2.632621e-05 0.001238258 0.04032926 0.909527 14.20358 153.592 1150.101 5963.898 21422.59 53362.94 92580.93 113763.2 105089.1 85614.79 74680.3 66690.64 51153.54 32006.8 17335.93 8665.318 3965.966 1593.406 548.2677 159.3139 38.40918 
2.855948e-05 0.0013433 0.04375042 0.9866828 15.40848 166.6214 1247.667 6469.854 23240.36 57894.54 100467.4 123568.9 114513 94037.37 82855.3 74397.8 57130.13 35701.45 19279.11 9601.188 4385.167 1766.121 613.3389 180.9261 44.31612 
2.259223e-05 0.00106263 0.03460916 0.7805243 12.18902 131.8077 986.9888 5118.261 18387.71 45829.78 79693.04 98780.53 93970.83 82110.61 77840.95 72697.37 56548.19 35467.84 19173.31 9545.2 4351.527 1747.469 605.3607 178.6037 43.94164 
#survey length counts 
1.342253e-05 0.000631331 0.02056204 0.463726 7.241746 78.30922 586.3744 3040.524 10919.63 27179.99 47015.87 57117.38 50674.71 37036.59 27601.58 22382.24 16889.91 10929.07 6327.39 3419.633 1685.023 727.9078 270.3962 85.16554 22.3156 
1.379975e-05 0.0006490736 0.0211399 0.4767583 7.445265 80.51003 602.855 3126.002 11226.92 27947.96 48365.34 58855.54 52531.75 39042.22 29819.36 24366.1 17952.08 10924.13 5757.816 2848.093 1338.259 573.1479 215.5676 69.14556 18.37368 
1.400812e-05 0.0006588746 0.02145911 0.4839574 7.557689 81.72577 611.9592 3173.228 11396.78 28373.27 49118.17 59851.11 53677.37 40444.03 31596.89 26321.15 19695.85 12223.06 6576.646 3253.357 1471.812 590.0821 207.694 63.8219 16.7063 
1.74069e-05 0.0008187368 0.02666572 0.6013795 9.391401 101.5547 760.4333 3943.041 14160.48 35242.65 60934.44 73893.09 65125.58 46662.65 33540.4 26270.19 19209.03 11865.18 6405.392 3196.76 1461.462 587.8142 203.7149 60.26167 14.99865 
1.617488e-05 0.0007607886 0.02477839 0.5588153 8.726705 94.36704 706.6171 3664.074 13159.82 32763.97 56729.1 69171.89 62184.37 47148.37 37126.79 30913.15 22779.6 13640.24 6940.583 3252.651 1429.507 567.126 196.4555 58.12497 14.34357 
2.113727e-05 0.0009941955 0.03238029 0.7302575 11.40402 123.3182 923.395 4788.004 17194.45 42788.61 73947.22 89512 78369.98 55034.43 38122.05 28927.15 20805.03 12678.74 6702.424 3238.253 1418.394 542.8876 179.2498 50.98106 12.29286 
1.85433e-05 0.0008721873 0.02840657 0.64064 10.00452 108.1848 810.0841 4200.597 15086.9 37562.86 65045.31 79345.87 71437.3 54378.13 43038.47 35849.8 26207.13 15373.54 7536.074 3367.867 1416.739 540.7516 179.8528 50.85718 11.97669 
2.455535e-05 0.001154965 0.03761646 0.8483464 13.24814 143.2597 1072.716 5562.268 19974.98 49708.34 85908.22 104001.6 91092.21 64049.44 44484.21 33864.78 24451.19 14986.31 7969.542 3847.45 1660.905 616.9693 195.3743 53.03372 12.21291 
1.976656e-05 0.0009297235 0.03028048 0.6829016 10.66449 115.3216 863.5275 4477.783 16083.32 40052.42 69415.74 84956.99 77387.81 60790.14 50377.94 43285.62 32105.5 19059.01 9505.327 4340.154 1858.547 715.5996 237.3853 66.09126 15.13598 
2.971879e-05 0.001397829 0.04552637 1.026735 16.03393 173.384 1298.282 6731.851 24174.74 60155.57 103936.4 125698.8 109685.3 76256.99 51916.05 39064.66 28489.32 18051.22 10113.16 5149.185 2313.064 884.228 286.5803 79.13871 18.36144 
2.971068e-05 0.001397447 0.04551393 1.026454 16.02956 173.337 1297.939 6730.246 24171.47 60172.1 104133.3 126730.7 113146.1 84133.01 64200.78 52116.91 37696.69 22019.54 10802.05 4892.793 2126.174 848.6134 294.136 85.23746 20.14382 
3.492676e-05 0.001642787 0.05350448 1.206661 18.84375 203.7683 1525.802 7911.679 28412.97 70715.3 122273.2 148307.8 130809.8 93924.76 67713.75 53011.41 38446.92 23253.81 12056.99 5668.353 2408.557 894.0765 287.4971 80.34921 19.15582 
3.043818e-05 0.001431665 0.0466284 1.051588 16.42207 177.5816 1329.725 6895.133 24764.6 61657.91 106768.1 130236.7 117241.4 89224.86 70638.41 58972.72 43381.38 25795.01 12930.05 5910.498 2506.853 946.9467 307.6753 84.52425 19.34901 
3.508868e-05 0.001650402 0.05375252 1.212255 18.9311 204.713 1532.876 7948.381 28545.05 71046.65 122864.2 149110.1 131795.8 95241.21 69492.59 55082.48 40467.2 24989.4 13385.93 6531.111 2860.616 1080.986 347.4874 94.86239 21.6872 
3.73773e-05 0.001758048 0.05725847 1.291323 20.16587 218.0653 1632.86 8466.877 30407.88 75690.54 130945.9 159157 141441.9 103814.8 77648.16 62366.08 45397.13 27162.56 13873.8 6525.004 2860.104 1118.512 375.8877 106.0527 24.59662 
3.721775e-05 0.001750544 0.05701406 1.285811 20.07979 217.1346 1625.894 8430.814 30279.22 75378.7 130463.9 158842.6 142039 106122.7 81743.39 67208.64 49624.2 30126.89 15649.68 7421.155 3217.155 1228.269 404.9318 114.2328 27.00004 
4.146262e-05 0.001950202 0.0635168 1.432464 22.36999 241.8997 1811.329 9392.266 33730.93 83958.43 145223.7 176389.7 156369.9 113975.1 84352.13 67476.49 49535.69 30333.75 16061.74 7800.206 3452.675 1336.469 442.3938 124.0304 28.99251 
4.468202e-05 0.002101627 0.06844861 1.543689 24.10693 260.6823 1951.975 10121.62 36351.2 90489.3 156580.7 190469.1 169769.2 125682.3 95402.7 77642.54 57155.85 34758.77 18185.54 8756.53 3887.565 1526.827 515.7912 147.3725 34.87579 
4.667763e-05 0.002195491 0.0715057 1.612634 25.1836 272.3251 2039.158 10573.74 37975.56 94538.9 163629.6 199239.8 178221.3 133298.1 102925.9 84988.88 63285.05 39088.37 20898.9 10261.77 4594.979 1804.219 609.0158 174.8681 41.86009 
5.600401e-05 0.002634159 0.08579282 1.934845 30.21538 326.7365 2446.581 12686.22 45560.48 113401 196137.9 238169.9 210945.6 153360.2 113071.3 90373.43 66686.59 41388.55 22434.94 11225.64 5128.52 2053.086 704.3541 204.4005 49.21497 
4.90762e-05 0.002308308 0.07518007 1.695501 26.47769 286.3191 2143.951 11117.27 39929.8 99424.94 172229.9 210387.2 190360.8 146918.8 118870.1 100990.1 75390.04 45870.21 23915.05 11516.52 5163.376 2070.252 719.8952 212.6394 52.07363 
5.645424e-05 0.002655335 0.08648253 1.9504 30.45829 329.3631 2466.247 12788.15 45926.03 114305.6 197666.2 239854.7 211887.9 152882.3 111290.3 88166.54 64988.53 40489.82 22045.79 11011.57 4972.371 1956.788 662.8529 192.3866 46.95565 
5.701804e-05 0.002681854 0.08734622 1.969878 30.76248 332.6528 2490.889 12916.12 46388.33 115483.1 199885.8 243412.4 217812.1 163039.6 125909 103583.4 76279.77 46056.37 23829.28 11402.22 5097.336 2040.231 706.1194 206.7607 50.16365 
5.757857e-05 0.002708218 0.08820489 1.989244 31.0649 335.9231 2515.378 13043.13 46844.84 116623.1 201883.5 245961.5 220474.8 165882 129325.3 107627.8 80601.5 50135.84 27042.46 13360.2 5982.435 2341.256 790.1591 228.6715 55.62106 
5.957617e-05 0.002802176 0.09126503 2.058257 32.14264 347.5772 2602.639 13495.52 48468.34 120652.3 208772.3 253948.1 226326.3 167524.6 127217.8 103816.2 76993.06 47572.75 25553.01 12684.38 5779.506 2316.624 796.1499 231.1811 55.71212 
6.238902e-05 0.002934479 0.09557404 2.155437 33.66024 363.988 2725.525 14132.77 50757.72 126358.5 218695.6 266252.1 238043.2 177784.2 136956.4 112888.8 83986.82 51868.02 27788.93 13747.95 6252.208 2512.404 871.4829 256.9021 62.90062 
5.093277e-05 0.002395632 0.07802417 1.759643 27.47936 297.1509 2225.063 11537.95 41441.88 103201.2 178847.5 218830.8 199159 156149.3 129337.3 111875.1 84698.07 52562.05 28192.06 13939.71 6326.612 2534.652 876.9747 258.5558 63.58516 
5.867534e-05 0.002759805 0.08988504 2.027135 31.65662 342.3215 2563.282 13291.38 47734.34 118816.8 205539.3 249748.6 221733.5 162385.4 121409.3 98626.24 74319.2 47781.39 27224.31 14274.05 6714.85 2731.809 949.5651 280.0274 68.80529 
