# Number of parameters = 77 Objective function value = 18644.0031285073  Maximum gradient component = 835.371252560507
# srv_sel50:
0.999999873723
# srv_sel95:
1.00000045365
# stNatLen:
 10.8737960825 9.53248706226 8.17324752489 7.25736430162 6.62457323624 6.15310706197 5.78628344351 5.49438934713 5.26000971161 5.07216140921 4.92358475722 4.80935774317 4.72613418595 4.67170670127 4.64474923449
# log_avg_fmort_dir:
0.618881433693
# fmort_dir_dev:
 -0.419188818088 -0.319199218256 -0.271156322350 -0.170879838891 -0.526566921116 -0.0480418441717 -0.210380931822 -0.146765706177 -0.0818544536343 -0.0477972173614 0.00471887096255 -0.0261987133842 -0.0694895163089 0.0204704822750 0.110024960336 0.136299541345 0.170645479437 0.124997526868 0.223688126102 0.140308115849 0.156314794293 0.162503655848 0.326884546021 0.282095371147 0.240074803279 0.273321690367 0.251192738108 -0.286021200678
# mean_log_rec:
13.6466739856
# rec_dev:
 -2.31253065309 -2.04954118419 -1.88110958431 -1.18170755646 -0.983771790154 -1.14813587639 -0.715899029515 -0.463940683312 -0.228748650950 0.0504888047666 0.307000126372 0.541799478354 0.690119623634 0.586303532599 0.507593496941 0.522803591282 0.437497913043 0.418152368556 0.371016930492 0.445312201808 0.570131750201 0.666073560430 0.617894584678 0.718934430158 0.824616950825 0.824346936402 0.932649363332 0.932649364507
# log_avg_NatM:
-1.06669500000
# m_dev:
 0.00000000000 0.00000000000 0.00000000000 0.00000000000 0.00000000000 0.00000000000 0.00000000000 0.00000000000 0.00000000000 0.00000000000 0.00000000000 0.00000000000 0.00000000000 0.00000000000 0.00000000000 0.00000000000 0.00000000000 0.00000000000 0.00000000000 0.00000000000 0.00000000000 0.00000000000 0.00000000000 0.00000000000 0.00000000000 0.00000000000 0.00000000000 0.00000000000
# log_avg_GrowthK:
-1.19613400000
# log_avg_Linf:
3.45239700000
# GrowthK_dev:
 0.00000000000 0.00000000000 0.00000000000 0.00000000000 0.00000000000 0.00000000000 0.00000000000 0.00000000000 0.00000000000 0.00000000000 0.00000000000 0.00000000000 0.00000000000 0.00000000000 0.00000000000 0.00000000000 0.00000000000 0.00000000000 0.00000000000 0.00000000000 0.00000000000 0.00000000000 0.00000000000 0.00000000000 0.00000000000 0.00000000000 0.00000000000 0.00000000000
# Linf_dev:
 0.00000000000 0.00000000000 0.00000000000 0.00000000000 0.00000000000 0.00000000000 0.00000000000 0.00000000000 0.00000000000 0.00000000000 0.00000000000 0.00000000000 0.00000000000 0.00000000000 0.00000000000 0.00000000000 0.00000000000 0.00000000000 0.00000000000 0.00000000000 0.00000000000 0.00000000000 0.00000000000 0.00000000000 0.00000000000 0.00000000000 0.00000000000 0.00000000000
# SelPars50:
1.00639841799
# SelPars95:
1.14028630409
# SelPars_dev50:
 0.00000000000 0.00000000000 0.00000000000 0.00000000000 0.00000000000 0.00000000000 0.00000000000 0.00000000000 0.00000000000 0.00000000000 0.00000000000 0.00000000000 0.00000000000 0.00000000000 0.00000000000 0.00000000000 0.00000000000 0.00000000000 0.00000000000 0.00000000000 0.00000000000 0.00000000000 0.00000000000 0.00000000000 0.00000000000 0.00000000000 0.00000000000 0.00000000000
# SelPars_dev95:
 0.00000000000 0.00000000000 0.00000000000 0.00000000000 0.00000000000 0.00000000000 0.00000000000 0.00000000000 0.00000000000 0.00000000000 0.00000000000 0.00000000000 0.00000000000 0.00000000000 0.00000000000 0.00000000000 0.00000000000 0.00000000000 0.00000000000 0.00000000000 0.00000000000 0.00000000000 0.00000000000 0.00000000000 0.00000000000 0.00000000000 0.00000000000 0.00000000000
