# Number of parameters = 77 Objective function value = 26737.0614462834  Maximum gradient component = 0.0174047669488945
# srv_sel50:
0.871544246945
# srv_sel95:
1.00407466569
# stNatLen:
 12.3268958414 11.8077582032 11.1036149812 10.3161202295 9.61241821350 9.03509161322 8.57174478114 8.20086024904 7.90409351921 7.66779707771 7.48220678383 7.34044390571 7.23775043877 7.17097363524 7.13812582336
# log_avg_fmort_dir:
-0.494417625401
# fmort_dir_dev:
 -0.923623299571 -0.845689288427 -0.802704828560 -0.929296121210 -0.624938823277 -0.555177993961 -0.0941811471938 -0.165336545665 -0.138548291108 0.0889381851016 0.356432798677 0.125133969691 0.397949559271 0.334840674910 0.385460113951 0.337613442309 0.353899883410 0.186567047069 0.170006724724 0.195478420718 0.172364076568 0.203894117710 0.195576060918 0.274873460246 0.368016205787 0.382358905155 0.282166779215 0.267925913543
# mean_log_rec:
14.0140069434
# rec_dev:
 -2.61469452550 -3.81642614219 -2.20653077115 -0.808644017168 -0.673502958230 -0.238789106448 -0.0763751100273 0.105550548481 0.223492056619 0.354078372687 0.465959140019 0.596474770395 0.584322989082 0.558834326310 0.508523432710 0.562124131679 0.510246425089 0.408259681188 0.407166963428 0.506348096735 0.555377954672 0.626465454642 0.678821755709 0.667175377461 0.590248233500 0.514799557629 0.505346682653 0.505346680021
# log_avg_NatM:
-0.940144300000
# m_dev:
 0.00000000000 0.00000000000 0.00000000000 0.00000000000 0.00000000000 0.00000000000 0.00000000000 0.00000000000 0.00000000000 0.00000000000 0.00000000000 0.00000000000 0.00000000000 0.00000000000 0.00000000000 0.00000000000 0.00000000000 0.00000000000 0.00000000000 0.00000000000 0.00000000000 0.00000000000 0.00000000000 0.00000000000 0.00000000000 0.00000000000 0.00000000000 0.00000000000
# log_avg_GrowthK:
-1.02151300000
# log_avg_Linf:
3.36611700000
# GrowthK_dev:
 0.00000000000 0.00000000000 0.00000000000 0.00000000000 0.00000000000 0.00000000000 0.00000000000 0.00000000000 0.00000000000 0.00000000000 0.00000000000 0.00000000000 0.00000000000 0.00000000000 0.00000000000 0.00000000000 0.00000000000 0.00000000000 0.00000000000 0.00000000000 0.00000000000 0.00000000000 0.00000000000 0.00000000000 0.00000000000 0.00000000000 0.00000000000 0.00000000000
# Linf_dev:
 0.00000000000 0.00000000000 0.00000000000 0.00000000000 0.00000000000 0.00000000000 0.00000000000 0.00000000000 0.00000000000 0.00000000000 0.00000000000 0.00000000000 0.00000000000 0.00000000000 0.00000000000 0.00000000000 0.00000000000 0.00000000000 0.00000000000 0.00000000000 0.00000000000 0.00000000000 0.00000000000 0.00000000000 0.00000000000 0.00000000000 0.00000000000 0.00000000000
# SelPars50:
0.978824506796
# SelPars95:
1.02232274530
# SelPars_dev50:
 0.00000000000 0.00000000000 0.00000000000 0.00000000000 0.00000000000 0.00000000000 0.00000000000 0.00000000000 0.00000000000 0.00000000000 0.00000000000 0.00000000000 0.00000000000 0.00000000000 0.00000000000 0.00000000000 0.00000000000 0.00000000000 0.00000000000 0.00000000000 0.00000000000 0.00000000000 0.00000000000 0.00000000000 0.00000000000 0.00000000000 0.00000000000 0.00000000000
# SelPars_dev95:
 0.00000000000 0.00000000000 0.00000000000 0.00000000000 0.00000000000 0.00000000000 0.00000000000 0.00000000000 0.00000000000 0.00000000000 0.00000000000 0.00000000000 0.00000000000 0.00000000000 0.00000000000 0.00000000000 0.00000000000 0.00000000000 0.00000000000 0.00000000000 0.00000000000 0.00000000000 0.00000000000 0.00000000000 0.00000000000 0.00000000000 0.00000000000 0.00000000000
