# Number of parameters = 78 Objective function value = 21971.3897439799  Maximum gradient component = 0.000461618412824592
# srv_sel50:
1.23890208432
# srv_sel95:
3.30143597380
# stNatLen:
 11.0677860012 9.79559902501 8.40076657104 7.33776615806 6.55730929974 5.97858174852 5.53798747119 5.19476294470 4.92389302954 4.70970668976 4.54205335939 4.41419081987 4.32160751434 4.26134981830 4.23163535252
# log_avg_fmort_dir:
0.857871542637
# fmort_dir_dev:
 -0.582408635438 -0.271285339064 -0.173574648077 -0.285867572934 -0.256849015220 -0.0199302378268 0.0259283656982 -0.0392030245370 -0.399404956884 -0.0510997847061 0.150565550465 -0.255131684964 0.00774457466320 0.154030167725 0.231957727756 0.240139742941 0.0909880129117 0.166921701112 0.107463538819 0.182251188736 0.168996829617 0.0646797282338 0.107795675788 0.0156398943714 0.0954621463248 0.223244594966 0.236176104244 0.0647693552772
# mean_log_rec:
13.1008027799
# rec_dev:
 -1.75553696158 -1.50952618880 -1.32898888383 -1.02726815804 -0.965067701619 -1.19243243634 -0.843014797508 -0.108458866519 -0.223583092080 -0.222897484991 0.449254424920 0.660826000460 0.554616328673 0.322726339300 0.253319403634 0.354785631054 0.259374597192 0.400508948060 0.398323877224 0.451601153614 0.563655266820 0.525035666479 0.682879725023 0.659758216244 0.534812327957 0.537497903151 0.783899381164 0.783899380333
# log_avg_NatM:
-0.103792151157
# m_dev:
 0.00000000000 0.00000000000 0.00000000000 0.00000000000 0.00000000000 0.00000000000 0.00000000000 0.00000000000 0.00000000000 0.00000000000 0.00000000000 0.00000000000 0.00000000000 0.00000000000 0.00000000000 0.00000000000 0.00000000000 0.00000000000 0.00000000000 0.00000000000 0.00000000000 0.00000000000 0.00000000000 0.00000000000 0.00000000000 0.00000000000 0.00000000000 0.00000000000
# log_avg_GrowthK:
-1.02151300000
# log_avg_Linf:
3.36611700000
# GrowthK_dev:
 0.00000000000 0.00000000000 0.00000000000 0.00000000000 0.00000000000 0.00000000000 0.00000000000 0.00000000000 0.00000000000 0.00000000000 0.00000000000 0.00000000000 0.00000000000 0.00000000000 0.00000000000 0.00000000000 0.00000000000 0.00000000000 0.00000000000 0.00000000000 0.00000000000 0.00000000000 0.00000000000 0.00000000000 0.00000000000 0.00000000000 0.00000000000 0.00000000000
# Linf_dev:
 0.00000000000 0.00000000000 0.00000000000 0.00000000000 0.00000000000 0.00000000000 0.00000000000 0.00000000000 0.00000000000 0.00000000000 0.00000000000 0.00000000000 0.00000000000 0.00000000000 0.00000000000 0.00000000000 0.00000000000 0.00000000000 0.00000000000 0.00000000000 0.00000000000 0.00000000000 0.00000000000 0.00000000000 0.00000000000 0.00000000000 0.00000000000 0.00000000000
# SelPars50:
2.05368880603
# SelPars95:
3.20458520199
# SelPars_dev50:
 0.00000000000 0.00000000000 0.00000000000 0.00000000000 0.00000000000 0.00000000000 0.00000000000 0.00000000000 0.00000000000 0.00000000000 0.00000000000 0.00000000000 0.00000000000 0.00000000000 0.00000000000 0.00000000000 0.00000000000 0.00000000000 0.00000000000 0.00000000000 0.00000000000 0.00000000000 0.00000000000 0.00000000000 0.00000000000 0.00000000000 0.00000000000 0.00000000000
# SelPars_dev95:
 0.00000000000 0.00000000000 0.00000000000 0.00000000000 0.00000000000 0.00000000000 0.00000000000 0.00000000000 0.00000000000 0.00000000000 0.00000000000 0.00000000000 0.00000000000 0.00000000000 0.00000000000 0.00000000000 0.00000000000 0.00000000000 0.00000000000 0.00000000000 0.00000000000 0.00000000000 0.00000000000 0.00000000000 0.00000000000 0.00000000000 0.00000000000 0.00000000000
