# Number of parameters = 241 Objective function value = 102064.  Maximum gradient component = 0.00102288
# srv_sel50:
1.98163381929
# srv_sel95:
9.01885734304
# stNatLen:
 8.06033248287 7.69033901938 7.33951852270 7.03420671478 6.75511590148 6.48230037143 6.20381292656 5.93090541700 5.68315717483 5.47076795638 5.29599089277 5.15735411825 5.05316710271 4.98310669318 4.94701623871
# log_avg_fmort_dir:
0.0476084171164
# fmort_dir_dev:
 -2.10443224085 -1.70292217692 -1.76450653476 -1.66404274485 -1.72495759946 -1.73648779775 -1.66472606515 -1.65433290380 -1.66177940203 -1.74642042260 -1.74754936674 -1.70381405903 -1.70019399850 -1.75933072174 -1.74480519175 -1.75041838762 -1.61828756070 -1.64461226475 -1.73375670246 -1.70630169410 -1.68261200254 -1.78528174377 -1.67983398685 -1.82318927546 -1.78017040686 -1.67970287525 -1.74638543603 -1.74366454542 -1.81538413247 -1.72019832984 -1.75069225838 -1.72690155724 -1.73781837274 -1.66754728577 -1.71740455677 -1.80389387099 -1.66423727161 -1.73219432038 -1.76972141809 -1.74318510421 -1.63325573609 -1.45932241690 -1.20882096288 -1.14042086655 -1.03986937870 -0.939877517650 -0.803848979724 -0.732765323409 -0.735999412266 -0.580970296636 -0.600553738276 -0.514834322473 -0.461070571885 -0.400144041755 -0.385991661603 -0.197240077219 -0.185346180806 -0.181488750046 -0.213139121696 -0.106157438666 -0.0988535512824 0.00199819375367 0.0713628270786 0.0557079222512 0.118674485923 0.123466790202 0.111811120020 0.223510435984 0.354934940603 0.534473703631 0.513481978093 0.491741824910 0.612220745608 0.753397219732 0.782641687763 0.977021237236 0.895794933710 1.02983855000 1.14922561579 1.20708793612 1.26293672485 1.20487205118 1.30228268945 1.24874783909 1.29149650447 1.23815294921 1.32947633319 1.22876544786 1.35856743212 1.37182847776 1.22904941866 1.34374422523 1.32663938017 1.36660276772 1.52605199856 1.72653373936 4.00171043717 3.81498844343 3.85411590623 3.78237900098 3.76310708335 3.81005772519 3.80147655228 3.88712822827 3.87735336354 3.87600720139 3.81396779253 3.79056859169 3.88553096876 1.60113551062
# mean_log_rec:
8.06270442942
# rec_dev:
 -0.0184699479128 -0.0550937634279 -0.0699983624704 -0.0707147754813 -0.0718524703577 -0.0728035144972 -0.0729533118524 -0.0740616096417 -0.0759055127139 -0.0827077962237 -0.0919869966696 -0.0950652992152 -0.0921355044057 -0.0805584400362 -0.0739248534778 -0.0780948725833 -0.0787113398905 -0.0811824285664 -0.0856683415435 -0.0887557200634 -0.0860703191630 -0.0762973160036 -0.0700680418209 -0.0708756674693 -0.0750219030635 -0.0770275381652 -0.0772708658318 -0.0836166913094 -0.0889394337500 -0.0863896049936 -0.0920035348200 -0.107920054936 -0.121232196857 -0.128765983863 -0.135563424050 -0.142204065107 -0.153790163741 -0.164993744081 -0.175338980937 -0.192560141629 -0.216466767492 -0.236685972436 -0.248711139879 -0.251929312159 -0.255508653813 -0.259085033564 -0.258069040924 -0.255458402519 -0.242268963283 -0.225413715090 -0.214845659383 -0.196052486839 -0.175129122594 -0.183803640460 -0.211692392405 -0.214246214986 -0.196787339844 -0.189856297760 -0.185898287491 -0.185234895001 -0.184265074277 -0.178212117998 -0.177766097398 -0.185218114048 -0.175306109187 -0.154485301633 -0.121726239436 -0.0706669950715 -0.0176505567198 0.0192197681187 0.0677610597669 0.135669727986 0.197231770032 0.238471249805 0.285383554784 0.324483455538 0.384102099558 0.424467260555 0.471042117750 0.475573380989 0.490869351106 0.517257106848 0.538927573043 0.529656816169 0.503386907150 0.519440396501 0.553367804331 0.551475991112 0.527574292342 0.559579583164 0.604589191856 0.600799878910 0.578067857671 0.557081574278 0.288649117597 -0.117795450500 -0.279397914355 -0.248810567605 -0.268581035460 -0.266083922821 -0.289479579123 -0.312325268742 -0.316303710362 -0.265845691123 -0.281786881046 -0.280816044160 -0.295503487353 -0.214520660987 0.939077889592 0.939077913392
# log_avg_NatM:
-1.14665100000
# m_dev:
 0.00000000000 0.00000000000 0.00000000000 0.00000000000 0.00000000000 0.00000000000 0.00000000000 0.00000000000 0.00000000000 0.00000000000 0.00000000000 0.00000000000 0.00000000000 0.00000000000 0.00000000000 0.00000000000 0.00000000000 0.00000000000 0.00000000000 0.00000000000 0.00000000000 0.00000000000 0.00000000000 0.00000000000 0.00000000000 0.00000000000 0.00000000000 0.00000000000 0.00000000000 0.00000000000 0.00000000000 0.00000000000 0.00000000000 0.00000000000 0.00000000000 0.00000000000 0.00000000000 0.00000000000 0.00000000000 0.00000000000 0.00000000000 0.00000000000 0.00000000000 0.00000000000 0.00000000000 0.00000000000 0.00000000000 0.00000000000 0.00000000000 0.00000000000 0.00000000000 0.00000000000 0.00000000000 0.00000000000 0.00000000000 0.00000000000 0.00000000000 0.00000000000 0.00000000000 0.00000000000 0.00000000000 0.00000000000 0.00000000000 0.00000000000 0.00000000000 0.00000000000 0.00000000000 0.00000000000 0.00000000000 0.00000000000 0.00000000000 0.00000000000 0.00000000000 0.00000000000 0.00000000000 0.00000000000 0.00000000000 0.00000000000 0.00000000000 0.00000000000 0.00000000000 0.00000000000 0.00000000000 0.00000000000 0.00000000000 0.00000000000 0.00000000000 0.00000000000 0.00000000000 0.00000000000 0.00000000000 0.00000000000 0.00000000000 0.00000000000 0.00000000000 0.00000000000 0.00000000000 0.00000000000 0.00000000000 0.00000000000 0.00000000000 0.00000000000 0.00000000000 0.00000000000 0.00000000000 0.00000000000 0.00000000000 0.00000000000 0.00000000000 0.00000000000
# log_avg_GrowthK:
-0.967584000000
# log_avg_Linf:
3.40453700000
# GrowthK_dev:
 0.00000000000 0.00000000000 0.00000000000 0.00000000000 0.00000000000 0.00000000000 0.00000000000 0.00000000000 0.00000000000 0.00000000000 0.00000000000 0.00000000000 0.00000000000 0.00000000000 0.00000000000 0.00000000000 0.00000000000 0.00000000000 0.00000000000 0.00000000000 0.00000000000 0.00000000000 0.00000000000 0.00000000000 0.00000000000 0.00000000000 0.00000000000 0.00000000000 0.00000000000 0.00000000000 0.00000000000 0.00000000000 0.00000000000 0.00000000000 0.00000000000 0.00000000000 0.00000000000 0.00000000000 0.00000000000 0.00000000000 0.00000000000 0.00000000000 0.00000000000 0.00000000000 0.00000000000 0.00000000000 0.00000000000 0.00000000000 0.00000000000 0.00000000000 0.00000000000 0.00000000000 0.00000000000 0.00000000000 0.00000000000 0.00000000000 0.00000000000 0.00000000000 0.00000000000 0.00000000000 0.00000000000 0.00000000000 0.00000000000 0.00000000000 0.00000000000 0.00000000000 0.00000000000 0.00000000000 0.00000000000 0.00000000000 0.00000000000 0.00000000000 0.00000000000 0.00000000000 0.00000000000 0.00000000000 0.00000000000 0.00000000000 0.00000000000 0.00000000000 0.00000000000 0.00000000000 0.00000000000 0.00000000000 0.00000000000 0.00000000000 0.00000000000 0.00000000000 0.00000000000 0.00000000000 0.00000000000 0.00000000000 0.00000000000 0.00000000000 0.00000000000 0.00000000000 0.00000000000 0.00000000000 0.00000000000 0.00000000000 0.00000000000 0.00000000000 0.00000000000 0.00000000000 0.00000000000 0.00000000000 0.00000000000 0.00000000000 0.00000000000 0.00000000000
# Linf_dev:
 0.00000000000 0.00000000000 0.00000000000 0.00000000000 0.00000000000 0.00000000000 0.00000000000 0.00000000000 0.00000000000 0.00000000000 0.00000000000 0.00000000000 0.00000000000 0.00000000000 0.00000000000 0.00000000000 0.00000000000 0.00000000000 0.00000000000 0.00000000000 0.00000000000 0.00000000000 0.00000000000 0.00000000000 0.00000000000 0.00000000000 0.00000000000 0.00000000000 0.00000000000 0.00000000000 0.00000000000 0.00000000000 0.00000000000 0.00000000000 0.00000000000 0.00000000000 0.00000000000 0.00000000000 0.00000000000 0.00000000000 0.00000000000 0.00000000000 0.00000000000 0.00000000000 0.00000000000 0.00000000000 0.00000000000 0.00000000000 0.00000000000 0.00000000000 0.00000000000 0.00000000000 0.00000000000 0.00000000000 0.00000000000 0.00000000000 0.00000000000 0.00000000000 0.00000000000 0.00000000000 0.00000000000 0.00000000000 0.00000000000 0.00000000000 0.00000000000 0.00000000000 0.00000000000 0.00000000000 0.00000000000 0.00000000000 0.00000000000 0.00000000000 0.00000000000 0.00000000000 0.00000000000 0.00000000000 0.00000000000 0.00000000000 0.00000000000 0.00000000000 0.00000000000 0.00000000000 0.00000000000 0.00000000000 0.00000000000 0.00000000000 0.00000000000 0.00000000000 0.00000000000 0.00000000000 0.00000000000 0.00000000000 0.00000000000 0.00000000000 0.00000000000 0.00000000000 0.00000000000 0.00000000000 0.00000000000 0.00000000000 0.00000000000 0.00000000000 0.00000000000 0.00000000000 0.00000000000 0.00000000000 0.00000000000 0.00000000000 0.00000000000 0.00000000000
# SelPars50:
3.05769694374
# SelPars95:
4.97166989586
# SelPars_dev50:
 0.00000000000 0.00000000000 0.00000000000 0.00000000000 0.00000000000 0.00000000000 0.00000000000 0.00000000000 0.00000000000 0.00000000000 0.00000000000 0.00000000000 0.00000000000 0.00000000000 0.00000000000 0.00000000000 0.00000000000 0.00000000000 0.00000000000 0.00000000000 0.00000000000 0.00000000000 0.00000000000 0.00000000000 0.00000000000 0.00000000000 0.00000000000 0.00000000000 0.00000000000 0.00000000000 0.00000000000 0.00000000000 0.00000000000 0.00000000000 0.00000000000 0.00000000000 0.00000000000 0.00000000000 0.00000000000 0.00000000000 0.00000000000 0.00000000000 0.00000000000 0.00000000000 0.00000000000 0.00000000000 0.00000000000 0.00000000000 0.00000000000 0.00000000000 0.00000000000 0.00000000000 0.00000000000 0.00000000000 0.00000000000 0.00000000000 0.00000000000 0.00000000000 0.00000000000 0.00000000000 0.00000000000 0.00000000000 0.00000000000 0.00000000000 0.00000000000 0.00000000000 0.00000000000 0.00000000000 0.00000000000 0.00000000000 0.00000000000 0.00000000000 0.00000000000 0.00000000000 0.00000000000 0.00000000000 0.00000000000 0.00000000000 0.00000000000 0.00000000000 0.00000000000 0.00000000000 0.00000000000 0.00000000000 0.00000000000 0.00000000000 0.00000000000 0.00000000000 0.00000000000 0.00000000000 0.00000000000 0.00000000000 0.00000000000 0.00000000000 0.00000000000 0.00000000000 0.00000000000 0.00000000000 0.00000000000 0.00000000000 0.00000000000 0.00000000000 0.00000000000 0.00000000000 0.00000000000 0.00000000000 0.00000000000 0.00000000000 0.00000000000 0.00000000000
# SelPars_dev95:
 0.00000000000 0.00000000000 0.00000000000 0.00000000000 0.00000000000 0.00000000000 0.00000000000 0.00000000000 0.00000000000 0.00000000000 0.00000000000 0.00000000000 0.00000000000 0.00000000000 0.00000000000 0.00000000000 0.00000000000 0.00000000000 0.00000000000 0.00000000000 0.00000000000 0.00000000000 0.00000000000 0.00000000000 0.00000000000 0.00000000000 0.00000000000 0.00000000000 0.00000000000 0.00000000000 0.00000000000 0.00000000000 0.00000000000 0.00000000000 0.00000000000 0.00000000000 0.00000000000 0.00000000000 0.00000000000 0.00000000000 0.00000000000 0.00000000000 0.00000000000 0.00000000000 0.00000000000 0.00000000000 0.00000000000 0.00000000000 0.00000000000 0.00000000000 0.00000000000 0.00000000000 0.00000000000 0.00000000000 0.00000000000 0.00000000000 0.00000000000 0.00000000000 0.00000000000 0.00000000000 0.00000000000 0.00000000000 0.00000000000 0.00000000000 0.00000000000 0.00000000000 0.00000000000 0.00000000000 0.00000000000 0.00000000000 0.00000000000 0.00000000000 0.00000000000 0.00000000000 0.00000000000 0.00000000000 0.00000000000 0.00000000000 0.00000000000 0.00000000000 0.00000000000 0.00000000000 0.00000000000 0.00000000000 0.00000000000 0.00000000000 0.00000000000 0.00000000000 0.00000000000 0.00000000000 0.00000000000 0.00000000000 0.00000000000 0.00000000000 0.00000000000 0.00000000000 0.00000000000 0.00000000000 0.00000000000 0.00000000000 0.00000000000 0.00000000000 0.00000000000 0.00000000000 0.00000000000 0.00000000000 0.00000000000 0.00000000000 0.00000000000 0.00000000000
