# Number of parameters = 78 Objective function value = 21641.0379919049  Maximum gradient component = 0.000441510263942422
# srv_sel50:
1.57817653529
# srv_sel95:
3.14631384052
# stNatLen:
 11.3458869992 10.8859394131 9.12863380899 7.82382320882 6.96959375313 6.37698896445 5.93601786300 5.59492534204 5.32622203194 5.11372945876 4.94727224209 4.82019507691 4.72808580699 4.66807839965 4.63845994649
# log_avg_fmort_dir:
0.740983569036
# fmort_dir_dev:
 -0.801854435156 -0.795796292979 -0.809481050817 -0.717887579877 -0.481639741985 -0.423701301683 -0.331614146215 -0.239253507799 -0.144581596000 -0.161418388534 -0.0455275915450 -0.00822331633652 0.0830509410480 0.0765102168023 0.0862245668834 0.119825919818 0.186479526240 0.148438659368 0.312912709056 0.356812523853 0.399915059620 0.498585007949 0.504854152266 0.522732953360 0.384807472698 0.541864792322 0.492548797084 0.245415650560
# mean_log_rec:
13.7730410976
# rec_dev:
 -2.07485585269 -1.53919582954 -1.38697522834 -1.16920357558 -0.904481075404 -0.815841080842 -0.684252860289 -0.468499690704 -0.0406385023158 0.0331808626066 0.203067851771 0.564130698621 0.619061702187 0.402778342113 0.361802311783 0.350164611853 0.345761569471 0.410141699905 0.344507030857 0.456711339839 0.461431069762 0.460200085257 0.643114609046 0.783270589654 0.755785183143 0.623435561716 0.632699277297 0.632699298829
# log_avg_NatM:
-0.435055588935
# m_dev:
 0.00000000000 0.00000000000 0.00000000000 0.00000000000 0.00000000000 0.00000000000 0.00000000000 0.00000000000 0.00000000000 0.00000000000 0.00000000000 0.00000000000 0.00000000000 0.00000000000 0.00000000000 0.00000000000 0.00000000000 0.00000000000 0.00000000000 0.00000000000 0.00000000000 0.00000000000 0.00000000000 0.00000000000 0.00000000000 0.00000000000 0.00000000000 0.00000000000
# log_avg_GrowthK:
-1.18630400000
# log_avg_Linf:
3.44583300000
# GrowthK_dev:
 0.00000000000 0.00000000000 0.00000000000 0.00000000000 0.00000000000 0.00000000000 0.00000000000 0.00000000000 0.00000000000 0.00000000000 0.00000000000 0.00000000000 0.00000000000 0.00000000000 0.00000000000 0.00000000000 0.00000000000 0.00000000000 0.00000000000 0.00000000000 0.00000000000 0.00000000000 0.00000000000 0.00000000000 0.00000000000 0.00000000000 0.00000000000 0.00000000000
# Linf_dev:
 0.00000000000 0.00000000000 0.00000000000 0.00000000000 0.00000000000 0.00000000000 0.00000000000 0.00000000000 0.00000000000 0.00000000000 0.00000000000 0.00000000000 0.00000000000 0.00000000000 0.00000000000 0.00000000000 0.00000000000 0.00000000000 0.00000000000 0.00000000000 0.00000000000 0.00000000000 0.00000000000 0.00000000000 0.00000000000 0.00000000000 0.00000000000 0.00000000000
# SelPars50:
1.55827985455
# SelPars95:
2.53057257273
# SelPars_dev50:
 0.00000000000 0.00000000000 0.00000000000 0.00000000000 0.00000000000 0.00000000000 0.00000000000 0.00000000000 0.00000000000 0.00000000000 0.00000000000 0.00000000000 0.00000000000 0.00000000000 0.00000000000 0.00000000000 0.00000000000 0.00000000000 0.00000000000 0.00000000000 0.00000000000 0.00000000000 0.00000000000 0.00000000000 0.00000000000 0.00000000000 0.00000000000 0.00000000000
# SelPars_dev95:
 0.00000000000 0.00000000000 0.00000000000 0.00000000000 0.00000000000 0.00000000000 0.00000000000 0.00000000000 0.00000000000 0.00000000000 0.00000000000 0.00000000000 0.00000000000 0.00000000000 0.00000000000 0.00000000000 0.00000000000 0.00000000000 0.00000000000 0.00000000000 0.00000000000 0.00000000000 0.00000000000 0.00000000000 0.00000000000 0.00000000000 0.00000000000 0.00000000000
