#Simulated generalized assessment 
# 
#start/end year 
73 100 
#number of ages 
15 
#ages 
1 2 3 4 5 6 7 8 9 10 11 12 13 14 15 
#Number of length bins 
25 
#CPUE years 
28 
#years for CPUE 
73 74 75 76 77 78 79 80 81 82 83 84 85 86 87 88 89 90 91 92 93 94 95 96 97 98 99 100 
#survey years 
28 
#years for survey 
73 74 75 76 77 78 79 80 81 82 83 84 85 86 87 88 89 90 91 92 93 94 95 96 97 98 99 100 
#length freq from catch years 
28 
#years for length freq catch 
73 74 75 76 77 78 79 80 81 82 83 84 85 86 87 88 89 90 91 92 93 94 95 96 97 98 99 100 
#catch length sample sizes 
200 200 200 200 200 200 200 200 200 200 200 200 200 200 200 200 200 200 200 200 200 200 200 200 200 200 200 200 
#length freq from survey years 
28 
#years for length freq survey 
73 74 75 76 77 78 79 80 81 82 83 84 85 86 87 88 89 90 91 92 93 94 95 96 97 98 99 100 
#survey sample sizes 
200 200 200 200 200 200 200 200 200 200 200 200 200 200 200 200 200 200 200 200 200 200 200 200 200 200 200 200 
#total survey biomass 
72375.67 76189.65 40000.65 70606.36 88821.81 120823.1 168388.4 203418.8 341124.9 378116.3 303278.7 422807.9 531611 265954.9 627313.1 271236 244925.3 379464 375905.5 552366 285567.1 490053.5 471341.3 623851.3 444199.4 391017 626050.7 574864.3 
#survey CV 
0.2 0.2 0.2 0.2 0.2 0.2 0.2 0.2 0.2 0.2 0.2 0.2 0.2 0.2 0.2 0.2 0.2 0.2 0.2 0.2 0.2 0.2 0.2 0.2 0.2 0.2 0.2 0.2 
#total CPUE 
79161.48 63304.33 39835.5 72104.92 115726.5 94818.54 156382.3 249729 383912.8 257696.3 363485 297398.1 305887.4 309750.6 748999.1 449038.6 302905.2 415502.1 339508.4 445479.6 381817.7 443086.9 389895.6 465452.9 617866.1 558867.1 543303 640165.6 
#CPUE CV 
0.2 0.2 0.2 0.2 0.2 0.2 0.2 0.2 0.2 0.2 0.2 0.2 0.2 0.2 0.2 0.2 0.2 0.2 0.2 0.2 0.2 0.2 0.2 0.2 0.2 0.2 0.2 0.2 
#total catch biomass 
16536.65 15539.67 12592.09 9673.403 18064.86 32772.99 39161.25 59118.07 77923.42 123250.6 154267.1 155967.1 144097.1 173376.8 171355 200522.1 186709.3 171187.5 172817.6 149006.7 167598.3 172026.8 181800.5 236926.7 245834.1 210277 214927.5 231449.6 
#catch CV 
0.1 0.1 0.1 0.1 0.1 0.1 0.1 0.1 0.1 0.1 0.1 0.1 0.1 0.1 0.1 0.1 0.1 0.1 0.1 0.1 0.1 0.1 0.1 0.1 0.1 0.1 0.1 0.1 
#Length Bins 
0.6062379 1.818714 3.03119 4.243665 5.456141 6.668617 7.881093 9.093569 10.30604 11.51852 12.731 13.94347 15.15595 16.36842 17.5809 18.79338 20.00585 21.21833 22.4308 23.64328 24.85575 26.06823 27.28071 28.49318 29.70566 
#catch length counts 
1.713227e-06 8.058196e-05 0.002624502 0.05918917 0.9243248 9.995304 74.84543 388.1209 1394.245 3473.981 6033.741 7446.054 6985.226 5942.002 5603.139 5628.041 5330.803 4791.198 4236.54 3653.683 3022.957 2357.218 1670.23 1024.995 519.3844 
1.710266e-06 8.044268e-05 0.002619966 0.05908688 0.9227277 9.978054 74.71683 387.4659 1392.06 3470.2 6038.519 7505.221 7209.637 6470.527 6449.124 6578.657 6118.739 5343.284 4654.063 4022.396 3342.772 2603.092 1836.803 1122.326 565.6377 
2.24878e-07 1.057718e-05 0.0003444922 0.007769206 0.1213295 1.312101 9.827747 51.01777 184.0507 466.2909 862.4706 1312.054 2022.546 3340.381 4971.533 5973.643 5968.159 5455.652 4847.65 4169.215 3424.808 2650.266 1865.876 1137.364 571.1077 
4.708474e-10 2.214685e-08 7.21368e-07 1.6274e-05 0.0002544725 0.002765961 0.02113377 0.1182888 0.549101 2.598016 12.98129 56.73935 190.5702 486.0307 999.1088 1789.861 2856.304 3902.851 4444.242 4305.236 3703.249 2896.067 2033.261 1233.559 617.0891 
8.437353e-06 0.0003968524 0.01292522 0.2914964 4.552128 49.22457 368.5833 1911.065 6861.223 17057.44 29363.82 35002.61 28893.48 16525.29 6589.681 1974.391 824.5288 1069.809 1751.698 2395.116 2645.814 2389.355 1788.407 1107.674 555.8822 
5.844731e-06 0.000274908 0.008953574 0.2019259 3.153368 34.09948 255.3429 1324.196 4758.069 11866.96 20689.05 25895.18 25417.75 23707.4 23814.41 22243.32 16104.47 8449.346 3407.544 1584.026 1399.189 1488.896 1315.451 903.7963 477.9028 
1.229275e-05 0.0005781916 0.01883132 0.4246939 6.632203 71.71779 537.0157 2784.531 9999.511 24882.3 42990.77 51991.06 45382.56 31695.66 22224.23 18422.61 16335.24 13701.91 10063.89 6019.879 2927.313 1391.647 840.7778 564.469 319.6198 
1.819726e-05 0.0008559112 0.02787647 0.6286849 9.81782 106.1659 794.9675 4122.219 14805.5 36863.26 63840.91 77910.94 70264.64 53791.08 43180.12 37047.59 29018.8 20037.4 13429.54 9144.352 5804.862 3141.335 1452.343 630.6961 274.1073 
2.365847e-05 0.00111278 0.03624252 0.8173607 12.76426 138.0276 1033.546 5359.34 19248.73 47925.66 82995.75 101273.2 91303.22 69918.04 56492.36 49587.87 40690.06 29807.09 20342.58 13127.63 7884.05 4348.501 2140.406 906.1765 327.0638 
3.22823e-05 0.001518404 0.04945342 1.1153 17.41701 188.3406 1410.289 7312.908 26265.36 65397.26 113262.8 138254.5 124800.8 95898.55 77882.09 68622.52 56547.83 41926.73 29399.43 19661.76 12084.24 6648.465 3226.155 1351.856 475.9597 
3.229248e-05 0.001518883 0.04946901 1.115652 17.42251 188.4003 1410.744 7315.427 26276.7 65448.05 113504.9 139276.9 128062.6 103324.9 89868.31 82642.21 69140.71 51549.77 36360.63 24606.49 15434.1 8704.546 4305.741 1815.671 634.6208 
3.656175e-05 0.001719688 0.05600913 1.263148 19.72586 213.3074 1597.236 8282.223 29745.65 74051.41 128173.9 156093.5 139749.6 105028 82732.31 72224.74 60869.99 47312.97 35012.88 24489.87 15660.13 8976.334 4522.688 1943.166 688.7245 
4.594509e-05 0.002161036 0.07038351 1.587326 24.78838 268.0512 2007.152 10407.7 37378.15 93041.12 160965.3 195659.8 173965.9 128059.5 97059.44 81111.75 64899.01 47184.46 33041.53 22838.02 14966.35 8884.35 4611.557 2026.772 731.6392 
5.442444e-05 0.002559864 0.08337308 1.880274 29.36318 317.5215 2377.588 12328.65 44278.87 110236.2 190836 232546.1 208619.3 157486.8 124116.2 106105.7 84437.35 59478.72 39393.76 25487.91 15804.71 9130.416 4755.379 2135.045 790.4289 
4.854236e-05 0.002283199 0.07436229 1.677058 26.18968 283.2046 2120.63 10996.34 39495.42 98343.02 170354 208092.4 188315.6 145653.7 119248.7 105068.2 85437.19 61527.2 41374.15 26514.46 15803.3 8629.478 4273.33 1864.674 686.7013 
6.082637e-05 0.002860979 0.09318022 2.10145 32.81715 354.8708 2657.245 13778.5 49482.19 123152 212933.8 258241.9 227719.3 163647 119214.6 97172.14 77835.36 57214.1 39814.22 26305.16 15933.32 8652.84 4163.411 1742.248 617.1102 
5.728207e-05 0.002694272 0.08775069 1.979 30.90494 334.1936 2502.434 12976.15 46606.2 116048.1 201018.8 245526 222094.3 171464.3 139546.1 121214.6 95765.36 65859.93 42376.94 26826.77 16255.95 8996.976 4387.349 1829.06 634.7607 
4.898313e-05 0.00230393 0.0750375 1.692286 26.42747 285.7759 2139.877 11096.02 39851.6 99211.85 171735.8 209200.3 187460.8 141140 111097.1 95783.12 78061.55 57061.13 38855.99 24821.11 14503.24 7680.596 3657.464 1519.275 528.1686 
4.671845e-05 0.002197411 0.07156823 1.614045 25.20563 272.5636 2040.949 10583.14 38011.01 94643.72 163924.4 200137.3 180790.8 139148.8 113096.6 99180.8 80601.18 58333.4 39804.09 26095.62 15822.87 8567.083 4057.431 1648.393 560.9815 
4.843988e-05 0.002278379 0.0742053 1.673517 26.13438 282.6066 2116.149 10973.04 39410.81 98123.26 169911.3 207260.3 186633.2 142446.8 114513.4 100194.2 82267.25 60731.6 42268.86 28032.59 17152.26 9436.282 4564.038 1882.763 642.1421 
4.954488e-05 0.002330352 0.07589805 1.711693 26.73055 289.0532 2164.418 11223.27 40308.65 100349.9 173707.1 211607.9 189634.9 142795.7 112361.3 96709.54 78638.95 57652.28 40079.53 26812.96 16667.53 9329.189 4586.22 1922.064 665.1773 
4.949704e-05 0.002328102 0.07582477 1.710041 26.70474 288.7743 2162.334 11212.56 40271.53 100270.8 173660.9 211979.2 191341.9 146964.7 119088.9 104244.6 84682.16 61300.72 41891.21 27661.94 17120.56 9629.634 4791.494 2039.662 717.1977 
5.623125e-05 0.002644847 0.08614094 1.942696 30.33799 328.0626 2456.519 12737.92 45748.58 113893.1 197152.9 240179.9 215277.4 162199.4 127809.4 110278.1 90018.47 66261.29 46033.82 30530.36 18755.18 10439.84 5167.296 2205.345 782.3661 
6.233141e-05 0.002931769 0.0954858 2.153447 33.62916 363.6518 2723.006 14119.67 50710.04 126233.8 218438.7 265750.6 237026.9 176063.7 135440.2 114395.6 91736.38 66208.37 45269.21 29931.5 18509.74 10364.93 5129.431 2180.788 771.7336 
5.945399e-05 0.002796429 0.09107786 2.054037 32.07674 346.8649 2597.316 13468.14 48373.06 120445.5 208622.4 254750.5 230250.7 177447.6 144363.9 126274.6 101709 72339.48 48257.15 31118.84 18885.68 10471.57 5171.863 2201.735 779.7103 
6.493476e-05 0.003054218 0.09947389 2.243388 35.03372 378.8401 2836.73 14709.28 52826.42 131490.3 227454.4 276340.8 245260.1 179651.1 135243.9 112975.8 91169.11 66854.15 46169.27 30221.34 18189.98 9886.717 4789.347 2013.221 708.7271 
6.388289e-05 0.003004743 0.09786252 2.207048 34.46623 372.7041 2790.805 14471.57 51978.72 129439.7 224312.4 274433.8 249719.5 195935.5 163445.2 144888 116573.5 82183.65 54394.1 35065.49 21327.98 11757.49 5709.048 2377.182 825.5429 
6.071571e-05 0.002855775 0.09301071 2.097627 32.75746 354.2259 2652.431 13753.86 49398.23 122987.8 212955.8 259714.2 233706.1 178083.8 142999.5 125544.6 104118.5 77968.74 54727.27 36050.09 21663.24 11727.33 5652.633 2355.932 818.3981 
#survey length counts 
8.809783e-06 0.0004143697 0.01349575 0.3043634 4.753078 51.39807 384.8734 1995.846 7170.152 17870.33 31070.32 38495.12 36592.9 32073.7 31160.69 31396.32 29107.29 25415.62 22149.02 19150.81 15918.97 12398.2 8749.157 5346.157 2694.456 
1.064343e-06 5.006156e-05 0.001630474 0.03677147 0.5742488 6.210099 46.51307 241.4362 870.682 2202.737 4053.255 6073.181 9121.041 14764.79 21803.85 26147.79 26123.42 23894.18 21243.96 18278.11 15018.21 11623.44 8183.961 4988.836 2505.117 
1.860824e-09 8.752588e-08 2.850879e-06 6.431409e-05 0.00100557 0.01092593 0.08336298 0.464205 2.123243 9.803654 48.10736 208.8128 700.031 1784.954 3670.647 6579.883 10506.06 14360.49 16356.23 15847.54 13633.79 10663.36 7487.065 4542.523 2272.456 
3.125251e-05 0.001469968 0.04787588 1.079722 16.86138 182.3311 1365.257 7078.712 25414.43 63181.88 108765.5 129651.9 107022.8 61207.7 24395.17 7267.985 2934.607 3710.285 6058.8 8283.602 9151.13 8264.506 6186.139 3831.579 1922.903 
1.992925e-05 0.0009373758 0.03052972 0.6885227 10.75229 116.2716 870.6592 4515.137 16222.8 40452.18 70466.26 87923.46 85444.76 78057.88 76832.85 71087.26 51318.43 26905.13 10852.25 5051.49 4467.852 4755.712 4201.909 2887.017 1526.592 
4.300551e-05 0.002022772 0.06588035 1.485769 23.2024 250.9007 1878.717 9741.48 34982.01 87042.18 150351.5 181653.6 157993.7 109088.4 74767.09 60752.53 53470.87 44797.79 32910.18 19690.87 9577.163 4554.324 2752.376 1848.09 1046.481 
5.664083e-05 0.002664112 0.08676837 1.956846 30.55897 330.4522 2474.413 12830.73 46082.15 114726.1 198611.4 242031.9 217148.3 163871.4 128712.1 108834 84825.65 58528.8 39250.79 26744.14 16983.41 9192.25 4250.341 1845.936 802.3236 
7.090257e-05 0.003334915 0.108616 2.449566 38.25349 413.6577 3097.452 16061.4 57685.14 143611.8 248610.6 302933.2 271736.9 205200.1 162298.9 140455.4 114716.8 83985.2 57347.41 37028.22 22246.12 12272.81 6041.719 2558.066 923.3211 
8.509191e-05 0.004002314 0.1303527 2.939784 45.90895 496.4408 3717.33 19275.73 69230.07 172359.1 298412.4 363788.7 326878.2 248005.2 197587.2 171915 141092.2 104570.8 73370.39 49096.96 30185.94 16611.08 8061.552 3378.309 1189.49 
7.651085e-05 0.003598702 0.1172074 2.643323 41.2793 446.3782 3342.481 17332.37 62255.65 155047.4 268796.6 329366.7 301368.5 240104.3 205334 186968.2 155973 116283.8 82078.2 55579.15 34874.1 19672.51 9732.329 4104.301 1434.619 
8.657082e-05 0.004071874 0.1326183 2.990878 46.70685 505.0686 3781.927 19610.51 70430.07 175322.8 303380.7 369080.2 329193.9 244766.9 189536.3 163516.9 137286.7 106683.2 78998.19 55285.78 35364.42 20274.85 10216.66 4389.903 1556.001 
0.0001072867 0.005046249 0.164353 3.706576 57.8835 625.928 4686.907 24302.95 87280.19 217243.2 375749.9 456312 404338.4 294702.2 219674.9 181344 144482.9 104999.5 73576.32 50888.38 33361.26 19808.05 10282.87 4519.617 1631.593 
0.0001155981 0.00543718 0.1770854 3.993724 62.36773 674.419 5050.017 26186.06 94046.93 234124.1 405208.9 493318.9 441098.4 329900.7 256234.8 216878.9 172027.1 121153.4 80300.38 51991.69 32253.56 18637.56 9708.313 4359.121 1613.887 
0.0001027062 0.004830804 0.1573361 3.548328 55.41224 599.2056 4486.834 23265.98 83562.74 208056.1 360309.1 439682.3 396462.8 303647.8 245022.6 213886.5 173425.6 124882.7 84038.83 53891.89 32134.21 17551.38 8692.777 3793.444 1397.076 
0.000129645 0.006097878 0.1986039 4.47902 69.9463 756.3697 5663.633 29367.31 105464.4 262469.1 453732.5 549877.1 483587.6 344732.9 247537.4 199487.2 159146.8 116940.5 81430.45 53834.32 32620.4 17718.99 8526.887 3568.526 1264.051 
0.0001155796 0.005436307 0.177057 3.993083 62.35773 674.3113 5049.224 26182.19 94036.67 234134.3 405470.5 494785.6 446091.4 341317.5 274120.5 236081.1 186014.5 127917.5 82372.37 52186.36 31637.7 17514.5 8542.079 3561.43 1236.026 
0.0001105522 0.005199843 0.1693555 3.819394 59.64533 644.98 4829.578 25042.96 89940.87 223896.2 387465.2 471523.6 421015.5 313791.7 243072.3 207265.3 168310.7 122998.4 83810.45 53570.49 31313.86 16587.09 7899.901 3281.841 1140.975 
0.0001067756 0.005022209 0.16357 3.688919 57.60777 622.9471 4664.606 24187.74 86872.48 216288.2 374506.9 456731.7 410947.3 312866.6 250180 217078 175819.5 127219.1 86868.64 56987.96 34567.62 18720.32 8867.262 3602.761 1226.156 
0.0001082954 0.005093694 0.1658983 3.741426 58.42774 631.8138 4730.996 24531.91 88107.39 219350.9 379728.3 462716.8 415116.5 313572.5 248124 214826.8 175803.7 129760 90374.23 59973.2 36709.59 20200.19 9771.525 4031.288 1374.992 
0.0001147199 0.005395872 0.17574 3.963382 61.8939 669.2952 5011.648 25987.05 93331.56 232336.8 402071.7 489295.7 436867.5 325534.6 251941.1 214379.6 173668.4 127282.8 88545.15 59273.2 36859.48 20635.55 10145.74 4252.364 1471.703 
0.0001144155 0.005381553 0.1752736 3.952865 61.72966 667.5195 4998.362 25918.37 93087.84 231759.4 401272.4 489265.5 439872 334158.9 266333.6 230619.5 186695 135115.3 92397.2 61051.97 37801.28 21266.5 10583.15 4505.427 1584.297 
0.0001241543 0.00583962 0.1901926 4.289325 66.98396 724.337 5423.799 28124.21 101007.2 251446.1 435153.3 529610.4 473050.6 352930.1 273816.7 233751.2 190150.3 139937.9 97285.92 64562.03 39676.47 22090.4 10935.35 4667.465 1655.904 
0.000138117 0.006496357 0.2115821 4.771712 74.51713 805.7973 6033.761 31286.89 112363.5 279692.7 483875 588142.1 522843.8 384697.1 291371.3 243375.5 194438.7 140287.7 95985.74 63506.38 39288.17 22005.22 10891.47 4630.899 1638.853 
0.0001299012 0.006109926 0.1989963 4.48787 70.08455 757.8659 5674.875 29426.4 105688 263137.5 455653.5 555817.6 500485.3 381775.8 305892.9 264925.6 212720.3 151270.9 100984.3 65164.81 39564.45 21942.59 10838.88 4614.64 1634.281 
0.0001543136 0.00725817 0.2363938 5.331279 83.25557 900.2908 6741.314 34955.57 125536.3 312453.7 540358.7 655885.6 580140.9 420726.6 311389.8 256837.5 206350.4 151242.7 104510.6 68450.93 41215.41 22406.68 10855.83 4563.68 1606.662 
0.0001427841 0.006715877 0.2187317 4.932954 77.03518 833.0276 6237.696 32345.08 116174.2 289279.7 501154.7 612417.7 554966.2 430657.5 353637.4 310428.8 249006.2 175521.8 116255.4 74997.21 45635.11 25163.19 12220.07 5088.709 1767.283 
0.0001438426 0.006765663 0.2203532 4.969523 77.60624 839.2021 6283.91 32584.29 117027.3 291344.2 504323.2 614373.9 550650.6 414955.6 327552.6 284301.9 234925 175878 123529 81418.21 48943.48 26501.32 12775.58 5325.125 1849.921 
0.0001211785 0.005699654 0.185634 4.186517 65.37851 706.9774 5293.847 27451.09 98600.21 245557.2 425666 521385.5 476414.6 378153.3 321484.6 290978.6 241010.8 178071.4 124830.2 84359.84 52813.63 29537.32 14406.33 5987.25 2067.22 
