# Number of parameters = 77 Objective function value = 19566.8342464584  Maximum gradient component = 0.0156835941870517
# srv_sel50:
0.963518929085
# srv_sel95:
1.08081227747
# stNatLen:
 10.4887917375 9.28329227941 7.85063680890 6.87646421326 6.21853614203 5.73536117863 5.36267797250 5.06777855544 4.83188323337 4.64332313554 4.49446857271 4.38018612960 4.29700246973 4.24262787270 4.21568501024
# log_avg_fmort_dir:
0.714952025667
# fmort_dir_dev:
 -0.544227446440 -0.225598383196 -0.260094332152 -0.138491888622 -0.158445134137 -0.0930478041469 -0.0809788231971 -0.157412364776 -0.168875912198 -0.0674581210214 -0.0584611733353 -0.0559755274599 0.0103802446746 0.0216655172928 0.107355187337 0.112051185064 0.122966892163 0.0873536309786 0.210965345952 0.0545253922338 0.225462978495 0.131284588035 0.248197394479 0.148782277683 0.188925476985 0.201044972178 0.226103834374 -0.0879980072406
# mean_log_rec:
13.3003853085
# rec_dev:
 -2.39505402133 -2.06321190402 -1.65435876297 -1.43116767768 -1.48353748802 -1.34941446858 -0.897608759076 -0.494806428204 -0.228886169190 -0.00632641458018 0.328007662061 0.627256511541 0.756546482455 0.651184485510 0.527822932350 0.539513486590 0.523950446602 0.501337913846 0.468233494035 0.589852219034 0.569202908216 0.653849604063 0.688931480931 0.839354420510 0.871442174531 0.900619527705 0.983633172391 0.983633171285
# log_avg_NatM:
-1.36837500000
# m_dev:
 0.00000000000 0.00000000000 0.00000000000 0.00000000000 0.00000000000 0.00000000000 0.00000000000 0.00000000000 0.00000000000 0.00000000000 0.00000000000 0.00000000000 0.00000000000 0.00000000000 0.00000000000 0.00000000000 0.00000000000 0.00000000000 0.00000000000 0.00000000000 0.00000000000 0.00000000000 0.00000000000 0.00000000000 0.00000000000 0.00000000000 0.00000000000 0.00000000000
# log_avg_GrowthK:
-1.19613400000
# log_avg_Linf:
3.45239700000
# GrowthK_dev:
 0.00000000000 0.00000000000 0.00000000000 0.00000000000 0.00000000000 0.00000000000 0.00000000000 0.00000000000 0.00000000000 0.00000000000 0.00000000000 0.00000000000 0.00000000000 0.00000000000 0.00000000000 0.00000000000 0.00000000000 0.00000000000 0.00000000000 0.00000000000 0.00000000000 0.00000000000 0.00000000000 0.00000000000 0.00000000000 0.00000000000 0.00000000000 0.00000000000
# Linf_dev:
 0.00000000000 0.00000000000 0.00000000000 0.00000000000 0.00000000000 0.00000000000 0.00000000000 0.00000000000 0.00000000000 0.00000000000 0.00000000000 0.00000000000 0.00000000000 0.00000000000 0.00000000000 0.00000000000 0.00000000000 0.00000000000 0.00000000000 0.00000000000 0.00000000000 0.00000000000 0.00000000000 0.00000000000 0.00000000000 0.00000000000 0.00000000000 0.00000000000
# SelPars50:
1.00787885778
# SelPars95:
1.08364586012
# SelPars_dev50:
 0.00000000000 0.00000000000 0.00000000000 0.00000000000 0.00000000000 0.00000000000 0.00000000000 0.00000000000 0.00000000000 0.00000000000 0.00000000000 0.00000000000 0.00000000000 0.00000000000 0.00000000000 0.00000000000 0.00000000000 0.00000000000 0.00000000000 0.00000000000 0.00000000000 0.00000000000 0.00000000000 0.00000000000 0.00000000000 0.00000000000 0.00000000000 0.00000000000
# SelPars_dev95:
 0.00000000000 0.00000000000 0.00000000000 0.00000000000 0.00000000000 0.00000000000 0.00000000000 0.00000000000 0.00000000000 0.00000000000 0.00000000000 0.00000000000 0.00000000000 0.00000000000 0.00000000000 0.00000000000 0.00000000000 0.00000000000 0.00000000000 0.00000000000 0.00000000000 0.00000000000 0.00000000000 0.00000000000 0.00000000000 0.00000000000 0.00000000000 0.00000000000
