# Number of parameters = 77 Objective function value = 18696.9314775667  Maximum gradient component = 0.257388370151697
# srv_sel50:
0.999509021816
# srv_sel95:
1.00153277475
# stNatLen:
 10.9620880143 9.69212744921 8.35647818865 7.45089901673 6.82565459709 6.36024946933 5.99839866130 5.71061097998 5.47961818802 5.29454133683 5.14819630028 5.03571511817 4.95378841734 4.90022995799 4.87372489318
# log_avg_fmort_dir:
0.592891950139
# fmort_dir_dev:
 -0.243820404948 -0.387965005217 -0.171109330213 -0.215334340563 -0.568685858988 -0.158692670744 -0.139221436993 -0.137183701044 -0.187555303074 -0.0462276182468 -0.124688554148 -0.0936944497027 -0.0400766432156 0.00763126429708 0.0717861364006 0.191297691413 0.154752253840 0.0675151865363 0.147251821813 0.211312539269 0.198817975529 0.186936411348 0.189445840811 0.237500159327 0.272829073392 0.325979047864 0.253579312820 -0.00237939756269
# mean_log_rec:
13.6309602980
# rec_dev:
 -2.30364913817 -2.05131495830 -1.96450675682 -1.22556199801 -0.961139570347 -1.01962125312 -0.648938542163 -0.438756284779 -0.191116591542 0.00619967999995 0.330952981577 0.578020215933 0.674902400859 0.607479406258 0.530536526223 0.497824879517 0.444606524568 0.439074135377 0.398039678854 0.419916999582 0.570342788844 0.668264136456 0.712287591355 0.793911613075 0.833368240489 0.751456628630 0.773710334412 0.773710331246
# log_avg_NatM:
-1.06669500000
# m_dev:
 0.00000000000 0.00000000000 0.00000000000 0.00000000000 0.00000000000 0.00000000000 0.00000000000 0.00000000000 0.00000000000 0.00000000000 0.00000000000 0.00000000000 0.00000000000 0.00000000000 0.00000000000 0.00000000000 0.00000000000 0.00000000000 0.00000000000 0.00000000000 0.00000000000 0.00000000000 0.00000000000 0.00000000000 0.00000000000 0.00000000000 0.00000000000 0.00000000000
# log_avg_GrowthK:
-1.19613400000
# log_avg_Linf:
3.45239700000
# GrowthK_dev:
 0.00000000000 0.00000000000 0.00000000000 0.00000000000 0.00000000000 0.00000000000 0.00000000000 0.00000000000 0.00000000000 0.00000000000 0.00000000000 0.00000000000 0.00000000000 0.00000000000 0.00000000000 0.00000000000 0.00000000000 0.00000000000 0.00000000000 0.00000000000 0.00000000000 0.00000000000 0.00000000000 0.00000000000 0.00000000000 0.00000000000 0.00000000000 0.00000000000
# Linf_dev:
 0.00000000000 0.00000000000 0.00000000000 0.00000000000 0.00000000000 0.00000000000 0.00000000000 0.00000000000 0.00000000000 0.00000000000 0.00000000000 0.00000000000 0.00000000000 0.00000000000 0.00000000000 0.00000000000 0.00000000000 0.00000000000 0.00000000000 0.00000000000 0.00000000000 0.00000000000 0.00000000000 0.00000000000 0.00000000000 0.00000000000 0.00000000000 0.00000000000
# SelPars50:
1.00284920845
# SelPars95:
1.11838146951
# SelPars_dev50:
 0.00000000000 0.00000000000 0.00000000000 0.00000000000 0.00000000000 0.00000000000 0.00000000000 0.00000000000 0.00000000000 0.00000000000 0.00000000000 0.00000000000 0.00000000000 0.00000000000 0.00000000000 0.00000000000 0.00000000000 0.00000000000 0.00000000000 0.00000000000 0.00000000000 0.00000000000 0.00000000000 0.00000000000 0.00000000000 0.00000000000 0.00000000000 0.00000000000
# SelPars_dev95:
 0.00000000000 0.00000000000 0.00000000000 0.00000000000 0.00000000000 0.00000000000 0.00000000000 0.00000000000 0.00000000000 0.00000000000 0.00000000000 0.00000000000 0.00000000000 0.00000000000 0.00000000000 0.00000000000 0.00000000000 0.00000000000 0.00000000000 0.00000000000 0.00000000000 0.00000000000 0.00000000000 0.00000000000 0.00000000000 0.00000000000 0.00000000000 0.00000000000
