# Number of parameters = 80 Objective function value = 21723.5262825377  Maximum gradient component = 0.0113905884107082
# srv_sel50:
1.22919619092
# srv_sel95:
2.63251221031
# stNatLen:
 11.5182962076 10.9370044426 9.04480087082 7.75304416482 6.91396902865 6.32631500701 5.88625516522 5.54454167054 5.27466685462 5.06087934486 4.89320404417 4.76508576429 4.67216718175 4.61161577140 4.58175590057
# log_avg_fmort_dir:
0.630921561201
# fmort_dir_dev:
 -0.808218567226 -0.716062546516 -0.594354426678 -0.640257008630 -0.405094231017 -0.368408514472 -0.297341267009 -0.304233346021 -0.223003907523 -0.182153537905 -0.143801355483 -0.00507061417383 -0.0739667873463 -0.0306763631349 0.0704308027772 0.128827244112 0.247884845751 0.169849895695 0.204592413348 0.370800874003 0.411618252213 0.390807336997 0.423108947482 0.407806940167 0.454218042532 0.521012659476 0.588157183214 0.591553184976 -0.188026149608
# mean_log_rec:
13.6759670309
# rec_dev:
 -1.95074310152 -1.81749362866 -1.65942297149 -1.32885139739 -1.24795132478 -1.14194509304 -0.758897228087 -0.352077116442 -0.0931621034642 0.000589025677587 0.310825501621 0.652257866613 0.683366306782 0.450986325799 0.401608125550 0.436554593858 0.367419965671 0.358293004227 0.412274211998 0.426137237289 0.471969892461 0.565353865109 0.665634279421 0.750311475548 0.729582418811 0.682385486776 0.604170470490 0.690411955534 0.690411955634
# log_avg_NatM:
-0.491671301819
# m_dev:
 0.00000000000 0.00000000000 0.00000000000 0.00000000000 0.00000000000 0.00000000000 0.00000000000 0.00000000000 0.00000000000 0.00000000000 0.00000000000 0.00000000000 0.00000000000 0.00000000000 0.00000000000 0.00000000000 0.00000000000 0.00000000000 0.00000000000 0.00000000000 0.00000000000 0.00000000000 0.00000000000 0.00000000000 0.00000000000 0.00000000000 0.00000000000 0.00000000000 0.00000000000
# log_avg_GrowthK:
-1.18630400000
# log_avg_Linf:
3.44583300000
# GrowthK_dev:
 0.00000000000 0.00000000000 0.00000000000 0.00000000000 0.00000000000 0.00000000000 0.00000000000 0.00000000000 0.00000000000 0.00000000000 0.00000000000 0.00000000000 0.00000000000 0.00000000000 0.00000000000 0.00000000000 0.00000000000 0.00000000000 0.00000000000 0.00000000000 0.00000000000 0.00000000000 0.00000000000 0.00000000000 0.00000000000 0.00000000000 0.00000000000 0.00000000000 0.00000000000
# Linf_dev:
 0.00000000000 0.00000000000 0.00000000000 0.00000000000 0.00000000000 0.00000000000 0.00000000000 0.00000000000 0.00000000000 0.00000000000 0.00000000000 0.00000000000 0.00000000000 0.00000000000 0.00000000000 0.00000000000 0.00000000000 0.00000000000 0.00000000000 0.00000000000 0.00000000000 0.00000000000 0.00000000000 0.00000000000 0.00000000000 0.00000000000 0.00000000000 0.00000000000 0.00000000000
# SelPars50:
1.04551702204
# SelPars95:
1.16284595187
# SelPars_dev50:
 0.00000000000 0.00000000000 0.00000000000 0.00000000000 0.00000000000 0.00000000000 0.00000000000 0.00000000000 0.00000000000 0.00000000000 0.00000000000 0.00000000000 0.00000000000 0.00000000000 0.00000000000 0.00000000000 0.00000000000 0.00000000000 0.00000000000 0.00000000000 0.00000000000 0.00000000000 0.00000000000 0.00000000000 0.00000000000 0.00000000000 0.00000000000 0.00000000000 0.00000000000
# SelPars_dev95:
 0.00000000000 0.00000000000 0.00000000000 0.00000000000 0.00000000000 0.00000000000 0.00000000000 0.00000000000 0.00000000000 0.00000000000 0.00000000000 0.00000000000 0.00000000000 0.00000000000 0.00000000000 0.00000000000 0.00000000000 0.00000000000 0.00000000000 0.00000000000 0.00000000000 0.00000000000 0.00000000000 0.00000000000 0.00000000000 0.00000000000 0.00000000000 0.00000000000 0.00000000000
