# Number of parameters = 79 Objective function value = 20363.2161318908  Maximum gradient component = 0.00879035421415965
# srv_sel50:
0.992936589405
# srv_sel95:
1.01853336647
# stNatLen:
 10.7951182641 9.80621613055 8.41697864210 7.45916501657 6.81293991626 6.33915097635 5.97420161728 5.68572308476 5.45515084280 5.27096650895 5.12564909532 5.01414293722 4.93302715888 4.88004286122 4.85382559404
# log_avg_fmort_dir:
0.612656357636
# fmort_dir_dev:
 -0.0761506381722 -0.135998474903 -0.0791483889204 -0.174480605376 -0.110707963947 0.0646158037873 -0.0238321357093 -0.0518021964101 -0.188950691714 -0.0220812994734 -0.00808375416938 0.00259778886591 -0.0243955483277 0.0875610091788 0.178254336611 0.173408531626 0.219128249787 0.186397880344 0.244626971127 0.237124403144 0.230830724856 0.262235251410 0.324815737382 0.281462827922 0.352291804189 0.379067985081 0.249638960542 0.253033076346 -2.83145964507
# mean_log_rec:
13.3369621660
# rec_dev:
 -2.37298070285 -2.06796543525 -1.72566746157 -1.39528757901 -1.45235980369 -1.38193396713 -0.945983955415 -0.575038071627 -0.275462460050 -0.0552912653515 0.269735837386 0.551257142374 0.755011842776 0.656322757351 0.528202259793 0.490487642674 0.464699853072 0.469617476702 0.450626688860 0.539789428352 0.609649901271 0.649241304047 0.701510133702 0.843698867975 0.818425510223 0.710442510890 0.757024509512 0.991113517518 0.991113517462
# log_avg_NatM:
-1.36837500000
# m_dev:
 0.00000000000 0.00000000000 0.00000000000 0.00000000000 0.00000000000 0.00000000000 0.00000000000 0.00000000000 0.00000000000 0.00000000000 0.00000000000 0.00000000000 0.00000000000 0.00000000000 0.00000000000 0.00000000000 0.00000000000 0.00000000000 0.00000000000 0.00000000000 0.00000000000 0.00000000000 0.00000000000 0.00000000000 0.00000000000 0.00000000000 0.00000000000 0.00000000000 0.00000000000
# log_avg_GrowthK:
-1.19613400000
# log_avg_Linf:
3.45239700000
# GrowthK_dev:
 0.00000000000 0.00000000000 0.00000000000 0.00000000000 0.00000000000 0.00000000000 0.00000000000 0.00000000000 0.00000000000 0.00000000000 0.00000000000 0.00000000000 0.00000000000 0.00000000000 0.00000000000 0.00000000000 0.00000000000 0.00000000000 0.00000000000 0.00000000000 0.00000000000 0.00000000000 0.00000000000 0.00000000000 0.00000000000 0.00000000000 0.00000000000 0.00000000000 0.00000000000
# Linf_dev:
 0.00000000000 0.00000000000 0.00000000000 0.00000000000 0.00000000000 0.00000000000 0.00000000000 0.00000000000 0.00000000000 0.00000000000 0.00000000000 0.00000000000 0.00000000000 0.00000000000 0.00000000000 0.00000000000 0.00000000000 0.00000000000 0.00000000000 0.00000000000 0.00000000000 0.00000000000 0.00000000000 0.00000000000 0.00000000000 0.00000000000 0.00000000000 0.00000000000 0.00000000000
# SelPars50:
1.00839471921
# SelPars95:
1.11887728599
# SelPars_dev50:
 0.00000000000 0.00000000000 0.00000000000 0.00000000000 0.00000000000 0.00000000000 0.00000000000 0.00000000000 0.00000000000 0.00000000000 0.00000000000 0.00000000000 0.00000000000 0.00000000000 0.00000000000 0.00000000000 0.00000000000 0.00000000000 0.00000000000 0.00000000000 0.00000000000 0.00000000000 0.00000000000 0.00000000000 0.00000000000 0.00000000000 0.00000000000 0.00000000000 0.00000000000
# SelPars_dev95:
 0.00000000000 0.00000000000 0.00000000000 0.00000000000 0.00000000000 0.00000000000 0.00000000000 0.00000000000 0.00000000000 0.00000000000 0.00000000000 0.00000000000 0.00000000000 0.00000000000 0.00000000000 0.00000000000 0.00000000000 0.00000000000 0.00000000000 0.00000000000 0.00000000000 0.00000000000 0.00000000000 0.00000000000 0.00000000000 0.00000000000 0.00000000000 0.00000000000 0.00000000000
