# Number of parameters = 80 Objective function value = 28139.3147284429  Maximum gradient component = 0.000151662056546407
# srv_sel50:
0.904494621141
# srv_sel95:
0.974750335258
# stNatLen:
 10.9454698802 10.3465408974 9.69121895238 8.98956123141 8.34301532353 7.79631068094 7.34849754293 6.98536913705 6.69239054545 6.45783410251 6.27291307191 6.13125864072 6.02839761833 5.96137068553 5.92833918123
# log_avg_fmort_dir:
-0.617615395144
# fmort_dir_dev:
 -1.26396500812 -0.798165028193 -0.528898429598 -0.541049090532 -0.601068045119 -0.547516524410 -0.382113417517 -0.330501151647 -0.231750397758 -0.0996601053808 0.149598938767 -0.0837244309324 0.267168462158 0.226328048915 0.325366118787 0.547450115144 0.417192217860 0.117028209964 0.254511563664 0.172751294966 0.283129287211 0.220089028659 0.245996278217 0.192706890313 0.248136863150 0.295930538404 0.314741188960 0.473490263558 0.656796320506
# mean_log_rec:
13.1592454815
# rec_dev:
 -3.35103303311 -3.87639230417 -2.37282364407 -1.19214324696 -0.976972437230 -0.843279925343 -0.630597400564 -0.263379589105 -0.109288414868 0.224623814302 0.459395580171 0.724908475366 0.809841647629 0.731170942226 0.756220083724 0.652607136070 0.543007738396 0.622132181206 0.610343944984 0.713659741604 0.731197814346 0.710183559605 0.731490602566 0.882167894083 0.872081792932 0.729818836310 0.741528552081 0.684764822823 0.684764835002
# log_avg_NatM:
-0.912916557902
# m_dev:
 0.00000000000 0.00000000000 0.00000000000 0.00000000000 0.00000000000 0.00000000000 0.00000000000 0.00000000000 0.00000000000 0.00000000000 0.00000000000 0.00000000000 0.00000000000 0.00000000000 0.00000000000 0.00000000000 0.00000000000 0.00000000000 0.00000000000 0.00000000000 0.00000000000 0.00000000000 0.00000000000 0.00000000000 0.00000000000 0.00000000000 0.00000000000 0.00000000000 0.00000000000
# log_avg_GrowthK:
-1.02151300000
# log_avg_Linf:
3.36611700000
# GrowthK_dev:
 0.00000000000 0.00000000000 0.00000000000 0.00000000000 0.00000000000 0.00000000000 0.00000000000 0.00000000000 0.00000000000 0.00000000000 0.00000000000 0.00000000000 0.00000000000 0.00000000000 0.00000000000 0.00000000000 0.00000000000 0.00000000000 0.00000000000 0.00000000000 0.00000000000 0.00000000000 0.00000000000 0.00000000000 0.00000000000 0.00000000000 0.00000000000 0.00000000000 0.00000000000
# Linf_dev:
 0.00000000000 0.00000000000 0.00000000000 0.00000000000 0.00000000000 0.00000000000 0.00000000000 0.00000000000 0.00000000000 0.00000000000 0.00000000000 0.00000000000 0.00000000000 0.00000000000 0.00000000000 0.00000000000 0.00000000000 0.00000000000 0.00000000000 0.00000000000 0.00000000000 0.00000000000 0.00000000000 0.00000000000 0.00000000000 0.00000000000 0.00000000000 0.00000000000 0.00000000000
# SelPars50:
0.427776266127
# SelPars95:
2.29659420464
# SelPars_dev50:
 0.00000000000 0.00000000000 0.00000000000 0.00000000000 0.00000000000 0.00000000000 0.00000000000 0.00000000000 0.00000000000 0.00000000000 0.00000000000 0.00000000000 0.00000000000 0.00000000000 0.00000000000 0.00000000000 0.00000000000 0.00000000000 0.00000000000 0.00000000000 0.00000000000 0.00000000000 0.00000000000 0.00000000000 0.00000000000 0.00000000000 0.00000000000 0.00000000000 0.00000000000
# SelPars_dev95:
 0.00000000000 0.00000000000 0.00000000000 0.00000000000 0.00000000000 0.00000000000 0.00000000000 0.00000000000 0.00000000000 0.00000000000 0.00000000000 0.00000000000 0.00000000000 0.00000000000 0.00000000000 0.00000000000 0.00000000000 0.00000000000 0.00000000000 0.00000000000 0.00000000000 0.00000000000 0.00000000000 0.00000000000 0.00000000000 0.00000000000 0.00000000000 0.00000000000 0.00000000000
