# Number of parameters = 77 Objective function value = 19547.1788396955  Maximum gradient component = 9.49945474082346
# srv_sel50:
0.999998890502
# srv_sel95:
1.00000298341
# stNatLen:
 10.7701418552 9.78881096305 8.41259056009 7.46626912765 6.82791721414 6.36000232306 5.99965287068 5.71485484765 5.48724935510 5.30544923029 5.16202140641 5.05196988017 4.97191330533 4.91961617839 4.89372585336
# log_avg_fmort_dir:
0.727991167011
# fmort_dir_dev:
 -0.192559661099 -0.207682920383 -0.298372194529 -0.250359998749 -0.185499964446 -0.161693859668 -0.0642072621959 -0.226391387223 -0.264237315524 -0.0519369320086 -0.151331217496 -0.133418381047 -0.121638261661 0.0492236116648 0.0729836640877 0.0656648721795 0.100419510378 0.198082205060 0.161191897967 0.169497595790 0.183946635600 0.219215810580 0.128583111834 0.240643783589 0.243564145102 0.173334035492 0.307749600739 -0.00477112403319
# mean_log_rec:
13.2918097605
# rec_dev:
 -2.35525927613 -2.06351432179 -1.65332409782 -1.38331136864 -1.43147004139 -1.27181803366 -0.897617167168 -0.460110356836 -0.165785506344 0.00850129868161 0.355231230276 0.677962203257 0.834845543495 0.614127017560 0.493068009848 0.515250119228 0.551610204985 0.485845665931 0.517260503234 0.591203926225 0.621995822637 0.671558969196 0.798118017243 0.819687585441 0.823012034129 0.827802778366 0.737564621364 0.737564618687
# log_avg_NatM:
-1.36837500000
# m_dev:
 0.00000000000 0.00000000000 0.00000000000 0.00000000000 0.00000000000 0.00000000000 0.00000000000 0.00000000000 0.00000000000 0.00000000000 0.00000000000 0.00000000000 0.00000000000 0.00000000000 0.00000000000 0.00000000000 0.00000000000 0.00000000000 0.00000000000 0.00000000000 0.00000000000 0.00000000000 0.00000000000 0.00000000000 0.00000000000 0.00000000000 0.00000000000 0.00000000000
# log_avg_GrowthK:
-1.19613400000
# log_avg_Linf:
3.45239700000
# GrowthK_dev:
 0.00000000000 0.00000000000 0.00000000000 0.00000000000 0.00000000000 0.00000000000 0.00000000000 0.00000000000 0.00000000000 0.00000000000 0.00000000000 0.00000000000 0.00000000000 0.00000000000 0.00000000000 0.00000000000 0.00000000000 0.00000000000 0.00000000000 0.00000000000 0.00000000000 0.00000000000 0.00000000000 0.00000000000 0.00000000000 0.00000000000 0.00000000000 0.00000000000
# Linf_dev:
 0.00000000000 0.00000000000 0.00000000000 0.00000000000 0.00000000000 0.00000000000 0.00000000000 0.00000000000 0.00000000000 0.00000000000 0.00000000000 0.00000000000 0.00000000000 0.00000000000 0.00000000000 0.00000000000 0.00000000000 0.00000000000 0.00000000000 0.00000000000 0.00000000000 0.00000000000 0.00000000000 0.00000000000 0.00000000000 0.00000000000 0.00000000000 0.00000000000
# SelPars50:
1.01171486019
# SelPars95:
1.14306241411
# SelPars_dev50:
 0.00000000000 0.00000000000 0.00000000000 0.00000000000 0.00000000000 0.00000000000 0.00000000000 0.00000000000 0.00000000000 0.00000000000 0.00000000000 0.00000000000 0.00000000000 0.00000000000 0.00000000000 0.00000000000 0.00000000000 0.00000000000 0.00000000000 0.00000000000 0.00000000000 0.00000000000 0.00000000000 0.00000000000 0.00000000000 0.00000000000 0.00000000000 0.00000000000
# SelPars_dev95:
 0.00000000000 0.00000000000 0.00000000000 0.00000000000 0.00000000000 0.00000000000 0.00000000000 0.00000000000 0.00000000000 0.00000000000 0.00000000000 0.00000000000 0.00000000000 0.00000000000 0.00000000000 0.00000000000 0.00000000000 0.00000000000 0.00000000000 0.00000000000 0.00000000000 0.00000000000 0.00000000000 0.00000000000 0.00000000000 0.00000000000 0.00000000000 0.00000000000
