# Number of parameters = 78 Objective function value = 22928.4625552739  Maximum gradient component = 0.0236189616425559
# srv_sel50:
1.14676498148
# srv_sel95:
1.89622910802
# stNatLen:
 10.8967580482 9.50635355972 8.11467153311 7.05884805011 6.29334170406 5.72357368751 5.28538380405 4.94054861417 4.66606401431 4.44749874713 4.27543864884 4.14358814315 4.04772232222 3.98509136304 3.95408421378
# log_avg_fmort_dir:
0.482958951051
# fmort_dir_dev:
 -1.04713003035 -0.613508470413 -0.473665168399 -0.432960842279 -0.461817784602 -0.135852981540 -0.227785165587 -0.323418772892 -0.235864165929 -0.188799266771 -0.0333834343665 -0.0200141031815 -0.125696143408 -0.0579778026705 0.0570930410350 0.226704102824 0.285123872007 0.434499179418 0.345182015534 0.346645727819 0.331039193294 0.396950977893 0.427320778783 0.296765719594 0.375488946451 0.335532866117 0.458908922235 0.0606187893776
# mean_log_rec:
14.1739380892
# rec_dev:
 -2.68493630810 -2.13469426376 -1.68594407856 -1.07171044603 -1.25147283650 -1.49144313229 -0.852462275957 -0.227177058640 0.0389954847270 0.179464780731 0.367226970175 0.667451369933 0.645990876790 0.521160280909 0.449547484734 0.492939944540 0.472392519275 0.441125729849 0.467360539190 0.468445107588 0.527452241201 0.707288001449 0.855375986958 0.852516581134 0.831535529844 0.778229861194 0.817670555909 0.817670553711
# log_avg_NatM:
0.133071698068
# m_dev:
 0.00000000000 0.00000000000 0.00000000000 0.00000000000 0.00000000000 0.00000000000 0.00000000000 0.00000000000 0.00000000000 0.00000000000 0.00000000000 0.00000000000 0.00000000000 0.00000000000 0.00000000000 0.00000000000 0.00000000000 0.00000000000 0.00000000000 0.00000000000 0.00000000000 0.00000000000 0.00000000000 0.00000000000 0.00000000000 0.00000000000 0.00000000000 0.00000000000
# log_avg_GrowthK:
-1.20372700000
# log_avg_Linf:
3.45755400000
# GrowthK_dev:
 0.00000000000 0.00000000000 0.00000000000 0.00000000000 0.00000000000 0.00000000000 0.00000000000 0.00000000000 0.00000000000 0.00000000000 0.00000000000 0.00000000000 0.00000000000 0.00000000000 0.00000000000 0.00000000000 0.00000000000 0.00000000000 0.00000000000 0.00000000000 0.00000000000 0.00000000000 0.00000000000 0.00000000000 0.00000000000 0.00000000000 0.00000000000 0.00000000000
# Linf_dev:
 0.00000000000 0.00000000000 0.00000000000 0.00000000000 0.00000000000 0.00000000000 0.00000000000 0.00000000000 0.00000000000 0.00000000000 0.00000000000 0.00000000000 0.00000000000 0.00000000000 0.00000000000 0.00000000000 0.00000000000 0.00000000000 0.00000000000 0.00000000000 0.00000000000 0.00000000000 0.00000000000 0.00000000000 0.00000000000 0.00000000000 0.00000000000 0.00000000000
# SelPars50:
1.05070612400
# SelPars95:
1.17100712152
# SelPars_dev50:
 0.00000000000 0.00000000000 0.00000000000 0.00000000000 0.00000000000 0.00000000000 0.00000000000 0.00000000000 0.00000000000 0.00000000000 0.00000000000 0.00000000000 0.00000000000 0.00000000000 0.00000000000 0.00000000000 0.00000000000 0.00000000000 0.00000000000 0.00000000000 0.00000000000 0.00000000000 0.00000000000 0.00000000000 0.00000000000 0.00000000000 0.00000000000 0.00000000000
# SelPars_dev95:
 0.00000000000 0.00000000000 0.00000000000 0.00000000000 0.00000000000 0.00000000000 0.00000000000 0.00000000000 0.00000000000 0.00000000000 0.00000000000 0.00000000000 0.00000000000 0.00000000000 0.00000000000 0.00000000000 0.00000000000 0.00000000000 0.00000000000 0.00000000000 0.00000000000 0.00000000000 0.00000000000 0.00000000000 0.00000000000 0.00000000000 0.00000000000 0.00000000000
