# Number of parameters = 78 Objective function value = 25101.8043164653  Maximum gradient component = 0.000441077261890358
# srv_sel50:
1.32768073434
# srv_sel95:
4.76125165306
# stNatLen:
 10.7577392883 9.27769870890 8.01004084444 7.09547697821 6.42482408002 5.91673715029 5.52128902354 5.20807135278 4.95799810359 4.75865878823 4.60174542161 4.48159855928 4.39436158543 4.33747868969 4.30939605569
# log_avg_fmort_dir:
0.485409529914
# fmort_dir_dev:
 -0.565310603615 -0.299633675033 -0.208661127646 -0.0868066405648 -0.0349401531848 0.114561349878 0.0256907652436 0.00963391805723 -0.0979263934702 -0.169822079015 0.0210129450216 -0.00781810725351 0.0408887275926 0.143310747675 0.157642634220 0.0784614974571 -0.0106658506531 0.0924788059986 0.134316701906 0.0887089120286 -0.0737799472309 0.198551285747 -0.0460577381347 -0.00722658334643 0.00148845818641 0.0157336721247 0.134635111367 0.351533366643
# mean_log_rec:
13.9811240121
# rec_dev:
 -2.44083445470 -2.09311990288 -1.77805843810 -1.40546232619 -1.26259968238 -1.14683508867 -0.840525501763 -0.418909009862 -0.0693771853791 0.191243872144 0.446213898959 0.669747632765 0.747336771416 0.551124217617 0.439514593539 0.542973658712 0.593685207858 0.540522094111 0.587520002423 0.677722534501 0.707658846956 0.648776978630 0.758553081786 0.839056872344 0.840292390238 0.726384939379 0.473696990121 0.473697006439
# log_avg_NatM:
0.0640106524875
# m_dev:
 0.00000000000 0.00000000000 0.00000000000 0.00000000000 0.00000000000 0.00000000000 0.00000000000 0.00000000000 0.00000000000 0.00000000000 0.00000000000 0.00000000000 0.00000000000 0.00000000000 0.00000000000 0.00000000000 0.00000000000 0.00000000000 0.00000000000 0.00000000000 0.00000000000 0.00000000000 0.00000000000 0.00000000000 0.00000000000 0.00000000000 0.00000000000 0.00000000000
# log_avg_GrowthK:
-1.02151300000
# log_avg_Linf:
3.36611700000
# GrowthK_dev:
 0.00000000000 0.00000000000 0.00000000000 0.00000000000 0.00000000000 0.00000000000 0.00000000000 0.00000000000 0.00000000000 0.00000000000 0.00000000000 0.00000000000 0.00000000000 0.00000000000 0.00000000000 0.00000000000 0.00000000000 0.00000000000 0.00000000000 0.00000000000 0.00000000000 0.00000000000 0.00000000000 0.00000000000 0.00000000000 0.00000000000 0.00000000000 0.00000000000
# Linf_dev:
 0.00000000000 0.00000000000 0.00000000000 0.00000000000 0.00000000000 0.00000000000 0.00000000000 0.00000000000 0.00000000000 0.00000000000 0.00000000000 0.00000000000 0.00000000000 0.00000000000 0.00000000000 0.00000000000 0.00000000000 0.00000000000 0.00000000000 0.00000000000 0.00000000000 0.00000000000 0.00000000000 0.00000000000 0.00000000000 0.00000000000 0.00000000000 0.00000000000
# SelPars50:
1.72751398353
# SelPars95:
3.40013194745
# SelPars_dev50:
 0.00000000000 0.00000000000 0.00000000000 0.00000000000 0.00000000000 0.00000000000 0.00000000000 0.00000000000 0.00000000000 0.00000000000 0.00000000000 0.00000000000 0.00000000000 0.00000000000 0.00000000000 0.00000000000 0.00000000000 0.00000000000 0.00000000000 0.00000000000 0.00000000000 0.00000000000 0.00000000000 0.00000000000 0.00000000000 0.00000000000 0.00000000000 0.00000000000
# SelPars_dev95:
 0.00000000000 0.00000000000 0.00000000000 0.00000000000 0.00000000000 0.00000000000 0.00000000000 0.00000000000 0.00000000000 0.00000000000 0.00000000000 0.00000000000 0.00000000000 0.00000000000 0.00000000000 0.00000000000 0.00000000000 0.00000000000 0.00000000000 0.00000000000 0.00000000000 0.00000000000 0.00000000000 0.00000000000 0.00000000000 0.00000000000 0.00000000000 0.00000000000
