# Number of parameters = 78 Objective function value = 21658.5624582647  Maximum gradient component = 0.000461085036881812
# srv_sel50:
1.48354592818
# srv_sel95:
3.02579813638
# stNatLen:
 11.1544851618 10.4289547590 8.53101415840 7.16942032780 6.27981698021 5.66049615597 5.19833694927 4.84015915220 4.55760971041 4.33393575967 4.15856591010 4.02457165653 3.92735975320 3.86395576378 3.83261294414
# log_avg_fmort_dir:
0.702871124190
# fmort_dir_dev:
 -1.36988689811 -0.684032703672 -0.768640377748 -0.607420063322 -0.492441443853 -0.489051050225 -0.378291765474 -0.172720683922 -0.118098031692 -0.134931025688 -0.0527710404075 -0.00669748765969 0.0927403019134 -0.00998444880659 0.184602292243 0.148000044008 0.255959565261 0.241874356764 0.273656887656 0.294649444881 0.430257327357 0.339634319992 0.420719512722 0.449120424575 0.470363786101 0.538858164610 0.564779058136 0.579751534358
# mean_log_rec:
13.6585314040
# rec_dev:
 -2.09013699984 -1.57272804767 -1.39556402448 -1.18928426307 -0.942293669726 -0.792021637909 -0.672044904603 -0.525906213188 -0.116209146979 0.0259224434476 0.246219356774 0.627664234086 0.646427642817 0.424021046318 0.359376538202 0.377779904262 0.348441066041 0.389905139432 0.304408943754 0.466592402354 0.499417528768 0.561454967406 0.705589340613 0.758949817759 0.779283091780 0.656136283347 0.559299573892 0.559299586406
# log_avg_NatM:
-0.578456130198
# m_dev:
 0.00000000000 0.00000000000 0.00000000000 0.00000000000 0.00000000000 0.00000000000 0.00000000000 0.00000000000 0.00000000000 0.00000000000 0.00000000000 0.00000000000 0.00000000000 0.00000000000 0.00000000000 0.00000000000 0.00000000000 0.00000000000 0.00000000000 0.00000000000 0.00000000000 0.00000000000 0.00000000000 0.00000000000 0.00000000000 0.00000000000 0.00000000000 0.00000000000
# log_avg_GrowthK:
-1.18630400000
# log_avg_Linf:
3.44583300000
# GrowthK_dev:
 0.00000000000 0.00000000000 0.00000000000 0.00000000000 0.00000000000 0.00000000000 0.00000000000 0.00000000000 0.00000000000 0.00000000000 0.00000000000 0.00000000000 0.00000000000 0.00000000000 0.00000000000 0.00000000000 0.00000000000 0.00000000000 0.00000000000 0.00000000000 0.00000000000 0.00000000000 0.00000000000 0.00000000000 0.00000000000 0.00000000000 0.00000000000 0.00000000000
# Linf_dev:
 0.00000000000 0.00000000000 0.00000000000 0.00000000000 0.00000000000 0.00000000000 0.00000000000 0.00000000000 0.00000000000 0.00000000000 0.00000000000 0.00000000000 0.00000000000 0.00000000000 0.00000000000 0.00000000000 0.00000000000 0.00000000000 0.00000000000 0.00000000000 0.00000000000 0.00000000000 0.00000000000 0.00000000000 0.00000000000 0.00000000000 0.00000000000 0.00000000000
# SelPars50:
1.48337481664
# SelPars95:
2.39251680417
# SelPars_dev50:
 0.00000000000 0.00000000000 0.00000000000 0.00000000000 0.00000000000 0.00000000000 0.00000000000 0.00000000000 0.00000000000 0.00000000000 0.00000000000 0.00000000000 0.00000000000 0.00000000000 0.00000000000 0.00000000000 0.00000000000 0.00000000000 0.00000000000 0.00000000000 0.00000000000 0.00000000000 0.00000000000 0.00000000000 0.00000000000 0.00000000000 0.00000000000 0.00000000000
# SelPars_dev95:
 0.00000000000 0.00000000000 0.00000000000 0.00000000000 0.00000000000 0.00000000000 0.00000000000 0.00000000000 0.00000000000 0.00000000000 0.00000000000 0.00000000000 0.00000000000 0.00000000000 0.00000000000 0.00000000000 0.00000000000 0.00000000000 0.00000000000 0.00000000000 0.00000000000 0.00000000000 0.00000000000 0.00000000000 0.00000000000 0.00000000000 0.00000000000 0.00000000000
