#Simulated generalized assessment 
# 
#start/end year 
73 100 
#number of ages 
15 
#ages 
1 2 3 4 5 6 7 8 9 10 11 12 13 14 15 
#Number of length bins 
25 
#CPUE years 
28 
#years for CPUE 
73 74 75 76 77 78 79 80 81 82 83 84 85 86 87 88 89 90 91 92 93 94 95 96 97 98 99 100 
#survey years 
28 
#years for survey 
73 74 75 76 77 78 79 80 81 82 83 84 85 86 87 88 89 90 91 92 93 94 95 96 97 98 99 100 
#length freq from catch years 
28 
#years for length freq catch 
73 74 75 76 77 78 79 80 81 82 83 84 85 86 87 88 89 90 91 92 93 94 95 96 97 98 99 100 
#catch length sample sizes 
200 200 200 200 200 200 200 200 200 200 200 200 200 200 200 200 200 200 200 200 200 200 200 200 200 200 200 200 
#length freq from survey years 
28 
#years for length freq survey 
73 74 75 76 77 78 79 80 81 82 83 84 85 86 87 88 89 90 91 92 93 94 95 96 97 98 99 100 
#survey sample sizes 
200 200 200 200 200 200 200 200 200 200 200 200 200 200 200 200 200 200 200 200 200 200 200 200 200 200 200 200 
#total survey biomass 
1882.279 3480.015 6364.802 7600.9 13228.52 21612.84 33282.58 37933.28 61265.99 59322 92409.91 147398.3 164577.2 129442.6 197654.2 143002.2 102110.1 210532.5 121819.3 184515.4 119891.4 232011.7 125972.9 143998 141971.6 158006 171791.5 142331.4 
#survey CV 
0.2 0.2 0.2 0.2 0.2 0.2 0.2 0.2 0.2 0.2 0.2 0.2 0.2 0.2 0.2 0.2 0.2 0.2 0.2 0.2 0.2 0.2 0.2 0.2 0.2 0.2 0.2 0.2 
#total CPUE 
1937.144 3196.187 3655.074 8513.017 17158.15 22320.27 32665.38 33063.86 65918.98 75209.31 72863.87 117231.8 151141.8 146935.7 112859.8 179944 173476.9 116553.8 122497.2 155916.1 117877.7 152549.9 166742.3 136941.2 165197.5 136443.3 188379.5 195130.9 
#CPUE CV 
0.2 0.2 0.2 0.2 0.2 0.2 0.2 0.2 0.2 0.2 0.2 0.2 0.2 0.2 0.2 0.2 0.2 0.2 0.2 0.2 0.2 0.2 0.2 0.2 0.2 0.2 0.2 0.2 
#total catch biomass 
1170.861 1415.629 2088.041 3434.25 5997.839 9026.313 14473.46 22170.69 29446.15 44858.43 61232.9 64235.36 96909.69 115867.6 125820.4 92980.07 92956.12 91391.36 87172.02 87164.96 108875.6 104349.6 87286.22 96892 97425.15 103638.7 90682.38 87271.99 
#catch CV 
0.1 0.1 0.1 0.1 0.1 0.1 0.1 0.1 0.1 0.1 0.1 0.1 0.1 0.1 0.1 0.1 0.1 0.1 0.1 0.1 0.1 0.1 0.1 0.1 0.1 0.1 0.1 0.1 
#Length Bins 
0.7268801 2.18064 3.634401 5.088161 6.541921 7.995682 9.449442 10.9032 12.35696 13.81072 15.26448 16.71824 18.172 19.62576 21.07952 22.53328 23.98704 25.44081 26.89457 28.34833 29.80209 31.25585 32.70961 34.16337 35.61713 
#catch length counts 
6.549998e-08 7.112527e-06 0.0004553499 0.01718722 0.3824791 5.018386 38.82746 177.2785 479.4447 782.3201 836.747 759.31 760.8518 721.2187 554.9541 362.2842 201.6212 89.86517 31.4618 8.696924 1.861418 0.2972441 0.0341212 0.002722773 0.0001467582 
2.003145e-07 2.17518e-05 0.001392568 0.05256255 1.169704 15.34689 118.7227 541.6738 1459.605 2338.809 2302.417 1591.992 1061.445 789.2974 541.6139 325.2365 172.0042 75.33235 26.10764 7.016059 1.424859 0.2126081 0.02269222 0.001683949 8.444824e-05 
2.262447e-07 2.456751e-05 0.001572833 0.05936673 1.321131 17.33425 134.1191 612.4122 1656.618 2703.477 2880.422 2544.251 2370.535 1972.385 1189.254 532.3481 204.2959 71.89602 22.02342 5.506642 1.063961 0.1511777 0.01519913 0.001050012 4.867021e-05 
4.782704e-07 5.193453e-05 0.003324892 0.1254983 2.792792 36.64279 283.4836 1293.75 3490.473 5623.827 5664.959 4220.319 3164.917 2477.27 1658.422 910.8576 404.6814 135.147 32.91291 6.140233 0.9296532 0.1127503 0.01025103 0.0006557337 2.826645e-05 
7.317857e-07 7.946332e-05 0.005087308 0.1920209 4.273174 56.06682 433.7798 1980.159 5348.289 8658.75 8890.684 6991.898 5563.183 4269.152 2563.396 1199.893 476.8304 159.3291 41.54929 8.02369 1.115337 0.1105741 0.007884661 0.000406615 1.488617e-05 
1.255409e-06 0.0001363226 0.008727491 0.32942 7.330815 96.18523 744.1735 3397.098 9174.918 14845.26 15182.65 11746.24 9087.722 6902.307 4233.861 2057.397 819.3162 256.8303 60.64349 10.79214 1.445642 0.1410107 0.009597893 0.0004428519 1.366996e-05 
1.906665e-06 0.0002070413 0.01325496 0.5003101 11.13378 146.0841 1130.28 5160.489 13946.61 22622.73 23336.57 18420.13 14494.48 10946.81 6587.086 3127.139 1222.412 379.8591 88.88231 15.33591 1.928339 0.1733984 0.01092481 0.0004724953 1.371265e-05 
2.99937e-06 0.0003256963 0.02085136 0.7870375 17.51459 229.8078 1778.14 8119.716 21957.7 35697.35 37086.44 29717.98 23679.39 17948.94 10894.99 5250.891 2062.983 633.4961 145.2349 24.50905 3.004993 0.2608886 0.01561284 0.0006307371 1.691902e-05 
4.097169e-06 0.0004449044 0.02848317 1.075102 23.92518 313.9238 2429.077 11093.63 30013.72 48865.29 50950.8 40990.76 32487.42 24274.21 14510.55 6876.695 2644.823 792.4985 176.8524 28.91309 3.413448 0.2840019 0.01623236 0.000623719 1.581326e-05 
5.710863e-06 0.0006201326 0.03970144 1.498539 33.34841 437.5729 3386.031 15467.18 41876.82 68349.19 71785.56 58542.2 46793.83 34922.62 20896.33 9940.084 3811.268 1128.194 247.3442 39.51776 4.527283 0.3628014 0.01983896 0.0007251997 1.741152e-05 
7.396687e-06 0.0008031934 0.05142117 1.940905 43.19304 566.7584 4386.037 20040.98 54317.78 88981.85 94499.55 78782.37 64043.44 47810.89 28484.11 13473.09 5107.177 1486.621 319.5006 49.83111 5.539409 0.428029 0.02243748 0.0007819924 1.781093e-05 
1.01526e-05 0.001102453 0.07058006 2.664063 59.2863 777.9272 6020.195 27506.04 74517.62 121775.6 127898.2 103035.5 79611.99 57472.28 33772.66 15822.44 5892.368 1669.642 347.3773 52.25806 5.586134 0.413854 0.02073338 0.0006880725 1.486652e-05 
1.282555e-05 0.001392704 0.08916227 3.365462 74.89602 982.7859 7606.566 34771.23 94368.39 155176.6 166100.1 139140.9 111093.3 79979.3 45745.98 20660.89 7432.67 2049.66 416.4151 60.92992 6.284499 0.44585 0.02127124 0.0006696732 1.368583e-05 
1.423888e-05 0.001546176 0.09898775 3.73634 83.15054 1091.144 8446.408 38629.16 105014.7 173633.4 188757.6 162777.7 133208.2 96845.12 55722.73 25125.89 8838.143 2332.902 448.567 62.02324 6.065226 0.4090395 0.01854278 0.0005530925 1.066987e-05 
1.115989e-05 0.001211834 0.07758302 2.92843 65.17262 855.313 6623.247 30330.5 82838.97 139157.3 158435.9 149149.9 131939.3 99148.15 57796.52 26204.73 9168.516 2378.733 444.1559 58.80961 5.434888 0.3434644 0.01454555 0.0004054272 7.317588e-06 
1.220831e-05 0.001325681 0.0848716 3.20354 71.29493 935.6394 7244.461 33158.44 90362.65 150448.2 166275.4 147236.4 124002.8 94302.39 58438.85 28396.75 10400.39 2755.413 516.8927 67.79941 6.113278 0.3713492 0.01492211 0.0003906929 6.578372e-06 
1.283766e-05 0.001394021 0.0892469 3.368698 74.97112 983.9062 7618.633 34875.51 95054.63 158141.8 173652.9 149903.8 119818.5 85094.8 49043.9 22553.96 8102.159 2169.292 415.3293 55.17825 4.962871 0.2961294 0.01153583 0.0002895275 4.627895e-06 
1.240406e-05 0.001346938 0.08623287 3.254966 72.44265 950.8402 7365.63 33763.51 92435.09 155918.6 177531.4 163129.6 136992.8 98156.68 55459.25 24502.25 8351.397 2123.37 390.9714 50.77554 4.515236 0.2670725 0.01026428 0.0002519339 3.899623e-06 
1.468229e-05 0.001594328 0.102071 3.852783 85.74642 1125.389 8715.609 39912.79 108861.7 181154.1 197820.3 166689.4 127901.8 87863.46 49179.72 21450.64 7049.642 1688.194 288.7495 34.7564 2.884612 0.1610169 0.005901469 0.0001391402 2.075593e-06 
1.344309e-05 0.001459767 0.09345676 3.527691 78.51573 1030.679 7986.847 36644.51 100538.9 170246.6 194180.1 175516.7 140689.1 94499.02 49545.09 20134.05 6275.029 1446.489 237.8985 27.17857 2.109706 0.1091178 0.003696503 8.076398e-05 1.122223e-06 
1.769537e-05 0.001921515 0.1230184 4.643515 103.3477 1356.507 10507.64 48141.68 131415.4 218774.6 237649.4 195353.4 142782.2 93014.77 49320.39 20113.59 6074.997 1318.438 202.035 21.55196 1.568692 0.07608498 0.002406731 4.881343e-05 6.265714e-07 
1.614942e-05 0.001753649 0.1122726 4.238034 94.33281 1238.571 9603.486 44131.65 121565.1 207662 240058.1 218024.6 170893.2 109838.9 54471.44 20706.18 5969.605 1259.347 187.2305 19.07866 1.304814 0.05886682 0.001725738 3.242749e-05 3.85685e-07 
1.926687e-05 0.002092169 0.1339451 5.056084 112.538 1477.435 11450.83 52543.73 144010.2 242085.4 268147.4 225869.6 166229.5 106052.8 53919.64 20671.25 5763.518 1138.524 156.9844 14.91412 0.9579593 0.0406706 0.001117967 1.957869e-05 2.158283e-07 
1.910187e-05 0.002074261 0.1328001 5.013037 111.5911 1465.426 11367.16 52282.5 144228.8 246561 283150.6 250581.9 188398.7 116622.3 56044.78 20462.91 5551.105 1078.742 145.1633 13.20011 0.7965799 0.03143333 0.0008005286 1.299806e-05 1.330165e-07 
2.129487e-05 0.0023124 0.1480471 5.588641 124.4065 1633.775 12673.41 58283.82 160635.9 273498.6 310140.1 267784.7 196603.4 120617.2 57673.55 20590.38 5328.629 973.8936 123.217 10.59898 0.6074761 0.02272503 0.0005450977 8.269828e-06 7.854513e-08 
2.079786e-05 0.002258441 0.1445943 5.458484 121.52 1596.243 12389.78 57066.33 157857.3 270903.9 311266 271491.9 197168.1 116688.3 53113.08 18024.02 4447.177 774.3229 92.67708 7.472348 0.3988951 0.01387397 0.0003098085 4.383859e-06 3.886519e-08 
2.644378e-05 0.002871531 0.1838464 6.940214 154.5021 2029.237 15743.84 72409.91 199369.8 337427.6 374288.8 306134.9 207171.2 116983.6 51720.45 17005.35 4015.986 662.2989 74.65165 5.651497 0.2825078 0.009169448 0.0001903572 2.496272e-06 2.047012e-08 
2.389793e-05 0.002595117 0.1661562 6.27309 139.6912 1836.119 14274.41 65999.27 184173.9 321784.9 380328.6 339415.3 243745.1 136998.5 57617.63 17784.87 3962.024 620.3002 66.38746 4.748055 0.2227906 0.006752196 0.0001304267 1.587643e-06 1.206287e-08 
#survey length counts 
3.669062e-07 3.984169e-05 0.002550698 0.09627618 2.142486 28.10994 217.4513 992.0015 2671.49 4268.8 4149.966 2737.776 1658.067 1152.055 776.5956 466.4648 249.3604 111.2449 39.49671 10.94122 2.305079 0.3590587 0.04025787 0.003156457 0.0001680728 
3.980456e-07 4.322307e-05 0.002767177 0.1044473 2.324334 30.49659 235.9427 1077.007 2908.991 4715.14 4888.769 4018.505 3474.721 2827.026 1708.623 769.1583 297.5311 106.3215 33.33042 8.593488 1.724916 0.2563203 0.02711074 0.001980853 9.756417e-05 
7.865393e-07 8.540891e-05 0.005467949 0.206388 4.592875 60.26026 466.1808 2127.179 5734.666 9208.523 9146.531 6514.454 4557.055 3445.276 2298.465 1273.051 575.9127 197.0266 49.25522 9.458743 1.484023 0.1881312 0.01801154 0.00122015 5.594919e-05 
1.228853e-06 0.000133439 0.008542877 0.3224515 7.175718 94.14903 728.3796 3324.241 8969.825 14460.96 14603.16 10948 8192.697 6142.353 3694.195 1742.395 702.0905 239.9513 64.44275 12.88831 1.864279 0.1931753 0.01447543 0.0007897112 3.077409e-05 
2.053787e-06 0.000223017 0.01427774 0.5389143 11.99281 157.352 1217.355 5555.988 14992.33 24167.61 24363.73 18095.78 13280.02 9886.474 6080.502 2985.177 1210.571 389.1465 94.62698 17.42735 2.43191 0.2486581 0.01782779 0.0008700556 2.852635e-05 
3.17662e-06 0.0003449436 0.02208358 0.8335466 18.54949 243.381 1882.98 8595.06 23206.06 37492.54 38107.48 28915.41 21712.21 16150.58 9762.656 4686.216 1866.524 595.5031 143.8103 25.74003 3.376202 0.3183938 0.02114589 0.0009686848 2.989795e-05 
4.597223e-06 0.0004992044 0.03195949 1.206314 26.84501 352.2268 2725.201 12441.48 33613.06 54445.12 55838.63 43348.17 33412.01 25147.73 15377.86 7510.466 3013.686 951.7821 225.5008 39.53267 5.064952 0.4619731 0.02918047 0.001249513 3.566314e-05 
6.499766e-06 0.0007057982 0.0451858 1.705544 37.95481 497.9996 3853.172 17593.04 47550.47 77125.58 79396.52 61980.7 47668.44 35434.27 21360.51 10268.86 4038.18 1245.895 287.7117 48.93382 6.044937 0.5290632 0.03195784 0.001303148 3.518787e-05 
8.811833e-06 0.0009568615 0.0612591 2.312235 51.45613 675.1568 5224.144 23857.21 64527.39 104932.9 108920 86580.98 67674.1 50471.3 30509.59 14746.14 5790.714 1767.495 401.5705 66.84807 8.025503 0.6774765 0.03920112 0.001522417 3.896892e-05 
1.093354e-05 0.001187254 0.07600905 2.868977 63.84608 837.7408 6482.624 29612.43 80176.84 130876.3 137521.7 112314.5 90028.09 67490.6 40703.16 19593.84 7618.404 2289.69 510.6796 83.1135 9.696449 0.7903382 0.0438957 0.001627207 3.955158e-05 
1.531254e-05 0.001662762 0.1064515 4.018034 89.4172 1173.267 9078.976 41470.53 112244.7 182858.2 190321.5 150673.9 115035 83447.14 49681.54 23721.14 9074.328 2658.21 574.6479 90.32328 10.14608 0.7939345 0.0421942 0.001491077 3.441505e-05 
1.857509e-05 0.002017037 0.1291326 4.874146 108.47 1423.309 11015.16 50337.39 136475.6 223700.5 237449.5 196301.6 156069.6 113463.7 65892 30362.06 11229.31 3204.958 677.5702 103.7514 11.26127 0.8448666 0.04280763 0.001436571 3.139274e-05 
2.026738e-05 0.002200801 0.1408974 5.318226 118.3537 1553.052 12020.76 54957.59 149241.5 245965.4 265346.2 226574.5 185529.1 136572.1 79918.99 36845.34 13351.64 3652.525 731.4897 105.9383 10.91378 0.7793229 0.03756441 0.001195595 2.46841e-05 
1.67088e-05 0.001814381 0.1161586 4.384478 97.57589 1280.509 9914.324 45379.42 123752.5 207002.3 233538.4 217856.5 193414.1 147380.5 87455.22 40597.68 14654.85 3946.462 768.7367 106.765 10.40539 0.6968245 0.03140248 0.0009347831 1.807334e-05 
1.746627e-05 0.001896634 0.1214245 4.58324 101.999 1338.533 10362.69 47412.35 129058.7 214219 235289.4 207203.2 175408.3 135325.9 85498.75 42656.71 16157.26 4450.96 872.6077 120.272 11.45443 0.7381983 0.03159237 0.0008839153 1.595037e-05 
1.933405e-05 0.002099452 0.1344093 5.073368 112.9075 1481.713 11471.77 52493.1 142910.4 237075.2 258901.5 222608.9 179170.3 129257.6 75946.3 35821.51 13305.19 3708.907 743.736 104.0551 9.902952 0.627797 0.02607577 0.0006999536 1.19975e-05 
1.739075e-05 0.001888435 0.1209 4.563494 101.5634 1332.989 10324.2 47302.77 129337.4 217540 246680.8 226874.1 192944.5 140873.2 81313.27 36909.09 13019.34 3447.616 665.2124 91.08836 8.586301 0.5406282 0.02219085 0.0005832708 9.689844e-06 
2.104029e-05 0.002284732 0.1462714 5.521146 122.8751 1612.614 12487.26 57163.66 155764.5 258664.5 281650.5 237639.4 184626.2 129365.9 74124.14 33297.59 11347.31 2833.669 508.23 64.52991 5.680832 0.3379106 0.01324606 0.0003349702 5.371081e-06 
1.939426e-05 0.002105995 0.134829 5.089318 113.2701 1486.799 11519.16 52824.16 144751.2 244526.3 278277.1 252687.7 205880.2 141311.9 75864.2 31742.64 10263.79 2471.113 426.9546 51.5225 4.24537 0.2340911 0.008485715 0.0001990056 2.975377e-06 
2.595815e-05 0.002818757 0.1804609 6.81172 151.6012 1989.759 15410.63 70578.85 192496.4 319937.7 347051.5 286476.7 212702.7 141779.8 77199.59 32517.12 10208.53 2315.525 372.9057 42.05084 3.252593 0.1683591 0.005702588 0.0001241902 1.715629e-06 
2.31787e-05 0.002516948 0.16114 6.082596 135.3858 1777.43 13778.41 63281.03 174101.6 296844.8 343084.3 314258.9 251292.2 165477.6 84232.71 33049.16 9910.303 2189.228 342.7497 36.96705 2.688264 0.12948 0.004066556 8.209869e-05 1.051521e-06 
2.82649e-05 0.003069251 0.1964993 7.417266 165.0885 2167.174 16793.49 77025.37 210916.1 354072.2 392197.3 332856.4 249773.1 163527.4 85619.15 33991.34 9873.519 2042.836 296.658 29.8532 2.04139 0.09263149 0.002729806 5.137951e-05 6.09999e-07 
2.749839e-05 0.002986027 0.1911729 7.216423 160.6322 2109.22 16356.88 75189.99 207199.7 353759.3 406804.8 363898.6 279716.6 177809.2 87959.27 33252.82 9409.155 1919.312 272.5514 26.2791 1.688809 0.0712401 0.001945943 3.398068e-05 3.747847e-07 
2.976487e-05 0.003232146 0.2069308 7.811315 173.8772 2283.215 17706.92 81390.19 224112 381224.8 433130.7 378240.7 284194.2 179385.6 88517.24 32790.05 8859.569 1700.218 227.1333 20.74025 1.267617 0.05074637 0.001306231 2.131496e-05 2.181751e-07 
2.973091e-05 0.003228471 0.2066976 7.802741 173.7 2281.371 17702.58 81489.02 225196.5 386181 444940.8 393096.5 292518.7 178246.1 83772.4 29518.37 7613.283 1393.865 176.3452 15.10291 0.8601238 0.03203266 0.000768198 1.170185e-05 1.118865e-07 
3.859066e-05 0.004190548 0.2682928 10.12786 225.4544 2960.797 22965.78 105574.8 290463.4 491363.3 546455.8 452345.7 313733.2 182775.9 83639.88 28607.02 7069.797 1226.91 146.2939 11.77418 0.6284043 0.02185234 0.0004873893 6.882337e-06 6.088562e-08 
3.374166e-05 0.003664043 0.2345922 8.856519 197.2035 2591.588 20139.79 93051.45 259402.9 453136.3 538094.6 487859.4 359804.3 208581.7 90739.92 29136.96 6799.122 1121.786 127.1729 9.678266 0.4851436 0.01575989 0.0003271901 4.290277e-06 3.51777e-08 
3.910793e-05 0.004246767 0.2719002 10.26482 228.5469 3002.844 23319.26 107501.8 297690 510591.9 581973.9 496133.5 349044.9 200812.3 88391.23 28279.56 6362.876 984.4727 103.2492 7.25435 0.3367053 0.01015675 0.000195975 2.386191e-06 1.813758e-08 
