#Simulated generalized assessment 
# 
#start/end year 
73 100 
#number of ages 
15 
#ages 
1 2 3 4 5 6 7 8 9 10 11 12 13 14 15 
#Number of length bins 
25 
#CPUE years 
28 
#years for CPUE 
73 74 75 76 77 78 79 80 81 82 83 84 85 86 87 88 89 90 91 92 93 94 95 96 97 98 99 100 
#survey years 
28 
#years for survey 
73 74 75 76 77 78 79 80 81 82 83 84 85 86 87 88 89 90 91 92 93 94 95 96 97 98 99 100 
#length freq from catch years 
28 
#years for length freq catch 
73 74 75 76 77 78 79 80 81 82 83 84 85 86 87 88 89 90 91 92 93 94 95 96 97 98 99 100 
#catch length sample sizes 
200 200 200 200 200 200 200 200 200 200 200 200 200 200 200 200 200 200 200 200 200 200 200 200 200 200 200 200 
#length freq from survey years 
28 
#years for length freq survey 
73 74 75 76 77 78 79 80 81 82 83 84 85 86 87 88 89 90 91 92 93 94 95 96 97 98 99 100 
#survey sample sizes 
200 200 200 200 200 200 200 200 200 200 200 200 200 200 200 200 200 200 200 200 200 200 200 200 200 200 200 200 
#total survey biomass 
4927.32 6310.684 10367 11913.2 28359.24 24726.1 28967.05 39011.85 53370.84 67117.76 72574.36 149555.3 139276.9 174275.6 148721.9 198918.4 149335.4 99899.14 159325.5 193057.2 139457.9 145871.5 226666.7 182138.9 238239.2 179269 198722.6 126110.7 
#survey CV 
0.2 0.2 0.2 0.2 0.2 0.2 0.2 0.2 0.2 0.2 0.2 0.2 0.2 0.2 0.2 0.2 0.2 0.2 0.2 0.2 0.2 0.2 0.2 0.2 0.2 0.2 0.2 0.2 
#total CPUE 
4046.852 3574.968 7501.401 11065.33 12141.04 16381.57 15392.89 18299.65 38722.16 45630.21 59743.6 95121.61 91422.72 108550.6 71367.48 95472.72 117528.9 96674.09 90111.36 70849.3 104209 101682.2 163424.8 112471.3 143710.9 134672.5 116180.7 157664.5 
#CPUE CV 
0.2 0.2 0.2 0.2 0.2 0.2 0.2 0.2 0.2 0.2 0.2 0.2 0.2 0.2 0.2 0.2 0.2 0.2 0.2 0.2 0.2 0.2 0.2 0.2 0.2 0.2 0.2 0.2 
#total catch biomass 
2268.402 2725.606 4949.924 5412.584 7517.269 12143.54 15297.27 15046.43 18475.35 30461.97 38019.84 49722.5 84325.49 97882.24 128969.3 80776.23 82433.44 96540.16 68250.63 76927.07 71418.75 83181.5 95117.78 102521 98891.17 98361.34 109768.6 95966.62 
#catch CV 
0.1 0.1 0.1 0.1 0.1 0.1 0.1 0.1 0.1 0.1 0.1 0.1 0.1 0.1 0.1 0.1 0.1 0.1 0.1 0.1 0.1 0.1 0.1 0.1 0.1 0.1 0.1 0.1 
#Length Bins 
0.6062379 1.818714 3.03119 4.243665 5.456141 6.668617 7.881093 9.093569 10.30604 11.51852 12.731 13.94347 15.15595 16.36842 17.5809 18.79338 20.00585 21.21833 22.4308 23.64328 24.85575 26.06823 27.28071 28.49318 29.70566 
#catch length counts 
7.512874e-07 3.533694e-05 0.001150901 0.02595573 0.4053363 4.383151 32.82115 170.1955 611.3508 1522.864 2642.127 3246.948 3000.383 2446.503 2136.774 1910.565 1468.025 921.6224 502.0473 252.982 117.13 47.95702 17.00726 5.153195 1.305982 
7.557803e-07 3.554826e-05 0.001157784 0.02611096 0.4077603 4.409363 33.01741 171.2129 615.0012 1531.914 2657.539 3264.523 3012.249 2447.119 2126.613 1894.394 1450.658 905.7375 489.1212 243.9555 111.8626 45.38158 15.94632 4.787844 1.202464 
1.768308e-06 8.317268e-05 0.002708879 0.06109208 0.95404 10.31658 77.24938 400.551 1438.386 3578.908 6181.42 7465.315 6480.424 4431.095 2914.233 2112.01 1491.479 908.1174 485.1516 239.8981 109.0438 43.81386 15.23341 4.52506 1.124986 
1.692543e-06 7.960909e-05 0.002592816 0.05847457 0.9131649 9.874616 73.9414 383.4268 1377.294 3430.868 5952.817 7317.062 6765.38 5518.538 4797.485 4208.015 3076.855 1731.64 777.4888 308.7522 118.2393 43.47912 14.57074 4.254499 1.04524 
2.991474e-06 0.0001407045 0.004582654 0.1033504 1.613965 17.45274 130.6847 677.6329 2433.544 6056.517 10471.04 12694.73 11178.32 7987.353 5712.303 4452.764 3240.731 1980.903 1039.674 487.8382 200.4211 69.12659 19.97403 4.986951 1.094033 
3.822341e-06 0.0001797845 0.005855462 0.1320555 2.062237 22.30019 166.9832 865.8728 3109.889 7743.038 13409.08 16361.52 14744.42 11250 8927.14 7424.768 5377.338 3083.711 1449.3 613.1065 245.5959 89.94983 28.44898 7.477542 1.598016 
4.376944e-06 0.0002058703 0.006705062 0.1512161 2.361457 25.53586 191.2121 991.5162 3561.255 8867.859 15363.88 18779.17 17027.87 13214.87 10767.34 9158.126 6775.294 4019.609 1989.237 880.3177 352.2939 122.8878 36.65686 9.372592 2.032691 
5.138795e-06 0.0002417041 0.007872146 0.1775368 2.772493 29.98064 224.4946 1164.102 4181.162 10411.74 18040.42 22058.81 20027.92 15599.24 12782.48 10930.81 8141.146 4893.581 2482.362 1139.264 475.4315 172.6952 53.01688 13.61949 2.896939 
7.581752e-06 0.0003566091 0.01161452 0.2619369 4.09052 44.23319 331.2155 1717.454 6168.058 15353.45 26562.23 32287.19 28701.08 21082.19 15789.06 12694.49 9242.999 5523.252 2802.704 1293.652 547.1251 203.3545 64.46803 17.17657 3.775045 
1.205897e-05 0.0005671956 0.01847319 0.4166171 6.506073 70.35395 526.8053 2731.63 9810.125 24416.84 42225.93 51249.38 45306.25 32740.34 23821.09 18647.77 13263.88 7649.316 3662.57 1579.837 636.2754 231.6804 73.457 19.8335 4.45667 
1.476353e-05 0.0006944051 0.02261632 0.5100553 7.965247 86.13297 644.9615 3344.385 12011.89 29908.51 51802.37 63245.99 57116.24 43834.43 35093.62 29379.47 21361.14 12290.82 5777.201 2408.215 925.6147 319.0162 95.58042 24.63576 5.38957 
2.002189e-05 0.0009417333 0.03067164 0.691723 10.80225 116.8111 874.6755 4535.486 16289.1 40550.22 70178.5 85420.08 76305.54 56835.81 43522.94 35512.62 25901.78 15338.59 7614.65 3385.61 1357.937 471.1797 137.9237 34.05879 7.078633 
2.79009e-05 0.001312324 0.04274152 0.9639295 15.05314 162.7785 1218.878 6320.294 22699.26 56508.33 97800.64 119060.6 106417 79382.14 60893.59 49639.79 35990.76 21032.25 10234.52 4483.559 1811.272 648.7449 198.3425 50.77134 10.69659 
3.183115e-05 0.001497184 0.0487623 1.099713 17.17361 185.7086 1390.584 7210.794 25899.53 64495.52 111763 136711.8 124295.7 97143.9 79907.77 68259.32 50353.98 29578.02 14404.89 6289.169 2518.915 892.4854 271.3179 69.93935 15.04399 
2.861003e-05 0.001345678 0.04382785 0.9884291 15.43575 166.9164 1249.877 6481.339 23281.99 58001.94 100678.8 123946.4 115231.8 95347.31 84681.84 76013.59 57634.15 34897.71 17787.94 8176.393 3398.001 1224.112 373.1411 95.79554 20.50584 
2.170815e-05 0.001021047 0.03325483 0.7499808 11.71204 126.6498 948.3647 4917.949 17667.83 44033.09 76552.08 94809.01 89946.36 78111.82 73569.96 68544.69 53386.76 33599 18188.89 8966.433 3964.921 1505.551 480.7129 128.0333 28.04207 
2.395996e-05 0.001126961 0.03670438 0.8277767 12.92693 139.7867 1046.723 5427.749 19495.64 48552.35 84162.39 103078.2 94139.03 74520.21 62690.81 55143.84 42755.71 27691.48 15808.29 8299.833 3905.113 1579.597 538.7117 152.8527 35.36768 
2.385616e-05 0.001122079 0.03654537 0.8241907 12.87093 139.1813 1042.193 5404.341 19412.69 48356.89 83899.4 103112.1 95300.65 77726.34 67826.73 60391.64 45915.53 28231.85 14943.49 7381.288 3428.099 1430.858 516.0442 156.1144 38.50852 
2.16649e-05 0.001019013 0.03318857 0.7484865 11.6887 126.3972 946.4669 4907.98 17630.19 43921.27 76234.8 93839.28 87200.96 72093.51 64054.86 57773.71 44395.13 27685.94 14862.92 7321.184 3295.707 1311.183 454.9023 136.3743 34.41139 
2.089708e-05 0.0009828978 0.03201234 0.7219594 11.27444 121.9175 912.9235 4734.04 17005.42 42365.2 73536.65 90531.18 84170.3 69685.99 62065.47 56173.84 43450.52 27460.1 15065.87 7608.188 3492.341 1400.574 481.8909 141.0767 34.6036 
2.549993e-05 0.001199394 0.03906347 0.8809802 13.75777 148.7711 1113.996 5776.547 20747.84 51664.68 89515.15 109434.7 99302.6 77258.83 63341.74 54567.45 41509.02 26133.55 14361.75 7303.262 3396.968 1387.738 486.8443 144.4896 35.53954 
2.64038e-05 0.001241908 0.04044812 0.9122076 14.24544 154.0446 1153.489 5981.428 21485.05 53513.61 92808.54 113883.6 104688.2 84217.14 72155.61 63465.27 47853.94 29071.39 15057.71 7207.426 3230.504 1304.178 459.3403 137.9942 34.45407 
2.615864e-05 0.001230376 0.04007255 0.9037376 14.11317 152.6144 1142.782 5925.972 21286.74 53028.33 92026.22 113202.9 104957.5 86289.66 76122.43 68349.37 52375.63 32540.9 17353.64 8458.715 3749.183 1458.167 491.0134 142.5684 35.03779 
2.858965e-05 0.00134472 0.04379664 0.9877251 15.42475 166.7973 1248.981 6476.618 23263.91 57945.79 100505.7 123378.3 113581.6 91748.36 79192.05 70403.55 54137.96 34162.7 18729.87 9443.024 4317.846 1718.745 583.9902 167.8405 40.20419 
2.963384e-05 0.001393833 0.04539623 1.0238 15.98812 172.8894 1294.601 6713.222 24114.4 60070.17 104231.2 128143.7 118578.9 97023.05 85093.98 76211.29 58483.42 36568.54 19797.47 9916.216 4569.537 1858.305 649.5714 191.6836 46.70279 
2.873556e-05 0.001351582 0.04402014 0.9927659 15.50348 167.6487 1255.361 6509.795 23384.41 58259.05 101138.6 124576.6 116028.7 96474.88 86367.75 78357.53 60590.94 38209.28 20899.87 10541.69 4857.25 1968.468 688.4505 205.0896 50.8569 
2.766469e-05 0.001301214 0.04237968 0.9557694 14.92572 161.4012 1208.581 6267.242 22513.56 56093.86 97409.94 120125.7 112336.4 94336.01 85531.78 78300.42 61037.39 38983.87 21736.39 11192.14 5242.366 2148.867 756.7649 226.2245 56.2563 
2.292899e-05 0.001078469 0.03512504 0.7921588 12.37071 133.7724 1001.701 5194.548 18661.72 46512.08 80875.24 100226.5 95289.66 83177.86 78876.43 73997.96 58276.93 37517.38 21148.17 11044.66 5259.003 2195.685 787.7974 239.2787 60.19226 
#survey length counts 
1.591253e-06 7.484489e-05 0.002437649 0.05497515 0.8585159 9.283637 69.51541 360.4605 1294.583 3222.718 5577.226 6787.631 6060.794 4510.311 3454.689 2836.039 2106.788 1300.767 697.3465 345.715 157.9038 63.92916 22.43976 6.733413 1.690489 
3.680841e-06 0.000173129 0.005638698 0.1271669 1.985892 21.47455 160.7984 833.753 2993.824 7447.119 12849.25 15455.38 13213.05 8593.059 5061.837 3265.316 2176.308 1298.425 687.1967 337.6489 152.8719 61.29856 21.28997 6.320327 1.570749 
3.529606e-06 0.0001660157 0.005407021 0.121942 1.9043 20.59232 154.1943 799.5506 2871.587 7148.736 12373.25 15066.27 13476.38 10070.32 7731.39 6264.222 4450.025 2480.59 1107.342 436.9527 166.3555 60.95239 20.39147 5.949376 1.461048 
6.22198e-06 0.000292652 0.009531482 0.214959 3.356892 36.29996 271.8097 1409.371 5060.963 12591.28 21739.79 26219.19 22643.33 15229.02 9676.517 6778.606 4703.954 2828.143 1472.187 686.7161 281.067 96.7445 27.92132 6.965453 1.527191 
7.83985e-06 0.0003687487 0.0120099 0.2708537 4.229768 45.73892 342.4891 1775.887 6377.572 15871.58 27435.46 33239.32 29194.29 20690.01 14534.41 11039.92 7713.729 4370.599 2040.41 857.6845 341.8097 124.8239 39.42405 10.35511 2.212117 
9.096634e-06 0.0004278618 0.01393518 0.3142735 4.907831 53.07122 397.3932 2060.587 7400.125 18417.71 31845.89 38626.32 34067.38 24452.45 17595.64 13692.69 9786.193 5736.948 2819.409 1240.116 494.0859 171.9178 51.21332 13.08387 2.83614 
1.046735e-05 0.0004923337 0.01603498 0.3616295 5.647362 61.0682 457.2742 2371.09 8515.276 21193.67 36649.39 44469.66 39276.66 28312.35 20535.44 16107.26 11602.48 6893.235 3472.62 1584.323 658.4326 238.6315 73.17367 18.78481 3.993919 
1.544116e-05 0.0007262775 0.02365438 0.5334661 8.330835 90.08605 674.5548 3497.688 12560.37 31253.09 53987.23 65235.82 56742.59 39036.94 25960.02 18918.6 13215.75 7785.408 3920.823 1798.763 757.5755 280.9391 88.96068 23.68666 5.203746 
2.479752e-05 0.001166356 0.03798744 0.8567127 13.37879 144.6724 1083.291 5617.032 20170.67 50185.71 86667.45 104609.8 90614.98 61516.72 39777.26 28106.99 19122.75 10863.8 5162.522 2212.569 886.7678 321.9991 101.9527 27.50719 6.178377 
2.998476e-05 0.001410339 0.04593381 1.035924 16.17743 174.9359 1309.906 6792.183 24392.3 60705.93 104948.5 127210.6 111926.2 79745.08 56570.72 43342.34 30436.73 17309.52 8083.633 3349.332 1281.107 440.2763 131.7158 33.92185 7.417478 
4.140699e-05 0.001947585 0.06343157 1.430542 22.33996 241.5747 1808.888 9379.442 33682.51 83814.57 144815.4 175141.1 152832.5 106205.8 72009.21 53332.42 37377.28 21833.53 10759.29 4754.547 1898.704 657.2196 192.1334 47.40847 9.848183 
5.789713e-05 0.002723202 0.08869289 2.000249 31.23675 337.7808 2529.269 13114.77 47096.52 117194.3 202494.1 244921.8 213798.1 148716.8 100968 74718.54 52063.61 30016.42 14499.95 6311.992 2537.935 906.6229 276.8149 70.8067 14.91109 
6.581971e-05 0.003095842 0.1008295 2.273961 35.51116 384.0028 2875.385 14909.66 53545.1 133270 230469.5 279698 247194.9 178499.5 129743 101599.9 72485.76 42091.8 20360.98 8834.953 3522.17 1244.683 377.8737 97.33234 20.92652 
5.954518e-05 0.002800718 0.09121756 2.057187 32.12593 347.3967 2601.294 13488.67 48445.43 120612.3 208819 254551.1 228614.9 172877.8 135608.9 112686.5 83077.8 49796.24 25212.61 11520.09 4767.542 1713.543 521.6973 133.8369 28.63571 
4.573275e-05 0.002151048 0.07005823 1.57999 24.67383 266.813 1997.895 10359.99 37211.12 92667.56 160607.2 196580.5 179127.5 140905.6 117284.7 101857.7 77392.25 48242 25937.46 12712.19 5600.198 2122.282 676.9108 180.1728 39.44562 
5.082275e-05 0.002390457 0.07785562 1.755841 27.41998 296.5082 2220.233 11512.55 41345.52 102910.7 177999.7 216172.2 191557.4 139501.8 103294.9 83235.58 62402.85 39916.1 22613.3 11805.18 5535.46 2235.133 761.5562 215.9594 49.95197 
5.006255e-05 0.002354701 0.07669107 1.729578 27.00984 292.0733 2187.031 11340.5 40729.31 101393.4 175487.7 213650.5 191017.5 142647.2 109781.8 90183.28 66556.17 40480.29 21272.75 10441.87 4829.309 2011.402 724.6657 219.1066 54.02989 
4.683529e-05 0.002202906 0.07174721 1.618081 25.26866 273.245 2046.047 10609.49 38104.44 94864.31 164224 200110.7 179472.8 135227.3 105616.7 87878.34 65562.65 40438.69 21549.5 10549.11 4729.46 1877.51 650.6287 194.9197 49.16496 
4.477861e-05 0.00210617 0.06859658 1.547026 24.15904 261.246 1956.2 10143.61 36431.29 90699.85 157021.4 191366 171734.7 129631.3 101589.2 84894.16 63773.97 39862.91 21709.85 10897.45 4983.069 1994.426 685.4872 200.5554 49.17386 
5.444839e-05 0.00256099 0.08340976 1.881101 29.37609 317.6606 2378.618 12333.75 44293.81 110239.8 190612.8 231189.5 203888.4 146370.4 105595 83017.99 60935.47 37870.95 20649.81 10436.83 4835.9 1971.663 690.9813 204.9534 50.3937 
5.781167e-05 0.002719182 0.08856199 1.997297 31.19066 337.2828 2525.554 13095.78 47032.33 117073.9 202554.9 246264.7 219083.9 161292.5 121260 97804.03 71388.27 42863.3 22033.64 10476.04 4673.952 1882.32 662.1626 198.7961 49.61647 
5.811389e-05 0.002733397 0.08902496 2.007738 31.35371 339.0462 2538.762 13164.36 47279.85 117702.3 203725.8 248083.4 221979.8 166161.8 128436.8 106046.2 78788.91 48392.74 25610.91 12403.31 5474.187 2124.222 714.4198 207.2851 50.92042 
6.348111e-05 0.002985846 0.09724703 2.193167 34.24944 370.3593 2773.229 14380.07 51644.87 128557.1 222432.7 270481.8 240797.8 177693.4 134332.2 109435.6 81434.93 50764.8 27613.34 13833.68 6300.107 2502.542 849.36 243.9478 58.41101 
6.588473e-05 0.0030989 0.1009291 2.276208 35.54625 384.3825 2878.238 14924.63 53601.52 133436.5 230936 281107.4 251173.9 187273.6 143880.1 118376.5 88027.09 54399.91 29221.96 14541.65 6672.826 2707.725 945.4229 278.8103 67.90523 
6.467936e-05 0.003042205 0.09908263 2.234564 34.89593 377.3503 2825.585 14651.68 52622.27 131009.1 226805.3 276411.7 248050.1 187219.4 146678.1 122492.4 91888.19 57282.71 31088.21 15579.18 7148.604 2890.781 1009.861 300.6386 74.52132 
6.174102e-05 0.002904 0.09458137 2.133049 33.31063 360.2077 2697.223 13986.13 50232.64 125066.9 216566.8 264163.3 237799.3 181058.8 143840.4 121496.7 91978.01 58086.74 32137.27 16443.88 7672.056 3138.402 1104.053 329.8329 81.9899 
5.073598e-05 0.002386376 0.0777227 1.752844 27.37318 296.0028 2216.467 11493.39 41282.07 102805.5 178177.6 218086.1 198728 156362.5 130320.5 113635.5 87205.25 55563.27 31085.62 16134.96 7653.552 3189.162 1143.067 346.9775 87.25352 
5.426273e-05 0.002552257 0.08312535 1.874687 29.27593 316.5778 2370.517 12291.9 44145.62 109892 190155.1 231313.3 206199.2 152788.3 116493.3 96101.15 73050.82 47399.35 27419.15 14716.15 7152.143 3034.668 1106.4 341.8396 87.48374 
