# Number of parameters = 80 Objective function value = 22442.9137492580  Maximum gradient component = 0.000687093442326316
# srv_sel50:
1.52342959081
# srv_sel95:
2.98155547211
# stNatLen:
 11.3920205457 10.7845290341 8.93012778730 7.59385924276 6.72222039534 6.11642500975 5.66491809011 5.31529021155 5.03964793608 4.82153989806 4.65060064404 4.52004298795 4.42536721347 4.36365426386 4.33318401747
# log_avg_fmort_dir:
0.635029319866
# fmort_dir_dev:
 -1.04695906971 -0.728208246596 -0.923135442076 -0.626473422099 -0.493782438240 -0.484934574698 -0.425909835566 -0.224649371153 -0.195363702471 -0.0799047928415 -0.0799080255552 -0.0180217812799 -0.0710627420399 0.0279674911686 0.0973504305517 0.222766110690 0.240570866048 0.225093881753 0.454910982900 0.378237587764 0.344365708862 0.399114606848 0.392296502953 0.496103391701 0.486822114795 0.533680693142 0.461697822566 0.393353644436 0.243981608147
# mean_log_rec:
13.8472668834
# rec_dev:
 -2.08198144230 -1.57196824721 -1.42479157317 -1.23822758630 -1.00759337942 -0.856237931609 -0.707706136686 -0.500281806017 -0.136748342164 -0.0587224696684 0.184548914326 0.535278463930 0.602561294294 0.406244638947 0.310170536228 0.293738526353 0.318387843376 0.390977796546 0.257306284681 0.417637373176 0.475004300923 0.523237736965 0.659317752164 0.702008801922 0.635839926768 0.581256137037 0.642610535295 0.824066021155 0.824066030461
# log_avg_NatM:
-0.376985054518
# m_dev:
 0.00000000000 0.00000000000 0.00000000000 0.00000000000 0.00000000000 0.00000000000 0.00000000000 0.00000000000 0.00000000000 0.00000000000 0.00000000000 0.00000000000 0.00000000000 0.00000000000 0.00000000000 0.00000000000 0.00000000000 0.00000000000 0.00000000000 0.00000000000 0.00000000000 0.00000000000 0.00000000000 0.00000000000 0.00000000000 0.00000000000 0.00000000000 0.00000000000 0.00000000000
# log_avg_GrowthK:
-1.18630400000
# log_avg_Linf:
3.44583300000
# GrowthK_dev:
 0.00000000000 0.00000000000 0.00000000000 0.00000000000 0.00000000000 0.00000000000 0.00000000000 0.00000000000 0.00000000000 0.00000000000 0.00000000000 0.00000000000 0.00000000000 0.00000000000 0.00000000000 0.00000000000 0.00000000000 0.00000000000 0.00000000000 0.00000000000 0.00000000000 0.00000000000 0.00000000000 0.00000000000 0.00000000000 0.00000000000 0.00000000000 0.00000000000 0.00000000000
# Linf_dev:
 0.00000000000 0.00000000000 0.00000000000 0.00000000000 0.00000000000 0.00000000000 0.00000000000 0.00000000000 0.00000000000 0.00000000000 0.00000000000 0.00000000000 0.00000000000 0.00000000000 0.00000000000 0.00000000000 0.00000000000 0.00000000000 0.00000000000 0.00000000000 0.00000000000 0.00000000000 0.00000000000 0.00000000000 0.00000000000 0.00000000000 0.00000000000 0.00000000000 0.00000000000
# SelPars50:
1.46803470261
# SelPars95:
2.32494411903
# SelPars_dev50:
 0.00000000000 0.00000000000 0.00000000000 0.00000000000 0.00000000000 0.00000000000 0.00000000000 0.00000000000 0.00000000000 0.00000000000 0.00000000000 0.00000000000 0.00000000000 0.00000000000 0.00000000000 0.00000000000 0.00000000000 0.00000000000 0.00000000000 0.00000000000 0.00000000000 0.00000000000 0.00000000000 0.00000000000 0.00000000000 0.00000000000 0.00000000000 0.00000000000 0.00000000000
# SelPars_dev95:
 0.00000000000 0.00000000000 0.00000000000 0.00000000000 0.00000000000 0.00000000000 0.00000000000 0.00000000000 0.00000000000 0.00000000000 0.00000000000 0.00000000000 0.00000000000 0.00000000000 0.00000000000 0.00000000000 0.00000000000 0.00000000000 0.00000000000 0.00000000000 0.00000000000 0.00000000000 0.00000000000 0.00000000000 0.00000000000 0.00000000000 0.00000000000 0.00000000000 0.00000000000
