#Simulated generalized assessment 
# 
#start/end year 
69 97 
#number of ages 
15 
#ages 
1 2 3 4 5 6 7 8 9 10 11 12 13 14 15 
#Number of length bins 
25 
#CPUE years 
29 
#years for CPUE 
69 70 71 72 73 74 75 76 77 78 79 80 81 82 83 84 85 86 87 88 89 90 91 92 93 94 95 96 97 
#survey years 
29 
#years for survey 
69 70 71 72 73 74 75 76 77 78 79 80 81 82 83 84 85 86 87 88 89 90 91 92 93 94 95 96 97 
#length freq from catch years 
29 
#years for length freq catch 
69 70 71 72 73 74 75 76 77 78 79 80 81 82 83 84 85 86 87 88 89 90 91 92 93 94 95 96 97 
#catch length sample sizes 
200 200 200 200 200 200 200 200 200 200 200 200 200 200 200 200 200 200 200 200 200 200 200 200 200 200 200 200 200 
#length freq from survey years 
29 
#years for length freq survey 
69 70 71 72 73 74 75 76 77 78 79 80 81 82 83 84 85 86 87 88 89 90 91 92 93 94 95 96 97 
#survey sample sizes 
200 200 200 200 200 200 200 200 200 200 200 200 200 200 200 200 200 200 200 200 200 200 200 200 200 200 200 200 200 
#total survey biomass 
8934.131 13922.08 11930.26 19844.82 19241.55 21854.42 32978.74 22268.12 53647.86 49367.8 59382.15 95361.45 97549.62 173169.1 105156.8 82335.77 53772.38 93644.88 112144.9 85035.01 71873.97 86760.99 101836.8 103014.9 162263.3 135075.9 133861.8 95209 117668.3 
#survey CV 
0.2 0.2 0.2 0.2 0.2 0.2 0.2 0.2 0.2 0.2 0.2 0.2 0.2 0.2 0.2 0.2 0.2 0.2 0.2 0.2 0.2 0.2 0.2 0.2 0.2 0.2 0.2 0.2 0.2 
#total CPUE 
11146.12 10264.22 13080.59 12862.97 16591.44 13110.76 23520.68 23622.09 57182.95 63149.52 54774.44 90562.63 84567.33 189738.2 90476.75 108992.1 85509.27 83786.17 120652 113214.8 141186.3 128121.7 124071 127288 141454.9 144660.1 115472.1 164193.7 119904.1 
#CPUE CV 
0.2 0.2 0.2 0.2 0.2 0.2 0.2 0.2 0.2 0.2 0.2 0.2 0.2 0.2 0.2 0.2 0.2 0.2 0.2 0.2 0.2 0.2 0.2 0.2 0.2 0.2 0.2 0.2 0.2 
#total catch biomass 
6921.155 7267.693 6934.112 9338.842 10653.01 13965.09 15918.74 17845.63 27521.59 34031.14 53291.91 51830.49 80274.77 97067.58 104548 87950.99 76247.18 72064.73 79285.23 79576.32 83465.91 79751.74 91584.24 95545.02 101114.5 114814.5 100940.8 98156.98 72229.48 
#catch CV 
0.05 0.05 0.05 0.05 0.05 0.05 0.05 0.05 0.05 0.05 0.05 0.05 0.05 0.05 0.05 0.05 0.05 0.05 0.05 0.05 0.05 0.05 0.05 0.05 0.05 0.05 0.05 0.05 0.05 
#Length Bins 
0.7268035 2.18041 3.634017 5.087624 6.541231 7.994838 9.448445 10.90205 12.35566 13.80927 15.26287 16.71648 18.17009 19.62369 21.0773 22.53091 23.98451 25.43812 26.89173 28.34534 29.79894 31.25255 32.70616 34.15976 35.61337 
#catch length counts 
2.007075e-37 2.785687e-29 4.673568e-22 9.477903e-16 2.323396e-10 6.884648e-06 0.02465969 10.67679 558.7809 3535.051 2725.021 1418.96 7595.613 6413.787 4410.884 4268.323 1755.063 655.1985 137.5165 15.84311 0.7469024 0.0105665 3.374452e-05 1.977677e-08 1.859857e-12 
2.430564e-37 3.373463e-29 5.659684e-22 1.147773e-15 2.813629e-10 8.337299e-06 0.02986285 12.92958 676.6828 4280.945 3300.172 1641.846 8178.284 6566.172 4585.348 4061.007 1587.668 538.201 101.7524 10.1192 0.3887093 0.004232682 1.000789e-05 4.244972e-09 2.851047e-13 
4.450882e-37 6.17753e-29 1.036409e-21 2.101816e-15 5.152355e-10 1.526737e-05 0.05468524 23.67682 1239.151 7839.289 6026.907 2075.716 8707.959 6645.715 4744.301 3839.888 1425.68 432.6638 71.70915 6.029724 0.1871547 0.001566735 2.741248e-06 8.407336e-10 4.031145e-14 
4.677157e-37 6.491585e-29 1.089098e-21 2.208669e-15 5.414292e-10 1.604354e-05 0.05746534 24.88051 1302.147 8237.9 6358.674 3194.543 13952.44 9736.983 5091.596 3584.285 1263.523 341.8897 48.97109 3.391114 0.08334773 0.0005326503 6.898097e-07 1.532216e-10 5.249968e-15 
8.264074e-37 1.146999e-28 1.924329e-21 3.9025e-15 9.56652e-10 2.834735e-05 0.1015356 43.9614 2300.765 14555.46 11194.8 3668.824 13150.24 9233.674 7526.762 4818.318 1236.107 273.1275 33.58058 1.888277 0.03595084 0.000172546 1.64371e-07 2.644352e-11 6.488707e-16 
1.174995e-36 1.630816e-28 2.736032e-21 5.548619e-15 1.360179e-09 4.030458e-05 0.1443644 62.50482 3271.253 20695.21 15940.54 5848.86 20269.67 12674.81 7085.322 4272.324 1400.838 260.0042 22.58516 0.9842502 0.01431602 5.077278e-05 3.511427e-08 4.063434e-12 7.127519e-17 
1.296012e-36 1.798779e-28 3.017826e-21 6.12009e-15 1.500268e-09 4.445568e-05 0.159233 68.9424 3608.171 22826.87 17628.46 7722.439 26163.79 15914.69 10432.82 5307.186 1229.897 219.908 18.1322 0.5571464 0.005720433 1.470819e-05 7.302204e-09 6.015553e-13 7.485168e-18 
2.05396e-36 2.850761e-28 4.782743e-21 9.699308e-15 2.377671e-09 7.045474e-05 0.2523574 109.2621 5718.341 36176.54 27864.72 9104.831 25959.04 15817.93 12664.89 6080 1403.56 190.0404 12.13182 0.3202599 0.002368304 4.112809e-06 1.417247e-09 8.209866e-14 7.187934e-19 
3.514229e-36 4.877518e-28 8.183049e-21 1.659506e-14 4.068083e-09 0.0001205447 0.4317717 186.9422 9783.812 61896.44 47668.01 14479.66 36894.1 19919.1 12149.66 5450.468 1353.408 169.1391 8.572318 0.1636662 0.000928787 1.16903e-06 2.722919e-10 1.063047e-14 6.391127e-20 
5.123958e-36 7.111716e-28 1.193138e-20 2.41966e-14 5.931511e-09 0.0001757615 0.6295492 272.573 14265.39 90249.58 69653.7 24087.26 59464.44 30023.23 16880.96 6212.557 1172.282 134.5365 6.321881 0.0947173 0.0003798757 3.416397e-07 5.711311e-11 1.546616e-15 6.285669e-21 
6.343444e-36 8.804282e-28 1.477101e-20 2.995531e-14 7.343192e-09 0.0002175922 0.7793799 337.4446 17660.51 111730.2 86474.65 34174.42 81128.95 40769.25 25432.97 8227.241 1268.703 107.3104 3.925531 0.04983986 0.0001556063 9.905768e-08 1.144226e-11 2.166607e-16 6.178709e-22 
7.13419e-36 9.901785e-28 1.66123e-20 3.368941e-14 8.258562e-09 0.0002447163 0.876534 379.5089 19861.99 125659.8 97515.54 41991.17 93903 47676.12 32060.84 9683.238 1441.441 97.81572 2.529164 0.02283778 5.461268e-05 2.655346e-08 2.217321e-12 2.915238e-17 5.712666e-23 
1.436723e-35 1.994077e-27 3.345478e-20 6.784562e-14 1.663155e-08 0.0004928234 1.765213 764.2764 39999.19 253056.3 195338.7 56700.68 101089.8 51518.07 35182.69 10049.41 1477.847 90.01761 1.897062 0.01201805 1.938533e-05 6.662332e-09 4.078775e-13 3.918641e-18 5.480793e-24 
1.580822e-35 2.194077e-27 3.68102e-20 7.465034e-14 1.829965e-08 0.0005422521 1.942259 840.9311 44011 278453 217285.8 104093.7 199343.1 80102.58 36586.57 9490.209 1321.176 73.28884 1.358181 0.006860379 7.903961e-06 1.817957e-09 7.475473e-14 4.982433e-19 4.958711e-25 
1.275752e-35 1.770659e-27 2.970648e-20 6.024414e-14 1.476814e-08 0.0004376071 1.567437 678.6462 35517.67 224733.1 177452 114816.6 215802.3 107215.2 64537.37 12508.44 1156.946 53.76413 0.865072 0.003652761 3.312927e-06 5.581045e-10 1.583538e-14 7.070955e-20 4.715577e-26 
9.553893e-36 1.326017e-27 2.224669e-20 4.511584e-14 1.105962e-08 0.0003277167 1.173828 508.227 26598.61 168310.4 134021.2 97342.83 172663.5 101329.6 66917.16 14678.66 1494.077 48.55329 0.5390364 0.001793027 1.298108e-06 1.695674e-10 3.592314e-15 1.152468e-20 5.346634e-27 
1.327332e-35 1.84225e-27 3.090756e-20 6.267991e-14 1.536524e-08 0.0004553002 1.630811 706.085 36953.71 233818.4 183477.8 84844.78 127532.2 79515.12 51286.27 12158.06 1344.524 45.60758 0.4253973 0.0009549168 4.836626e-07 4.722481e-11 7.572938e-16 1.818156e-21 6.202936e-28 
1.223988e-35 1.698815e-27 2.850115e-20 5.779976e-14 1.416893e-08 0.0004198513 1.503839 651.1105 34076.61 215648 172514.1 115998.2 167234.4 73367.01 35806.86 8199.164 888.07 30.84131 0.2846176 0.0005602945 2.090495e-07 1.379092e-11 1.523372e-16 2.621307e-22 6.540377e-29 
1.332396e-35 1.849278e-27 3.102547e-20 6.291904e-14 1.542386e-08 0.0004570372 1.637033 708.7788 37094.76 234755 187713.2 115079.6 153751.8 85313.93 40398.43 6272.14 513.8223 16.21373 0.1400153 0.0002546837 8.283957e-08 4.348775e-12 3.481117e-17 4.107836e-23 6.971329e-30 
1.339279e-35 1.858831e-27 3.118575e-20 6.324407e-14 1.550354e-08 0.0004593982 1.64549 712.4402 37286.44 236001 190857.1 129705.3 160459.7 80780.45 35153.29 5844.854 394.246 8.44071 0.05663241 8.768826e-05 2.450135e-08 1.084962e-12 7.074478e-18 6.493458e-24 8.160165e-31 
1.61425e-35 2.240472e-27 3.758857e-20 7.622887e-14 1.868661e-08 0.0005537184 1.983329 858.7131 44941.85 284466.4 229739 140427.1 159000 83806.52 32840.45 4694.343 287.6253 5.354145 0.02562631 2.776185e-05 5.902187e-09 2.082005e-13 1.090913e-18 7.994928e-25 7.912984e-32 
1.696023e-35 2.353968e-27 3.94927e-20 8.009039e-14 1.963322e-08 0.0005817681 2.083799 902.213 47218.63 298951.9 245586.2 172452.3 181327.6 84618.82 29132.66 3830.925 197.2975 3.031098 0.01191081 9.653992e-06 1.419667e-09 3.492855e-14 1.333782e-19 7.363637e-26 5.574095e-33 
1.951297e-35 2.708272e-27 4.543688e-20 9.214508e-14 2.258828e-08 0.0006693321 2.397439 1038.008 54325.8 343995.1 283691.9 190950.2 188573.4 94052.03 28801.11 3127.852 134.2101 1.692753 0.005228832 3.290256e-06 3.660885e-10 6.486555e-15 1.718239e-20 6.542611e-27 3.472628e-34 
2.192351e-35 3.042838e-27 5.104993e-20 1.035282e-13 2.537873e-08 0.0007520181 2.693606 1166.239 61037.24 386601.4 322977 226967 207484 96105.58 26732.6 2700.037 95.08669 0.9314385 0.002227434 1.067341e-06 8.898546e-11 1.172352e-15 2.282169e-21 6.259464e-28 2.342122e-35 
2.607998e-35 3.619729e-27 6.072847e-20 1.231561e-13 3.019027e-08 0.000894593 3.204287 1387.346 72609.68 460017.5 387364.9 267802.9 229310.8 104246.8 25414.41 2202.448 66.17336 0.528992 0.0009601091 3.40374e-07 2.093479e-11 2.025007e-16 2.877817e-22 5.742389e-29 1.558542e-36 
2.977448e-35 4.132502e-27 6.933129e-20 1.406025e-13 3.446704e-08 0.001021321 3.658207 1583.878 82896.37 525416.9 449324.1 321445 256025 107653.1 22960.19 1702.805 41.30709 0.261807 0.0003710081 9.905736e-08 4.443018e-12 3.095845e-17 3.166081e-23 4.549059e-30 8.884761e-38 
2.518178e-35 3.495065e-27 5.863696e-20 1.189146e-13 2.915051e-08 0.0008637829 3.09393 1339.566 70111.59 444982.4 402309.6 367747.2 286043.5 116514 21770.71 1368.776 26.9848 0.1337327 0.0001438366 2.882313e-08 9.603634e-13 4.892498e-18 3.602287e-24 3.69184e-31 5.126847e-39 
2.402688e-35 3.334773e-27 5.594773e-20 1.134609e-13 2.78136e-08 0.0008241677 2.952035 1278.13 66895.65 424411.3 376868 316775.1 268279.6 125730 22988.19 1330.167 22.89111 0.09581304 8.523692e-05 1.392143e-08 3.753958e-13 1.546321e-18 9.202506e-25 7.602002e-32 8.467783e-40 
1.779829e-35 2.470285e-27 4.144415e-20 8.404791e-14 2.060336e-08 0.0006105151 2.186766 946.7949 49553.84 314335.3 276826.7 221280.4 179832.5 80975.2 15965.28 994.0671 16.58866 0.06321926 4.963452e-05 7.050936e-09 1.642446e-13 5.823622e-19 2.97868e-25 2.115722e-32 2.029354e-40 
#survey length counts 
8.584242e-37 1.191436e-28 1.998881e-21 4.053691e-15 9.937147e-10 2.944558e-05 0.1054693 45.66456 2389.901 15119.25 11595.35 2872.298 11724.43 9815.816 6148.319 5820.58 2290.774 826.9349 167.4363 18.66052 0.8445964 0.01141116 3.487783e-05 1.967383e-08 1.790044e-12 
1.309756e-36 1.817855e-28 3.049829e-21 6.184992e-15 1.516178e-09 4.492712e-05 0.1609217 69.67352 3646.434 23068.44 17679.19 3580.195 11917.6 9496.57 6214.9 5417.112 2035.419 662.3067 118.3837 11.24819 0.4153343 0.00434901 9.888149e-06 4.045201e-09 2.632007e-13 
1.168672e-36 1.62204e-28 2.721308e-21 5.518758e-15 1.352859e-09 4.008768e-05 0.1435875 62.16845 3253.649 20583.65 15808.62 4680.58 18453.49 13565.99 6628.653 5012.04 1797.558 525.0716 81.78989 6.454397 0.1902881 0.001531862 2.590652e-06 7.698039e-10 3.584984e-14 
1.742027e-36 2.417819e-28 4.056392e-21 8.226282e-15 2.016576e-09 5.975484e-05 0.2140321 92.66852 4849.901 30682 23533.52 5297.026 16737.16 12254.41 9514.723 6695.499 1762.635 418.0344 56.36197 3.646019 0.08393289 0.0005104516 6.376804e-07 1.376139e-10 4.596888e-15 
2.1599e-36 2.997798e-28 5.029429e-21 1.019958e-14 2.500307e-09 7.408867e-05 0.2653736 114.8976 6013.282 38042.04 29214.23 7760.001 25241.79 16644.81 8941.393 5831.307 1981.47 407.9534 38.8272 1.95214 0.03460138 0.0001563478 1.422941e-07 2.213991e-11 5.294812e-16 
2.072164e-36 2.876027e-28 4.825133e-21 9.785272e-15 2.398744e-09 7.107918e-05 0.2545941 110.2304 5769.022 36496.99 28088.75 9430.339 31674.38 20233.91 12953.98 7261.17 1739.739 339.564 31.66404 1.137026 0.01422687 4.677918e-05 3.065595e-08 3.402127e-12 5.779264e-17 
2.911276e-36 4.040659e-28 6.779044e-21 1.374776e-14 3.370103e-09 9.986231e-05 0.3576905 154.8677 8105.156 51276.14 39413.46 10782 30700.01 19484.62 15505.69 8203.466 1985.605 298.9551 21.31977 0.6672726 0.006103018 1.356845e-05 6.176757e-09 4.826826e-13 5.775147e-18 
4.59401e-36 6.376183e-28 1.069737e-20 2.169405e-14 5.318041e-09 0.0001575833 0.5644377 244.382 12789.98 80914.19 62210.64 16671.28 43370.1 24609.1 14959.73 7324.836 1925.108 270.6837 15.62848 0.3538772 0.002494889 4.054992e-06 1.250231e-09 6.584455e-14 5.412518e-19 
6.154817e-36 8.54248e-28 1.433178e-20 2.906457e-14 7.124836e-09 0.0002111219 0.7562044 327.4104 17135.36 108405.5 83523.94 26508.16 68779.15 36537.43 20697.74 8408.14 1674.756 214.8389 11.68337 0.2110375 0.001056872 1.229123e-06 2.728507e-10 9.979866e-15 5.543157e-20 
7.093646e-36 9.845513e-28 1.651789e-20 3.349795e-14 8.211628e-09 0.0002433256 0.8715526 377.3522 19749.11 124942.7 96536.17 36303.47 92331.22 48484.6 30955.75 11122.24 1832.896 174.6635 7.34745 0.1133033 0.0004470981 3.699882e-07 5.681667e-11 1.454584e-15 5.67264e-21 
7.631982e-36 1.059269e-27 1.777143e-20 3.60401e-14 8.834807e-09 0.0002617915 0.9376945 405.9894 21247.87 134426.3 104150.1 43902.33 106345.8 55996.44 39130.28 13090.71 2110.095 163.872 4.918894 0.05386569 0.000163074 1.03698e-07 1.155494e-11 2.056049e-16 5.511343e-22 
1.529339e-35 2.122622e-27 3.561138e-20 7.221916e-14 1.770368e-08 0.0005245923 1.879004 813.544 42577.66 269367 207714.4 59247.4 114262.5 60016.63 43108.58 13574.79 2184.459 153.4449 3.8167 0.02963321 6.056041e-05 2.721956e-08 2.22874e-12 2.904167e-17 5.559659e-23 
1.660925e-35 2.305254e-27 3.867542e-20 7.843297e-14 1.922692e-08 0.0005697288 2.040676 883.5421 46241.09 292557.3 227827.7 108024.5 225713.8 95153.85 45260.39 12876.32 1978.501 127.0788 2.810509 0.01760536 2.591633e-05 7.811791e-09 4.295998e-13 3.887097e-18 5.303637e-24 
1.331178e-35 1.847587e-27 3.09971e-20 6.28615e-14 1.540976e-08 0.0004566193 1.635536 708.1306 37060.76 234489.7 184607.4 119261.5 244824.3 124722.4 81062.4 17599.7 1780.57 95.47488 1.846523 0.009747118 1.138612e-05 2.527013e-09 9.606379e-14 5.822307e-19 5.322907e-25 
9.898666e-36 1.37387e-27 2.304951e-20 4.674395e-14 1.145873e-08 0.0003395431 1.216188 526.5674 27558.47 174377.1 138377 101253.4 196031.5 116643.8 84450.26 20449.98 2363.116 90.20142 1.194962 0.004975271 4.664969e-06 8.067393e-10 2.29719e-14 1.001478e-19 6.366206e-26 
1.364635e-35 1.894023e-27 3.177616e-20 6.444142e-14 1.579705e-08 0.0004680956 1.676642 725.9283 37992.22 240382.8 188251.1 88226.58 144844.9 91424.71 64975.5 16879.39 2140.239 86.16972 0.9847003 0.002779321 1.820066e-06 2.35802e-10 5.098172e-15 1.667063e-20 7.801816e-27 
1.249776e-35 1.734607e-27 2.910164e-20 5.901753e-14 1.446745e-08 0.0004286971 1.535523 664.8286 34794.54 220180 175587.5 120892 191365.8 86315.39 45736.76 11462.54 1426.948 59.03817 0.6754903 0.001697609 8.263713e-07 7.240249e-11 1.078992e-15 2.534089e-21 8.692352e-28 
1.353172e-35 1.878114e-27 3.150926e-20 6.390014e-14 1.566437e-08 0.0004641639 1.66256 719.8309 37673.16 238402.5 190097.3 120114.2 175578 99678.23 52845.63 9073.865 842.2509 31.67574 0.3409978 0.0007985771 3.419511e-07 2.399007e-11 2.595552e-16 4.178801e-22 9.753115e-29 
1.35659e-35 1.882857e-27 3.158884e-20 6.406153e-14 1.570393e-08 0.0004653361 1.666758 721.6488 37768.35 239033.8 192706.6 136030.2 184320.3 95396.13 46181.44 8550.954 673.5496 17.16456 0.1428262 0.0002857836 1.057329e-07 6.292607e-12 5.569288e-17 6.987739e-23 1.207059e-29 
1.623055e-35 2.252694e-27 3.779361e-20 7.664469e-14 1.878854e-08 0.0005567389 1.994148 863.3974 45186.96 285996.1 230358 147113 182197.5 99215.98 43652.28 6960.025 498.4383 11.25167 0.06748768 9.429425e-05 2.657054e-08 1.264448e-12 9.029286e-18 9.076898e-24 1.237945e-30 
1.701206e-35 2.361162e-27 3.961339e-20 8.033516e-14 1.969322e-08 0.0005835461 2.090167 904.9703 47362.85 299832.9 245562.8 181561.4 208981 101375 39137 5786.516 351.3382 6.565876 0.03261666 3.439235e-05 6.715923e-09 2.23024e-13 1.163393e-18 8.83964e-25 9.250078e-32 
1.951345e-35 2.708338e-27 4.543799e-20 9.214733e-14 2.258883e-08 0.0006693484 2.397497 1038.034 54327 343961.1 282886 201515.7 217100.4 113437 39330.77 4825.726 245.0088 3.789573 0.01487558 1.223136e-05 1.81528e-09 4.350283e-14 1.574381e-19 8.254959e-26 6.068988e-33 
2.186101e-35 3.034164e-27 5.09044e-20 1.032331e-13 2.530638e-08 0.0007498742 2.685928 1162.914 60863.03 385439.3 321141.2 240288 239589.7 116974.3 36809.25 4245.321 178.777 2.157299 0.006586763 4.141953e-06 4.619935e-10 8.252791e-15 2.198512e-20 8.305232e-27 4.300807e-34 
2.565792e-35 3.56115e-27 5.974569e-20 1.21163e-13 2.97017e-08 0.0008801155 3.152431 1364.894 71434.3 452490.8 380141.1 281310.7 262281.6 126808.4 35145.44 3494.924 126.2792 1.255428 0.002925562 1.365183e-06 1.126356e-10 1.480435e-15 2.883891e-21 7.936775e-28 2.98429e-35 
2.937147e-35 4.076566e-27 6.839285e-20 1.386993e-13 3.40005e-08 0.001007497 3.608691 1562.439 81773.8 518186.6 442187.1 340217.8 294961.8 132916.9 32330.92 2775.277 81.46036 0.6452249 0.00118048 4.16639e-07 2.512429e-11 2.382441e-16 3.344748e-22 6.636911e-29 1.797683e-36 
2.481485e-35 3.444138e-27 5.778255e-20 1.171819e-13 2.872575e-08 0.0008511966 3.048848 1320.047 69089.16 438332.1 395360.8 391330.8 330047.4 145436.3 31135.56 2282.495 54.80687 0.3415642 0.0004762824 1.265816e-07 5.685493e-12 3.94801e-17 3.993432e-23 5.655197e-30 1.089881e-37 
2.358353e-35 3.273239e-27 5.491537e-20 1.113673e-13 2.730037e-08 0.00080896 2.897563 1254.546 65661.71 416734.7 376581.4 346307.9 298085.1 149136.5 29444.54 1888.821 37.04734 0.1808989 0.0001916206 3.780577e-08 1.244361e-12 6.301208e-18 4.632705e-24 4.743912e-31 6.566469e-39 
2.397625e-35 3.327745e-27 5.582983e-20 1.132218e-13 2.775498e-08 0.0008224309 2.945814 1275.437 66754.86 423583.6 378942.6 330875.8 275841.3 127882.6 25954.15 1724.708 31.23356 0.1317129 0.0001161366 1.870984e-08 4.977158e-13 2.024512e-18 1.191787e-24 9.765425e-32 1.082335e-39 
2.397625e-35 3.327745e-27 5.582983e-20 1.132218e-13 2.775498e-08 0.0008224309 2.945814 1275.437 66754.86 423583.6 378942.6 330880 275979.2 128162.4 25630.34 1614.431 27.14177 0.1040353 8.201881e-05 1.16851e-08 2.727576e-13 9.685747e-19 4.959696e-25 3.525889e-32 3.384284e-40 
