#Simulated generalized assessment 
# 
#start/end year 
73 100 
#number of ages 
15 
#ages 
1 2 3 4 5 6 7 8 9 10 11 12 13 14 15 
#Number of length bins 
25 
#CPUE years 
28 
#years for CPUE 
73 74 75 76 77 78 79 80 81 82 83 84 85 86 87 88 89 90 91 92 93 94 95 96 97 98 99 100 
#survey years 
28 
#years for survey 
73 74 75 76 77 78 79 80 81 82 83 84 85 86 87 88 89 90 91 92 93 94 95 96 97 98 99 100 
#length freq from catch years 
28 
#years for length freq catch 
73 74 75 76 77 78 79 80 81 82 83 84 85 86 87 88 89 90 91 92 93 94 95 96 97 98 99 100 
#catch length sample sizes 
200 200 200 200 200 200 200 200 200 200 200 200 200 200 200 200 200 200 200 200 200 200 200 200 200 200 200 200 
#length freq from survey years 
28 
#years for length freq survey 
73 74 75 76 77 78 79 80 81 82 83 84 85 86 87 88 89 90 91 92 93 94 95 96 97 98 99 100 
#survey sample sizes 
200 200 200 200 200 200 200 200 200 200 200 200 200 200 200 200 200 200 200 200 200 200 200 200 200 200 200 200 
#total survey biomass 
38527.08 62481.86 39890.78 40551.73 54708.49 53652.36 47652.28 63928.71 63958.94 66031.44 61235.38 59598.17 92877.76 65810.98 97527.4 95698.99 123758.7 109409.6 135487.8 163232.4 142606.9 88430.41 94467.05 122052.3 182893 179163.7 180191.3 211773.7 
#survey CV 
0.2 0.2 0.2 0.2 0.2 0.2 0.2 0.2 0.2 0.2 0.2 0.2 0.2 0.2 0.2 0.2 0.2 0.2 0.2 0.2 0.2 0.2 0.2 0.2 0.2 0.2 0.2 0.2 
#total CPUE 
45061.81 33016.36 30654.17 33873.23 26762.99 46381.08 38535.19 45269.05 51305.25 46190.15 34010.23 41104.55 83800.32 71994.86 63891.31 108600.7 74471.24 76246.2 67405.2 87926.05 89129.88 100843.8 105643.8 134344.5 130441.6 129063.6 117549.7 115480.6 
#CPUE CV 
0.2 0.2 0.2 0.2 0.2 0.2 0.2 0.2 0.2 0.2 0.2 0.2 0.2 0.2 0.2 0.2 0.2 0.2 0.2 0.2 0.2 0.2 0.2 0.2 0.2 0.2 0.2 0.2 
#total catch biomass 
23320.76 24289.45 26268.1 27621.41 32646.42 33263.22 30178.38 27954.12 32439.92 43063.26 50174.72 36520.95 43883.06 45029.59 53922.95 57037.68 61530.36 70883.4 58008.37 59925.52 82730.59 72104.58 92550.11 84738.55 88319.04 105109.3 113973.2 87520.1 
#catch CV 
0.1 0.1 0.1 0.1 0.1 0.1 0.1 0.1 0.1 0.1 0.1 0.1 0.1 0.1 0.1 0.1 0.1 0.1 0.1 0.1 0.1 0.1 0.1 0.1 0.1 0.1 0.1 0.1 
#Length Bins 
0.6062379 1.818714 3.03119 4.243665 5.456141 6.668617 7.881093 9.093569 10.30604 11.51852 12.731 13.94347 15.15595 16.36842 17.5809 18.79338 20.00585 21.21833 22.4308 23.64328 24.85575 26.06823 27.28071 28.49318 29.70566 
#catch length counts 
5.650274e-06 0.0002657616 0.008655683 0.1952076 3.04845 32.96482 246.8429 1280.045 4598.413 11458.8 19909.58 24603.02 23167.77 19774.82 18262.48 16843.69 13086.61 8262.854 4539.564 2324.741 1104.778 468.6247 173.0169 54.48708 14.26857 
6.319023e-06 0.0002972164 0.009680144 0.2183118 3.409254 36.86636 276.0561 1431.498 5141.968 12808.11 22218.72 27290.93 25175.01 20444.99 17789.29 15942.67 12396.65 7982.07 4512.989 2355.197 1114.653 462.6004 166.4944 51.51174 13.39504 
8.415508e-06 0.0003958249 0.01289176 0.2907418 4.540353 49.09759 367.6428 1906.402 6847.523 17053.42 29562.37 36212.78 33090.18 26219.69 22040.91 19248.79 14642.28 9136.049 4956.937 2505.908 1176.721 492.3117 178.4536 54.99641 14.10862 
7.420167e-06 0.0003490089 0.01136699 0.2563545 4.003346 43.29066 324.1621 1680.967 6038.254 15042.55 26107.71 32127.73 29825.36 24590.29 21741.51 19465.46 14748.96 8947.074 4605.63 2180.886 964.6764 385.1035 135.2135 41.00674 10.46287 
9.42107e-06 0.0004431217 0.01443218 0.3254823 5.082875 54.96419 411.5712 2134.176 7665.439 19088.27 33075.26 40447.49 36740.87 28661.1 23573.94 20309.73 15366.92 9540.92 5104.547 2493.524 1102.427 425.2821 141.4624 40.572 9.899174 
8.123791e-06 0.000382104 0.01244488 0.2806635 4.382966 47.39572 354.9004 1840.353 6610.654 16467.17 28571.05 35115.71 32460.64 26478.45 23082.51 20459.94 15371.25 9199.079 4630.712 2133.504 918.5175 355.1824 119.0337 33.86628 8.026718 
1.042956e-05 0.0004905565 0.0159771 0.3603241 5.62698 60.84791 455.628 2362.623 8485.856 21130.19 36606.17 44731.33 40522.66 31382.14 25536.26 21827.6 16424.84 10121.44 5348.952 2570.153 1114.532 419.9855 135.664 37.53833 8.769946 
1.00875e-05 0.0004744676 0.0154531 0.3485065 5.442433 58.85237 440.6878 2285.2 8208.462 20446.25 35467.62 43557.89 40155.74 32533.92 28114.46 24794.03 18594.17 11118.73 5589.038 2565.765 1096.667 419.1076 138.1296 38.46197 8.878827 
1.093625e-05 0.0005143885 0.0167533 0.3778293 5.900349 63.80405 477.7647 2477.435 8898.569 22161.24 38415.38 47050.39 42970.06 33995.46 28496.1 24781.74 18694.63 11443.46 5970.082 2828.549 1213.923 454.1234 145.593 39.87231 9.184791 
1.039123e-05 0.0004887535 0.01591838 0.3589999 5.606302 60.62439 453.9568 2354.009 8455.657 21062.29 36538.4 44883.07 41410.61 33623.43 29158.31 25825.61 19508.7 11833.06 6084.886 2858.268 1235.431 471.2177 153.925 42.41723 9.696055 
1.327298e-05 0.0006242972 0.02033295 0.4585596 7.161069 77.43698 579.8482 3006.787 10799.94 26896.66 46625.34 57112.21 52180.56 41330.42 34717.59 30281.93 22967.65 14215.26 7557.909 3668.209 1613.419 617.9076 202.1597 56.07361 12.95912 
1.269558e-05 0.000597139 0.01944843 0.4386113 6.849548 74.06833 554.6239 2875.992 10330.22 25727.55 44603.54 54658.25 50008.72 39743.46 33490.61 29134.83 21823.16 13144.09 6702.882 3130.882 1357.505 524.5999 174.8395 49.28479 11.50601 
1.170183e-05 0.0005503976 0.01792609 0.4042788 6.313398 68.27071 511.2144 2650.955 9522.801 23725.43 41192.34 50759.76 47342.7 39483.75 35421.36 32009.92 24398.46 14899.79 7715.289 3634.401 1562.755 590.6119 192.2566 53.5056 12.50443 
1.520174e-05 0.0007150164 0.02328762 0.5251947 8.201671 88.68959 664.106 3443.667 12368.63 30798.3 53354.03 65190.63 59039.08 45691.45 37172.31 31850.04 24145.94 15122.51 8210.903 4075.768 1821.876 703.7823 230.8395 63.92917 14.74852 
1.675227e-05 0.000787946 0.02566288 0.5787631 9.038221 97.73578 731.8463 3794.982 13631.21 33949.61 58864.11 72162.08 66114.46 52727.26 44630.4 38897.52 29092.51 17442.39 8838.208 4117.418 1798.114 706.3252 240.0654 68.80352 16.23339 
1.673942e-05 0.0007873415 0.0256432 0.5783191 9.031286 97.66078 731.2842 3792.058 13620.58 33921.86 58807.32 72051.81 65884.69 52286.22 43990.31 38274.3 28745.97 17408.04 8927.145 4157.977 1770.01 664.471 216.0164 60.47068 14.30073 
1.776753e-05 0.0008356991 0.02721817 0.6138388 9.585981 103.6591 776.2029 4025.046 14458.34 36017.11 62499.96 76859.79 71188.44 58367.73 51270.65 45801 34800.56 21268.38 11049.12 5231.047 2260.115 855.3049 276.7675 75.92867 17.42897 
2.351807e-05 0.001106176 0.03602744 0.8125101 12.68851 137.2084 1027.412 5327.513 19134.19 47638.18 82482.04 100569.1 90398.86 68533.3 54022.28 45195.22 33710.64 20690.47 10921.05 5273.484 2318.071 889.9961 291.721 80.78814 18.58518 
1.726541e-05 0.0008120816 0.02644897 0.5964913 9.315076 100.7298 754.2707 3911.376 14050.88 35010.57 60811.15 75054.29 70375.84 59424.46 54008.84 48872.69 36727.06 21658.78 10583.55 4693.635 1955.505 739.4582 244.07 68.56333 15.99485 
1.682787e-05 0.0007915021 0.02577871 0.5813752 9.079013 98.17696 735.1514 3812.156 13693.39 34109.35 59174.43 72700.09 67116.41 54606.72 47594.34 42598.93 32904.76 20839.84 11398.88 5632.187 2458.847 912.9856 286.8133 76.9869 17.53283 
2.022715e-05 0.0009513878 0.03098608 0.6988146 10.913 118.0091 883.657 4582.281 16460.34 41007.88 71184.92 87656.02 81560.59 67651.72 60383.95 54693.81 42277.49 26682.93 14641.13 7429.339 3440.485 1386.574 471.5263 132.804 30.46852 
2.652945e-05 0.001247817 0.04064059 0.9165483 14.31322 154.7774 1158.971 6009.748 21585.26 53748.16 93112.83 113775.4 103056.6 79792.73 64954.39 55671.08 42211.69 26472.5 14466.18 7312.802 3388.027 1382.753 485.6653 144.0678 35.12744 
2.00571e-05 0.0009433894 0.03072558 0.6929398 10.82126 117.0173 876.2391 4543.986 16325.22 40695.38 70806.98 87963.04 84296.45 74844.27 72050.74 67409.45 51694.4 31323.87 16022.76 7544.479 3333.677 1331.612 465.3721 139.0881 34.61542 
2.396905e-05 0.001127389 0.03671831 0.8280908 12.93183 139.8396 1047.116 5429.737 19502.01 48560.61 84124.81 102788 93094.4 72090.61 58828.24 50864.72 39373.03 25657.91 14718.61 7664.206 3513.927 1373.089 457.4817 130.92 31.78145 
2.399846e-05 0.001128772 0.03676336 0.8291071 12.94771 140.0119 1048.422 5436.817 19531.9 48679.14 84631.08 104822.5 99465.31 86383.89 81235.97 75266.45 57859.32 35546.15 18721.06 9211.122 4272.951 1777.534 634.0115 188.3908 45.71542 
2.647767e-05 0.001245382 0.04056127 0.9147595 14.28529 154.4756 1156.715 5998.159 21545.13 53663.02 93066.29 114194.5 104967.2 84488.32 72689.22 64793.01 50424.33 32604.52 18481.21 9573.846 4432.659 1778.816 616.4877 183.8618 46.01709 
2.627887e-05 0.001236031 0.04025673 0.9078913 14.17804 153.316 1148.038 5953.285 21385.66 53282.78 92522.56 114070.7 106580.7 89285.17 80596.12 73270.53 56356.42 35101.1 18913.66 9498.161 4441.009 1846.864 660.4448 198.8224 49.43285 
2.635318e-05 0.001239526 0.04037056 0.9104586 14.21813 153.7494 1151.282 5970.056 21445.24 53424.64 92723.93 114108.3 105950.8 87440.62 77597.91 70162.74 54390.71 34563.58 19116.06 9728.673 4498.268 1825.831 642.2114 193.7618 48.91757 
#survey length counts 
1.445114e-05 0.0006797121 0.02213778 0.4992629 7.796706 84.31035 631.3111 3273.546 11756.67 29265.22 50634.84 61570.11 54805.56 40433.6 30582.28 25000.44 18778.34 11933.3 6689.282 3467.685 1634.441 676.8677 243.3272 75.23111 19.55497 
1.716801e-05 0.0008075007 0.02629977 0.5931263 9.262517 100.161 749.999 3888.963 13966.65 34763.98 60132.33 73040.69 64762.47 47230.29 34993.07 28033.37 20634.22 12721.84 6851.027 3442.389 1610.177 672.3124 243.4542 74.98653 19.23052 
1.584688e-05 0.000745361 0.02427592 0.5474834 8.54974 92.45339 692.287 3589.752 12892.67 32096.7 55559.14 67676.47 60619.18 45500.5 35281.34 29081.97 21378.68 12826.65 6554.029 3082.794 1357.249 540.4609 189.5194 57.43647 14.64915 
1.865385e-05 0.0008773873 0.02857593 0.6444595 10.06416 108.8296 814.9079 4225.518 15175.09 37769.49 65314.71 79258.5 70027.17 50542.05 36787.56 29071.97 21273.72 13051.78 6933.469 3367.804 1483.503 571.1698 189.7878 54.3971 13.26715 
1.734718e-05 0.0008159278 0.02657423 0.5993162 9.359182 101.2063 757.8281 3929.592 14113.02 35132.86 60801.44 73999.56 66081.06 49170.99 37587.2 30615.44 22294.36 13194.16 6593.334 3017.197 1292.624 498.5256 166.8529 47.43754 11.23858 
2.131937e-05 0.00100276 0.03265925 0.7365487 11.50226 124.3806 931.3522 4829.298 17343.23 43163.72 74628.65 90493.36 79735.24 57080.63 40944.03 31954.18 23203.75 14119.04 7406.052 3537.254 1527.857 574.5145 185.3659 51.25499 11.96933 
2.082721e-05 0.0009796116 0.03190531 0.7195454 11.23673 121.5094 909.8562 4717.902 16944.13 42179.82 72991.62 88810.36 79225.01 58778.7 44720.76 36303.8 26402.88 15616.99 7795.343 3555.662 1512.742 576.6677 189.8201 52.81907 12.18821 
2.273283e-05 0.001069243 0.03482453 0.7853812 12.26485 132.627 993.1021 5149.518 18493.68 46031.38 79617.14 96685.61 85653.49 62301.58 45925.42 36564.83 26669.66 16129.62 8352.665 3932.867 1680.806 627.3599 200.8884 54.97552 12.65821 
2.300593e-05 0.001082088 0.0352429 0.7948166 12.4122 134.2204 1005.035 5211.429 18716.5 46590.79 80617.39 98054.32 87361.56 64591.01 48897.16 39632.95 28965.89 17360.21 8857.405 4131.717 1777.23 676.1105 220.5595 60.73388 13.87666 
2.628095e-05 0.001236129 0.04025992 0.907963 14.17914 153.3273 1148.105 5953.265 21380.36 53217.89 92057.18 111840.1 99233.09 72512.87 53895.16 43247.93 31778.45 19446.19 10267.27 4954.94 2171.271 829.9082 271.233 75.18562 17.36941 
2.714988e-05 0.001277 0.04159104 0.9379831 14.64795 158.3968 1186.065 6150.091 22087.14 54976.23 95092.58 115498.2 102380.6 74587.74 55088.72 43805.36 31711.06 18869.12 9549.327 4430.403 1911.873 736.9543 245.2982 69.0973 16.12471 
2.530791e-05 0.001190362 0.03876932 0.8743462 13.65417 147.6507 1105.603 5732.96 20590.33 51263.07 88755.1 108202.6 97210.09 73581.71 57822.5 48157.05 35634.19 21524.68 11063.27 5177.188 2216.003 835.4234 271.5918 75.52707 17.64274 
3.194115e-05 0.001502358 0.0489308 1.103513 17.23294 186.3497 1395.372 7235.351 25983.88 64667.49 111801.1 135536 119321.3 85210.94 60895.27 47494.53 34699.13 21444.67 11551.89 5698.943 2537.505 978.2117 320.4961 88.6993 20.45437 
3.397804e-05 0.001598163 0.05205113 1.173885 18.33189 198.2335 1484.36 7696.859 27642.42 68806.57 119034.8 144671.4 128540.6 94279.85 70408.21 56410.54 40875 24233.97 12193.73 5644.897 2454.169 961.7342 326.4901 93.51472 22.05577 
3.655235e-05 0.001719246 0.05599472 1.262823 19.72079 213.2523 1596.819 8279.961 29736.12 74013.82 128013.6 155444.6 137665.1 100033.4 73579.15 58385.29 42337.12 25318.89 12882.68 5959.693 2525.026 945.4625 306.9439 85.85576 20.29432 
3.633645e-05 0.001709092 0.05566399 1.255364 19.60431 211.993 1587.394 8231.193 29562.45 73596.03 127390.1 155154.6 138915.6 104152.5 80652.31 66511.87 49075.15 29674.16 15308.7 7203.663 3099.477 1170.331 378.264 103.7026 23.79431 
4.625203e-05 0.002175472 0.0708537 1.59793 24.95397 269.8416 2020.55 10477.01 37624.8 93632.51 161834.1 195984.8 171870.2 121291.6 84768.84 64736.97 46551.26 28207.45 14781.08 7096.494 3107.703 1190.792 389.907 107.9135 24.81604 
3.771294e-05 0.001773835 0.05777265 1.302919 20.34696 220.0238 1647.532 8543.099 30683.66 76397.16 132305.9 161457.9 145569.2 111229.5 88519.15 73951.23 54010.51 31526.94 15297.26 6736.543 2791.546 1052.435 346.8575 97.36188 22.70303 
4.12327e-05 0.001939388 0.06316458 1.424521 22.24594 240.5584 1801.287 9340.227 33544.5 83498.95 144460.1 175609.4 156156.7 114857.7 86389.13 70179.57 52264.95 32648.18 17697.43 8681.561 3772.844 1397.448 438.3913 117.5658 26.75813 
4.450142e-05 0.002093132 0.06817195 1.53745 24.00949 259.6288 1944.09 10080.8 36205.54 90136.05 156033.4 190105.2 170420.6 128251.9 100024.9 83271.52 62404.62 38926.15 21189.17 10681.36 4925.853 1980.95 672.9116 189.4039 43.43699 
5.767488e-05 0.002712748 0.08835243 1.992571 31.11685 336.4844 2519.568 13064.58 46917.89 116765.8 201863 244675.6 215267.9 153436.5 109272.9 84978.63 62010.2 38352.69 20783.48 10437.27 4815.492 1961.094 688.0197 203.9633 49.71283 
4.370972e-05 0.002055895 0.06695914 1.510098 23.58236 255.0105 1909.52 9901.795 35566.24 88580.06 153582.8 188263.1 172436.3 137421.1 116211.8 101246.9 75752.5 45471.16 23093.75 10799.35 4748.527 1891.783 660.2763 197.2019 49.05891 
5.848195e-05 0.002750709 0.08958879 2.020454 31.55228 341.1929 2554.823 13247.35 47573.75 118393 204641.7 247882 217575 154027.8 108541.9 84233.84 62450 40049.1 22755.74 11767.78 5373.199 2095.02 697.1203 199.3323 48.36319 
5.320607e-05 0.002502557 0.08150665 1.838181 28.70585 310.4136 2324.374 12052.9 43291.22 107804 186806.7 228486.5 207675 162226.8 133523.7 114620.7 85772 52153.07 27257.22 13316.53 6147.925 2551.283 908.9277 269.9129 65.47403 
6.013314e-05 0.002828373 0.09211825 2.0775 32.44314 350.8266 2626.968 13621.62 48920.39 121769.6 210651.5 255979.7 227326.6 166602 124674.6 101235.8 76043.54 48517.3 27268.03 14034.53 6472.29 2591.86 897.1977 267.3853 66.89209 
5.916559e-05 0.002782864 0.09063605 2.044072 31.92113 345.1821 2584.711 13402.69 48136.73 119844.7 207497 252972.4 227307.7 172152.7 135488.7 113229.2 84463.03 51999.28 27791.84 13858.74 6450.161 2676.098 955.86 287.5696 71.47049 
6.218562e-05 0.002924912 0.09526246 2.14841 33.5505 362.8013 2716.639 14086.69 50592.06 125944.7 217970 265324.7 237076.7 176798.5 135980.1 112254.6 84130.54 52777.23 28936.28 14622.72 6730.977 2725.643 957.4852 288.6664 72.84508 
5.650986e-05 0.002657952 0.08656774 1.952322 30.48832 329.6885 2468.702 12801.28 45978.71 114491.6 198362.9 242469.4 219909.2 170858.5 139793.3 120236.3 91348.89 57425.21 31515.04 16034.26 7485.198 3077.929 1089.618 327.3787 81.88685 
