# Number of parameters = 77 Objective function value = 20932.2452914501  Maximum gradient component = 0.0418325058065214
# srv_sel50:
1.13096196527
# srv_sel95:
2.43508098429
# stNatLen:
 11.3951402003 11.0064323225 9.16271160739 7.89620311985 7.07705625815 6.50593246967 6.07958385463 5.74921536449 5.48868615904 5.28252764888 5.12097633682 4.99762974429 4.90823427443 4.85001902852 4.82132022944
# log_avg_fmort_dir:
0.694460413688
# fmort_dir_dev:
 -0.643892212175 -0.823607339986 -0.668526396869 -0.663787713595 -0.589096730548 -0.383587785220 -0.308941164268 -0.269150802957 -0.271563072626 -0.228233555231 -0.117392176695 -0.0717830102594 -0.0921725843919 0.0192021535099 0.114720404256 0.216661387076 0.180637295765 0.320049477651 0.313404173020 0.336236360720 0.398662233133 0.339848437195 0.355348542529 0.452766252505 0.413212826533 0.559932886328 0.526362285229 0.584689829373
# mean_log_rec:
13.5298090687
# rec_dev:
 -1.97178828799 -1.80516626088 -1.65459681683 -1.36379263613 -1.22872476901 -1.11291932786 -0.744372230721 -0.375003894035 -0.155175244877 -0.0639407491450 0.257363813190 0.674075462391 0.774126455158 0.535099764093 0.407072662924 0.443192876792 0.474301059386 0.398752934912 0.411896850257 0.475465502714 0.515715095491 0.656608203199 0.767356054486 0.839628581551 0.906555795632 0.737532925021 0.600368090152 0.600368090133
# log_avg_NatM:
-1.05607500000
# m_dev:
 0.00000000000 0.00000000000 0.00000000000 0.00000000000 0.00000000000 0.00000000000 0.00000000000 0.00000000000 0.00000000000 0.00000000000 0.00000000000 0.00000000000 0.00000000000 0.00000000000 0.00000000000 0.00000000000 0.00000000000 0.00000000000 0.00000000000 0.00000000000 0.00000000000 0.00000000000 0.00000000000 0.00000000000 0.00000000000 0.00000000000 0.00000000000 0.00000000000
# log_avg_GrowthK:
-1.18630400000
# log_avg_Linf:
3.44583300000
# GrowthK_dev:
 0.00000000000 0.00000000000 0.00000000000 0.00000000000 0.00000000000 0.00000000000 0.00000000000 0.00000000000 0.00000000000 0.00000000000 0.00000000000 0.00000000000 0.00000000000 0.00000000000 0.00000000000 0.00000000000 0.00000000000 0.00000000000 0.00000000000 0.00000000000 0.00000000000 0.00000000000 0.00000000000 0.00000000000 0.00000000000 0.00000000000 0.00000000000 0.00000000000
# Linf_dev:
 0.00000000000 0.00000000000 0.00000000000 0.00000000000 0.00000000000 0.00000000000 0.00000000000 0.00000000000 0.00000000000 0.00000000000 0.00000000000 0.00000000000 0.00000000000 0.00000000000 0.00000000000 0.00000000000 0.00000000000 0.00000000000 0.00000000000 0.00000000000 0.00000000000 0.00000000000 0.00000000000 0.00000000000 0.00000000000 0.00000000000 0.00000000000 0.00000000000
# SelPars50:
1.04700885143
# SelPars95:
1.17303526010
# SelPars_dev50:
 0.00000000000 0.00000000000 0.00000000000 0.00000000000 0.00000000000 0.00000000000 0.00000000000 0.00000000000 0.00000000000 0.00000000000 0.00000000000 0.00000000000 0.00000000000 0.00000000000 0.00000000000 0.00000000000 0.00000000000 0.00000000000 0.00000000000 0.00000000000 0.00000000000 0.00000000000 0.00000000000 0.00000000000 0.00000000000 0.00000000000 0.00000000000 0.00000000000
# SelPars_dev95:
 0.00000000000 0.00000000000 0.00000000000 0.00000000000 0.00000000000 0.00000000000 0.00000000000 0.00000000000 0.00000000000 0.00000000000 0.00000000000 0.00000000000 0.00000000000 0.00000000000 0.00000000000 0.00000000000 0.00000000000 0.00000000000 0.00000000000 0.00000000000 0.00000000000 0.00000000000 0.00000000000 0.00000000000 0.00000000000 0.00000000000 0.00000000000 0.00000000000
