# Number of parameters = 80 Objective function value = 25076.4978809403  Maximum gradient component = 0.000951124308088219
# srv_sel50:
1.20680816939
# srv_sel95:
2.21600460126
# stNatLen:
 10.7956323398 10.5814714239 9.35324810636 8.06821904662 7.01059965583 6.19567674642 5.57375396274 5.09529668092 4.72375923854 4.43433341129 4.21053082949 4.04141434939 3.91976437757 3.84094695393 3.80226628658
# log_avg_fmort_dir:
0.378193931353
# fmort_dir_dev:
 -1.25312546228 -0.920814680683 -0.823427363061 -0.778750649192 -0.851092822463 -0.459112710999 -0.350145197634 -0.205917165737 -0.163341351745 -0.0949655626149 0.0388672539627 0.0634797178108 0.0507230001242 -0.0375627024820 0.279095940743 0.253772593515 0.195898218010 0.217841867203 0.337839351306 0.277888896521 0.457535699106 0.422884950068 0.340884137700 0.446832974958 0.491123062564 0.739862645063 0.599761215505 0.479388454736 0.244575689999
# mean_log_rec:
13.8026989233
# rec_dev:
 -3.35119231341 -3.00945505765 -2.35975980593 -1.91338663329 -1.55357972958 -1.26004502083 -0.943859823657 -0.485184113766 -0.161025504648 0.110201430704 0.415127039501 0.533441316212 0.593827947558 0.484671332094 0.438053741330 0.558226376089 0.533201943566 0.542994505589 0.656184036415 0.775991117929 0.802052919878 0.941274467278 1.12526011621 1.14200563044 1.13424910275 1.02428215220 0.989717915213 1.11836246136 1.11836245045
# log_avg_NatM:
-0.742762971202
# m_dev:
 0.00000000000 0.00000000000 0.00000000000 0.00000000000 0.00000000000 0.00000000000 0.00000000000 0.00000000000 0.00000000000 0.00000000000 0.00000000000 0.00000000000 0.00000000000 0.00000000000 0.00000000000 0.00000000000 0.00000000000 0.00000000000 0.00000000000 0.00000000000 0.00000000000 0.00000000000 0.00000000000 0.00000000000 0.00000000000 0.00000000000 0.00000000000 0.00000000000 0.00000000000
# log_avg_GrowthK:
-1.19807800000
# log_avg_Linf:
3.45748100000
# GrowthK_dev:
 0.00000000000 0.00000000000 0.00000000000 0.00000000000 0.00000000000 0.00000000000 0.00000000000 0.00000000000 0.00000000000 0.00000000000 0.00000000000 0.00000000000 0.00000000000 0.00000000000 0.00000000000 0.00000000000 0.00000000000 0.00000000000 0.00000000000 0.00000000000 0.00000000000 0.00000000000 0.00000000000 0.00000000000 0.00000000000 0.00000000000 0.00000000000 0.00000000000 0.00000000000
# Linf_dev:
 0.00000000000 0.00000000000 0.00000000000 0.00000000000 0.00000000000 0.00000000000 0.00000000000 0.00000000000 0.00000000000 0.00000000000 0.00000000000 0.00000000000 0.00000000000 0.00000000000 0.00000000000 0.00000000000 0.00000000000 0.00000000000 0.00000000000 0.00000000000 0.00000000000 0.00000000000 0.00000000000 0.00000000000 0.00000000000 0.00000000000 0.00000000000 0.00000000000 0.00000000000
# SelPars50:
1.26053596735
# SelPars95:
1.82574303206
# SelPars_dev50:
 0.00000000000 0.00000000000 0.00000000000 0.00000000000 0.00000000000 0.00000000000 0.00000000000 0.00000000000 0.00000000000 0.00000000000 0.00000000000 0.00000000000 0.00000000000 0.00000000000 0.00000000000 0.00000000000 0.00000000000 0.00000000000 0.00000000000 0.00000000000 0.00000000000 0.00000000000 0.00000000000 0.00000000000 0.00000000000 0.00000000000 0.00000000000 0.00000000000 0.00000000000
# SelPars_dev95:
 0.00000000000 0.00000000000 0.00000000000 0.00000000000 0.00000000000 0.00000000000 0.00000000000 0.00000000000 0.00000000000 0.00000000000 0.00000000000 0.00000000000 0.00000000000 0.00000000000 0.00000000000 0.00000000000 0.00000000000 0.00000000000 0.00000000000 0.00000000000 0.00000000000 0.00000000000 0.00000000000 0.00000000000 0.00000000000 0.00000000000 0.00000000000 0.00000000000 0.00000000000
