# Number of parameters = 79 Objective function value = 19403.2373055770  Maximum gradient component = 0.00476061512050229
# srv_sel50:
0.986269975691
# srv_sel95:
1.04822575789
# stNatLen:
 10.6429619837 9.06225175865 7.62856556453 6.67104352814 6.00797630177 5.51290957151 5.12720442644 4.82003387446 4.57326120115 4.37540736847 4.21886417503 4.09846555979 4.01070051807 3.95326220850 3.92478573918
# log_avg_fmort_dir:
0.537859476645
# fmort_dir_dev:
 -0.834899618799 -0.287233334292 -0.259124634003 -0.308150757184 -0.547686282198 -0.0509754469223 -0.119625156455 -0.169841908564 -0.121021231190 -0.0861454427575 -0.104206739653 -0.125270505511 0.0363687765891 0.0499149309958 0.105458929592 0.268798373236 0.136871280273 0.175026465002 0.218366005742 0.245309559815 0.195449642862 0.215064989177 0.223049981304 0.316535733941 0.265764636240 0.384691491096 0.382659123832 0.467151170536 -0.672300032706
# mean_log_rec:
13.6255460646
# rec_dev:
 -2.30009932978 -2.07821114020 -1.94990007608 -1.19757207984 -0.983926733269 -1.11980103659 -0.651058894434 -0.383404846962 -0.180400029656 0.0390882261695 0.318515951114 0.604373598072 0.684819860011 0.610283218051 0.538918552675 0.433784501557 0.448529939718 0.418598059354 0.414261246174 0.450673935730 0.601744888662 0.670906402605 0.698572100062 0.743801356173 0.828820265512 0.732564797874 0.618129489586 0.493993888634 0.493993889073
# log_avg_NatM:
-1.06669500000
# m_dev:
 0.00000000000 0.00000000000 0.00000000000 0.00000000000 0.00000000000 0.00000000000 0.00000000000 0.00000000000 0.00000000000 0.00000000000 0.00000000000 0.00000000000 0.00000000000 0.00000000000 0.00000000000 0.00000000000 0.00000000000 0.00000000000 0.00000000000 0.00000000000 0.00000000000 0.00000000000 0.00000000000 0.00000000000 0.00000000000 0.00000000000 0.00000000000 0.00000000000 0.00000000000
# log_avg_GrowthK:
-1.19613400000
# log_avg_Linf:
3.45239700000
# GrowthK_dev:
 0.00000000000 0.00000000000 0.00000000000 0.00000000000 0.00000000000 0.00000000000 0.00000000000 0.00000000000 0.00000000000 0.00000000000 0.00000000000 0.00000000000 0.00000000000 0.00000000000 0.00000000000 0.00000000000 0.00000000000 0.00000000000 0.00000000000 0.00000000000 0.00000000000 0.00000000000 0.00000000000 0.00000000000 0.00000000000 0.00000000000 0.00000000000 0.00000000000 0.00000000000
# Linf_dev:
 0.00000000000 0.00000000000 0.00000000000 0.00000000000 0.00000000000 0.00000000000 0.00000000000 0.00000000000 0.00000000000 0.00000000000 0.00000000000 0.00000000000 0.00000000000 0.00000000000 0.00000000000 0.00000000000 0.00000000000 0.00000000000 0.00000000000 0.00000000000 0.00000000000 0.00000000000 0.00000000000 0.00000000000 0.00000000000 0.00000000000 0.00000000000 0.00000000000 0.00000000000
# SelPars50:
1.00002917762
# SelPars95:
1.11424980174
# SelPars_dev50:
 0.00000000000 0.00000000000 0.00000000000 0.00000000000 0.00000000000 0.00000000000 0.00000000000 0.00000000000 0.00000000000 0.00000000000 0.00000000000 0.00000000000 0.00000000000 0.00000000000 0.00000000000 0.00000000000 0.00000000000 0.00000000000 0.00000000000 0.00000000000 0.00000000000 0.00000000000 0.00000000000 0.00000000000 0.00000000000 0.00000000000 0.00000000000 0.00000000000 0.00000000000
# SelPars_dev95:
 0.00000000000 0.00000000000 0.00000000000 0.00000000000 0.00000000000 0.00000000000 0.00000000000 0.00000000000 0.00000000000 0.00000000000 0.00000000000 0.00000000000 0.00000000000 0.00000000000 0.00000000000 0.00000000000 0.00000000000 0.00000000000 0.00000000000 0.00000000000 0.00000000000 0.00000000000 0.00000000000 0.00000000000 0.00000000000 0.00000000000 0.00000000000 0.00000000000 0.00000000000
