# Number of parameters = 106 Objective function value = 26540.5614346643  Maximum gradient component = 0.000869555906656985
# srv_sel50:
2.63322609876
# srv_sel95:
4.25422605694
# stNatLen:
 13.0732889311 12.0534990590 10.7857712024 9.77788057399 9.01675066071 8.43631548766 7.98532711737 7.62911042477 7.34522621244 7.11910131777 6.94107789157 6.80465221572 6.70544892637 6.64062293153 6.60851190470
# log_avg_fmort_dir:
1.02961051326
# fmort_dir_dev:
 -0.000856034254999 -0.158149477592 -0.479704244586 -0.784000539276 -0.900883916137 -0.987138131530 -0.903322134459 -0.448344454788 -0.304534668767 -0.120916292202 -0.135996661527 -0.265127017303 -0.105643882062 0.0857596465755 0.307538543004 0.529708403711 0.178940353289 0.347787364684 0.428792875281 0.403667474092 0.284990208523 0.409555335790 0.325699571752 0.442475891340 0.422417518118 0.495390336971 0.361933088557 0.569960842798
# mean_log_rec:
16.9246950820
# rec_dev:
 -3.45297356825 -4.37246877252 -2.79031301443 -1.60266376624 -1.04642341742 -0.468390361433 -0.0781233155235 -0.111525106842 -0.00788915034486 0.0700977749162 0.416020221050 0.590383019543 0.760058380437 0.504468259829 0.424640139818 0.652832379234 0.650920769087 0.561503938191 0.710461351145 0.792336762437 0.671463129367 0.931171544405 0.958142493427 1.02887095501 0.935730759869 1.19846815641 1.03660021413 1.03660022470
# log_avg_NatM:
1.00460551582
# m_dev:
 -1.49045587913 -0.684668661678 -1.19948128030 -0.393577042513 -0.297818796185 -0.104055198105 -0.158449602333 -0.0251983162938 -0.182291115721 -0.0776951501852 -0.0321986722177 0.0305371227638 0.0418656537962 0.132372694752 0.0571080422363 0.00448570915724 0.187644209178 0.240185662203 0.186459863246 0.242491916617 0.376057195090 0.312784012506 0.424678833317 0.402883626297 0.496091077694 0.467046235014 0.619134781940 0.424063078862
# log_avg_GrowthK:
-1.20372700000
# log_avg_Linf:
3.45755400000
# GrowthK_dev:
 0.00000000000 0.00000000000 0.00000000000 0.00000000000 0.00000000000 0.00000000000 0.00000000000 0.00000000000 0.00000000000 0.00000000000 0.00000000000 0.00000000000 0.00000000000 0.00000000000 0.00000000000 0.00000000000 0.00000000000 0.00000000000 0.00000000000 0.00000000000 0.00000000000 0.00000000000 0.00000000000 0.00000000000 0.00000000000 0.00000000000 0.00000000000 0.00000000000
# Linf_dev:
 0.00000000000 0.00000000000 0.00000000000 0.00000000000 0.00000000000 0.00000000000 0.00000000000 0.00000000000 0.00000000000 0.00000000000 0.00000000000 0.00000000000 0.00000000000 0.00000000000 0.00000000000 0.00000000000 0.00000000000 0.00000000000 0.00000000000 0.00000000000 0.00000000000 0.00000000000 0.00000000000 0.00000000000 0.00000000000 0.00000000000 0.00000000000 0.00000000000
# SelPars50:
2.51527280899
# SelPars95:
4.00336874883
# SelPars_dev50:
 0.00000000000 0.00000000000 0.00000000000 0.00000000000 0.00000000000 0.00000000000 0.00000000000 0.00000000000 0.00000000000 0.00000000000 0.00000000000 0.00000000000 0.00000000000 0.00000000000 0.00000000000 0.00000000000 0.00000000000 0.00000000000 0.00000000000 0.00000000000 0.00000000000 0.00000000000 0.00000000000 0.00000000000 0.00000000000 0.00000000000 0.00000000000 0.00000000000
# SelPars_dev95:
 0.00000000000 0.00000000000 0.00000000000 0.00000000000 0.00000000000 0.00000000000 0.00000000000 0.00000000000 0.00000000000 0.00000000000 0.00000000000 0.00000000000 0.00000000000 0.00000000000 0.00000000000 0.00000000000 0.00000000000 0.00000000000 0.00000000000 0.00000000000 0.00000000000 0.00000000000 0.00000000000 0.00000000000 0.00000000000 0.00000000000 0.00000000000 0.00000000000
