# Number of parameters = 80 Objective function value = 19312.7730721898  Maximum gradient component = 0.0337601395228407
# srv_sel50:
1.28095627531
# srv_sel95:
2.43870409740
# stNatLen:
 11.6776311298 9.83654945432 8.24807220128 7.19076754153 6.45472692209 5.90401383388 5.47493950900 5.13351439195 4.85951781965 4.64005699470 4.46655060703 4.33316380729 4.23593836639 4.17229113945 4.14072420506
# log_avg_fmort_dir:
0.621571814068
# fmort_dir_dev:
 -1.14969267376 -0.363197722506 -0.225040049500 -0.209174545141 -0.652062042370 -0.179605991658 -0.115069131241 -0.146299031452 -0.204696952159 -0.137967196558 -0.0836713230882 0.00496210920900 -0.0478013575029 0.0562296466288 0.176224858903 0.0849207049625 0.151322351082 0.206231178975 0.160876543695 0.135549076613 0.145227203536 0.209391060412 0.193500651503 0.139907624895 0.325159356342 0.314190663942 0.344484784332 0.239575501323 0.626524700579
# mean_log_rec:
14.4068037206
# rec_dev:
 -2.18197689013 -1.95959776118 -1.74969252150 -0.991116458880 -0.908390776776 -1.02711408003 -0.659666006049 -0.437182975172 -0.228226605818 0.0822763210191 0.362066739317 0.549300950459 0.669437315145 0.529443337961 0.387382685375 0.426765034454 0.399347861938 0.321649683718 0.313745395934 0.389591237961 0.499619196109 0.524552970855 0.547893370293 0.612095401244 0.610926751825 0.664120252371 0.710124131296 0.771312719220 0.771312719041
# log_avg_NatM:
0.318051667482
# m_dev:
 0.00000000000 0.00000000000 0.00000000000 0.00000000000 0.00000000000 0.00000000000 0.00000000000 0.00000000000 0.00000000000 0.00000000000 0.00000000000 0.00000000000 0.00000000000 0.00000000000 0.00000000000 0.00000000000 0.00000000000 0.00000000000 0.00000000000 0.00000000000 0.00000000000 0.00000000000 0.00000000000 0.00000000000 0.00000000000 0.00000000000 0.00000000000 0.00000000000 0.00000000000
# log_avg_GrowthK:
-1.19613400000
# log_avg_Linf:
3.45239700000
# GrowthK_dev:
 0.00000000000 0.00000000000 0.00000000000 0.00000000000 0.00000000000 0.00000000000 0.00000000000 0.00000000000 0.00000000000 0.00000000000 0.00000000000 0.00000000000 0.00000000000 0.00000000000 0.00000000000 0.00000000000 0.00000000000 0.00000000000 0.00000000000 0.00000000000 0.00000000000 0.00000000000 0.00000000000 0.00000000000 0.00000000000 0.00000000000 0.00000000000 0.00000000000 0.00000000000
# Linf_dev:
 0.00000000000 0.00000000000 0.00000000000 0.00000000000 0.00000000000 0.00000000000 0.00000000000 0.00000000000 0.00000000000 0.00000000000 0.00000000000 0.00000000000 0.00000000000 0.00000000000 0.00000000000 0.00000000000 0.00000000000 0.00000000000 0.00000000000 0.00000000000 0.00000000000 0.00000000000 0.00000000000 0.00000000000 0.00000000000 0.00000000000 0.00000000000 0.00000000000 0.00000000000
# SelPars50:
1.04047627917
# SelPars95:
1.15685340324
# SelPars_dev50:
 0.00000000000 0.00000000000 0.00000000000 0.00000000000 0.00000000000 0.00000000000 0.00000000000 0.00000000000 0.00000000000 0.00000000000 0.00000000000 0.00000000000 0.00000000000 0.00000000000 0.00000000000 0.00000000000 0.00000000000 0.00000000000 0.00000000000 0.00000000000 0.00000000000 0.00000000000 0.00000000000 0.00000000000 0.00000000000 0.00000000000 0.00000000000 0.00000000000 0.00000000000
# SelPars_dev95:
 0.00000000000 0.00000000000 0.00000000000 0.00000000000 0.00000000000 0.00000000000 0.00000000000 0.00000000000 0.00000000000 0.00000000000 0.00000000000 0.00000000000 0.00000000000 0.00000000000 0.00000000000 0.00000000000 0.00000000000 0.00000000000 0.00000000000 0.00000000000 0.00000000000 0.00000000000 0.00000000000 0.00000000000 0.00000000000 0.00000000000 0.00000000000 0.00000000000 0.00000000000
