# Number of parameters = 79 Objective function value = 20764.6492467313  Maximum gradient component = 0.209030958797146
# srv_sel50:
0.999125165654
# srv_sel95:
1.00247787503
# stNatLen:
 10.8405897642 9.89493663086 8.49757824814 7.52738258873 6.86860913401 6.38355736493 6.00891749267 5.71225037530 5.47484529508 5.28503932315 5.13519024193 5.02014930218 4.93643063451 4.88173812399 4.85470105672
# log_avg_fmort_dir:
0.314403250966
# fmort_dir_dev:
 0.338978414298 0.222314257291 0.191908164198 0.0841847253337 0.221131557119 0.285595766644 0.253552968177 0.131307395719 0.216918753618 0.318139230557 0.232073086665 0.263175215481 0.393984011003 0.328289676208 0.444482062196 0.536117146858 0.526177266137 0.557830412863 0.567609086138 0.574624654441 0.515542103403 0.596158142511 0.559743615046 0.567600422832 0.505511919110 0.619757449889 0.548392104317 0.646594309508 -11.2476939176
# mean_log_rec:
13.3152016219
# rec_dev:
 -2.36726769224 -2.03742398486 -1.65698869204 -1.32017014187 -1.43568240551 -1.35749086779 -0.909713646975 -0.476792499066 -0.268899112368 -0.0901051928639 0.299642944383 0.562599959889 0.706745321722 0.690089965272 0.610077106625 0.565332285167 0.561908298319 0.531688421727 0.507891035637 0.536125683626 0.598526722001 0.636977334013 0.732152869230 0.809596490132 0.846896177030 0.773327170858 0.641365325415 0.654795561931 0.654795562612
# log_avg_NatM:
-1.36837500000
# m_dev:
 0.00000000000 0.00000000000 0.00000000000 0.00000000000 0.00000000000 0.00000000000 0.00000000000 0.00000000000 0.00000000000 0.00000000000 0.00000000000 0.00000000000 0.00000000000 0.00000000000 0.00000000000 0.00000000000 0.00000000000 0.00000000000 0.00000000000 0.00000000000 0.00000000000 0.00000000000 0.00000000000 0.00000000000 0.00000000000 0.00000000000 0.00000000000 0.00000000000 0.00000000000
# log_avg_GrowthK:
-1.19613400000
# log_avg_Linf:
3.45239700000
# GrowthK_dev:
 0.00000000000 0.00000000000 0.00000000000 0.00000000000 0.00000000000 0.00000000000 0.00000000000 0.00000000000 0.00000000000 0.00000000000 0.00000000000 0.00000000000 0.00000000000 0.00000000000 0.00000000000 0.00000000000 0.00000000000 0.00000000000 0.00000000000 0.00000000000 0.00000000000 0.00000000000 0.00000000000 0.00000000000 0.00000000000 0.00000000000 0.00000000000 0.00000000000 0.00000000000
# Linf_dev:
 0.00000000000 0.00000000000 0.00000000000 0.00000000000 0.00000000000 0.00000000000 0.00000000000 0.00000000000 0.00000000000 0.00000000000 0.00000000000 0.00000000000 0.00000000000 0.00000000000 0.00000000000 0.00000000000 0.00000000000 0.00000000000 0.00000000000 0.00000000000 0.00000000000 0.00000000000 0.00000000000 0.00000000000 0.00000000000 0.00000000000 0.00000000000 0.00000000000 0.00000000000
# SelPars50:
1.00763418099
# SelPars95:
1.12432105183
# SelPars_dev50:
 0.00000000000 0.00000000000 0.00000000000 0.00000000000 0.00000000000 0.00000000000 0.00000000000 0.00000000000 0.00000000000 0.00000000000 0.00000000000 0.00000000000 0.00000000000 0.00000000000 0.00000000000 0.00000000000 0.00000000000 0.00000000000 0.00000000000 0.00000000000 0.00000000000 0.00000000000 0.00000000000 0.00000000000 0.00000000000 0.00000000000 0.00000000000 0.00000000000 0.00000000000
# SelPars_dev95:
 0.00000000000 0.00000000000 0.00000000000 0.00000000000 0.00000000000 0.00000000000 0.00000000000 0.00000000000 0.00000000000 0.00000000000 0.00000000000 0.00000000000 0.00000000000 0.00000000000 0.00000000000 0.00000000000 0.00000000000 0.00000000000 0.00000000000 0.00000000000 0.00000000000 0.00000000000 0.00000000000 0.00000000000 0.00000000000 0.00000000000 0.00000000000 0.00000000000 0.00000000000
