# Number of parameters = 78 Objective function value = 23414.0846359566  Maximum gradient component = 0.000583005398764863
# srv_sel50:
1.10279887194
# srv_sel95:
1.70470235323
# stNatLen:
 11.8222382129 10.6885683814 9.16634430951 7.98491150931 7.13964067813 6.52151551800 6.05353999938 5.68970603263 5.40266782868 5.17558476779 4.99766943236 4.86181615513 4.76330813638 4.69909139063 4.66737609859
# log_avg_fmort_dir:
0.524664153393
# fmort_dir_dev:
 -0.927032129044 -0.390642324892 -0.535425072937 -0.350373265969 -0.263224442994 -0.105385304148 -0.221814862932 -0.207384304530 -0.0569273293870 -0.112686781527 -0.153824044957 -0.299303779806 -0.114909328346 0.106219547415 -0.0565702232664 0.255436230230 0.231301299555 -0.00183826619572 0.185648286355 0.274974212472 0.349435960006 0.195067092803 0.193537580756 0.430008575072 0.125665140530 0.460359769231 0.460318165884 0.529369600622
# mean_log_rec:
13.9163869197
# rec_dev:
 -2.13336550533 -1.76873776697 -1.39243118802 -1.51431178384 -1.37804497777 -1.03925542941 -0.574007256053 -0.346321792239 -0.0904053956775 0.125698246749 0.333660369185 0.605179226590 0.644919258761 0.461578368880 0.387612714122 0.354014779949 0.363579477415 0.445232194811 0.466147339239 0.428160122202 0.483465491744 0.653607986964 0.752020040305 0.764034928362 0.841040612885 0.750838629455 0.688045649208 0.688045658494
# log_avg_NatM:
-0.210694111145
# m_dev:
 0.00000000000 0.00000000000 0.00000000000 0.00000000000 0.00000000000 0.00000000000 0.00000000000 0.00000000000 0.00000000000 0.00000000000 0.00000000000 0.00000000000 0.00000000000 0.00000000000 0.00000000000 0.00000000000 0.00000000000 0.00000000000 0.00000000000 0.00000000000 0.00000000000 0.00000000000 0.00000000000 0.00000000000 0.00000000000 0.00000000000 0.00000000000 0.00000000000
# log_avg_GrowthK:
-1.20372700000
# log_avg_Linf:
3.45755400000
# GrowthK_dev:
 0.00000000000 0.00000000000 0.00000000000 0.00000000000 0.00000000000 0.00000000000 0.00000000000 0.00000000000 0.00000000000 0.00000000000 0.00000000000 0.00000000000 0.00000000000 0.00000000000 0.00000000000 0.00000000000 0.00000000000 0.00000000000 0.00000000000 0.00000000000 0.00000000000 0.00000000000 0.00000000000 0.00000000000 0.00000000000 0.00000000000 0.00000000000 0.00000000000
# Linf_dev:
 0.00000000000 0.00000000000 0.00000000000 0.00000000000 0.00000000000 0.00000000000 0.00000000000 0.00000000000 0.00000000000 0.00000000000 0.00000000000 0.00000000000 0.00000000000 0.00000000000 0.00000000000 0.00000000000 0.00000000000 0.00000000000 0.00000000000 0.00000000000 0.00000000000 0.00000000000 0.00000000000 0.00000000000 0.00000000000 0.00000000000 0.00000000000 0.00000000000
# SelPars50:
1.03633912896
# SelPars95:
1.12140974989
# SelPars_dev50:
 0.00000000000 0.00000000000 0.00000000000 0.00000000000 0.00000000000 0.00000000000 0.00000000000 0.00000000000 0.00000000000 0.00000000000 0.00000000000 0.00000000000 0.00000000000 0.00000000000 0.00000000000 0.00000000000 0.00000000000 0.00000000000 0.00000000000 0.00000000000 0.00000000000 0.00000000000 0.00000000000 0.00000000000 0.00000000000 0.00000000000 0.00000000000 0.00000000000
# SelPars_dev95:
 0.00000000000 0.00000000000 0.00000000000 0.00000000000 0.00000000000 0.00000000000 0.00000000000 0.00000000000 0.00000000000 0.00000000000 0.00000000000 0.00000000000 0.00000000000 0.00000000000 0.00000000000 0.00000000000 0.00000000000 0.00000000000 0.00000000000 0.00000000000 0.00000000000 0.00000000000 0.00000000000 0.00000000000 0.00000000000 0.00000000000 0.00000000000 0.00000000000
