#Simulated generalized assessment 
# 
#start/end year 
73 100 
#number of ages 
15 
#ages 
1 2 3 4 5 6 7 8 9 10 11 12 13 14 15 
#Number of length bins 
25 
#CPUE years 
28 
#years for CPUE 
73 74 75 76 77 78 79 80 81 82 83 84 85 86 87 88 89 90 91 92 93 94 95 96 97 98 99 100 
#survey years 
28 
#years for survey 
73 74 75 76 77 78 79 80 81 82 83 84 85 86 87 88 89 90 91 92 93 94 95 96 97 98 99 100 
#length freq from catch years 
28 
#years for length freq catch 
73 74 75 76 77 78 79 80 81 82 83 84 85 86 87 88 89 90 91 92 93 94 95 96 97 98 99 100 
#catch length sample sizes 
200 200 200 200 200 200 200 200 200 200 200 200 200 200 200 200 200 200 200 200 200 200 200 200 200 200 200 200 
#length freq from survey years 
28 
#years for length freq survey 
73 74 75 76 77 78 79 80 81 82 83 84 85 86 87 88 89 90 91 92 93 94 95 96 97 98 99 100 
#survey sample sizes 
200 200 200 200 200 200 200 200 200 200 200 200 200 200 200 200 200 200 200 200 200 200 200 200 200 200 200 200 
#total survey biomass 
12523.47 11519.14 18777.27 16318.96 20509.87 23540.08 21961.22 41678.42 64951.08 80160.86 83161.34 129043.3 134179.2 142892.5 134033.6 108135.1 120158.3 136897.4 128994.3 109784 148584.6 144674.3 149506.7 148757.1 156073.3 226460.4 119541.2 137834.7 
#survey CV 
0.2 0.2 0.2 0.2 0.2 0.2 0.2 0.2 0.2 0.2 0.2 0.2 0.2 0.2 0.2 0.2 0.2 0.2 0.2 0.2 0.2 0.2 0.2 0.2 0.2 0.2 0.2 0.2 
#total CPUE 
9475.136 9878.963 10745.14 14962.94 21998.92 16475.41 18951.29 37648.34 42351.69 53328.42 82430.73 129581.2 172766.6 167403.1 115411.5 101183.3 79262.65 112227 121489.2 111298.1 137296.9 84359.78 131644.6 172033.8 194201.9 153200.2 156892 133688.6 
#CPUE CV 
0.2 0.2 0.2 0.2 0.2 0.2 0.2 0.2 0.2 0.2 0.2 0.2 0.2 0.2 0.2 0.2 0.2 0.2 0.2 0.2 0.2 0.2 0.2 0.2 0.2 0.2 0.2 0.2 
#total catch biomass 
8075.014 8483.959 6403.547 9703.885 12941.43 13435.74 14212.95 19666.53 31940.25 37195 46748.06 51018.29 75682.05 103904.4 88598.05 110591.6 84528.03 65038.97 82876.78 90159.51 83991.37 75807.33 88134.35 116874.9 90355.48 131371.1 124435.2 121568 
#catch CV 
0.1 0.1 0.1 0.1 0.1 0.1 0.1 0.1 0.1 0.1 0.1 0.1 0.1 0.1 0.1 0.1 0.1 0.1 0.1 0.1 0.1 0.1 0.1 0.1 0.1 0.1 0.1 0.1 
#Length Bins 
0.7268035 2.18041 3.634017 5.087624 6.541231 7.994838 9.448445 10.90205 12.35566 13.80927 15.26287 16.71648 18.17009 19.62369 21.0773 22.53091 23.98451 25.43812 26.89173 28.34534 29.79894 31.25255 32.70616 34.15976 35.61337 
#catch length counts 
4.657588e-07 5.055374e-05 0.003235434 0.1220955 2.716801 35.64716 275.8595 1260.32 3416.283 5627.218 6242.516 6184.02 6700.527 6516.793 5065.494 3362.036 1928.518 903.2737 337.7513 99.94342 22.7522 3.844193 0.4659542 0.03924961 0.002233205 
4.929382e-07 5.350381e-05 0.003424239 0.1292204 2.875344 37.72756 291.9635 1333.968 3616.476 5958.117 6600.017 6476.993 6902.222 6624.485 5099.273 3341.333 1879.025 857.6859 310.5009 88.25006 19.14209 3.058289 0.3480764 0.02736149 0.001445283 
2.912876e-07 3.161654e-05 0.002023457 0.07635934 1.699129 22.29573 172.5907 789.6409 2154.558 3652.693 4488.265 5391.548 6616.728 6578.85 5044.295 3248.112 1781.359 789.1498 275.7428 75.12358 15.50916 2.342129 0.2503521 0.0183802 0.000902597 
1.282519e-06 0.0001392054 0.008909131 0.336203 7.480938 98.15305 759.3969 3465.497 9339.807 14954.3 14623.48 9803.09 6174.557 4735.673 3846.744 2792.618 1624.574 719.4989 243.9433 63.60823 12.47069 1.777422 0.1783101 0.01222616 0.000558418 
5.874769e-07 6.376511e-05 0.004080967 0.1540043 3.426919 44.9706 348.2197 1595.228 4376.196 7574.932 9862.31 12639.52 15236.04 13395.32 7910.848 3473.092 1396.586 556.6598 192.8725 51.19745 9.844022 1.338591 0.1262797 0.008083678 0.0003432448 
1.172682e-06 0.0001272836 0.008146139 0.3074105 6.840317 89.75063 694.4859 3171.271 8570.939 13895.35 14317.31 11428.99 9790.314 9268.616 8000.644 5518.872 2735.286 931.6244 228.9654 45.12262 7.435284 0.9516963 0.08631452 0.005259495 0.0002097559 
1.106943e-06 0.0001201483 0.007689483 0.2901787 6.456981 84.72655 655.8025 2998.532 8150.588 13538.53 15253.05 14944.83 14828.38 12492.7 8029.401 4333.367 2137.638 886.7603 272.476 57.9396 8.429917 0.8602385 0.06328271 0.003335893 0.0001211063 
2.544993e-06 0.0002762351 0.01767902 0.6671528 14.84511 194.7807 1507.21 6882.336 18595.89 30087.64 30625.9 23144.46 17283.8 13435.54 9275.201 5328.811 2436.729 854.7762 232.6105 49.28194 7.713012 0.8330674 0.05961898 0.002793277 8.587792e-05 
2.892903e-06 0.0003139975 0.02009583 0.7583587 16.87484 221.4277 1713.904 7835.879 21283.64 35184.43 38725.91 35464.04 32183.49 25164.59 14820.92 6892.494 2745.214 917.9059 240.305 47.00313 6.695087 0.6791556 0.04761995 0.002227576 6.739967e-05 
4.218262e-06 0.0004578528 0.02930256 1.105793 24.60581 322.8669 2498.886 11420.71 30968.38 50806.85 54307.45 46334.92 39503.77 31547.02 20584.55 10737.66 4357.547 1313.962 293.0419 49.45394 6.295022 0.5816335 0.03734643 0.001613272 4.578121e-05 
5.917656e-06 0.0006423062 0.04110758 1.551283 34.51891 452.9514 3505.956 16027.6 43500.67 71580.59 77107.17 66425.63 56111.64 43118.6 26607.08 13272.62 5375.284 1679.055 385.6194 63.44286 7.359127 0.5958549 0.03338408 0.001275177 3.248412e-05 
6.46728e-06 0.0007019629 0.04492565 1.695372 37.72569 495.0575 3832.682 17535.54 47740.65 79443.84 88635.65 81971.17 73676.3 57664.55 35343.2 17182.33 6647.107 1967.636 432.6363 69.43783 7.925498 0.6230173 0.03285843 0.001142835 2.591716e-05 
9.394286e-06 0.001019662 0.0652584 2.462672 54.79952 719.0932 5566.542 25455.87 69152 114012.7 123019.2 105230 87398.4 67126.57 42391.84 21419.96 8401.774 2446.372 517.4174 78.82406 8.5099 0.6353163 0.03198258 0.001061487 2.278675e-05 
1.163717e-05 0.001263106 0.08083893 3.050651 67.88426 890.8429 6897.426 31564.35 85960.37 142916.1 157919.8 140845.9 119407.2 88916.77 52602.13 24867.36 9388.777 2709.133 572.713 86.17922 9.005291 0.6393798 0.0302933 0.000942612 1.897305e-05 
1.042927e-05 0.001132001 0.07244839 2.73404 60.84106 798.5181 6185.507 28354.91 77694.21 131888.4 154662.5 153644.3 142953.5 111284.9 67193.49 31683.97 11541.28 3137.458 623.0659 89.11577 8.963198 0.6149741 0.02801265 0.000829901 1.574942e-05 
7.084345e-06 0.0007689411 0.04921262 1.8572 41.33058 542.543 4205.219 19318.25 53322.72 92674.19 115519.7 126379.2 127724.3 106246.2 68843.73 34479.76 12932.23 3506.204 676.2454 91.92468 8.672233 0.5564379 0.02378844 0.0006646666 1.192723e-05 
8.887878e-06 0.0009646975 0.06174093 2.329967 51.84912 680.4904 5270.594 24144.92 65950.63 110480.2 123994.6 113285.3 100345.6 82364.95 56302.55 30084.91 11923.09 3378.843 670.9083 91.7434 8.481718 0.5212945 0.02100177 0.0005477225 9.137769e-06 
8.838336e-06 0.0009593212 0.06139709 2.317024 51.5635 676.8483 5245.154 24070.54 66122.21 112684 131823.1 127055.1 111828.4 83375.5 49887.07 24196.7 9320.457 2693.11 553.6778 77.96991 7.31885 0.4489977 0.01773907 0.0004461127 7.073459e-06 
1.010638e-05 0.001096956 0.07020585 2.649456 58.96164 773.9572 5997.367 27513.57 75461.53 127770.1 146405.2 135581.9 115416.2 85361.28 50584.07 23322.27 8163.633 2121.328 402.2722 54.21748 5.003765 0.3051347 0.01197167 0.0002968229 4.595008e-06 
1.010081e-05 0.001096353 0.07016764 2.648059 58.93375 773.7232 5998.756 27565.32 75978.37 130430.4 154162.1 148756.7 128590.2 93070.29 53021.59 23463.8 7878.037 1938.529 340.6092 41.90031 3.534725 0.1998382 0.007396506 0.0001754118 2.618061e-06 
1.10257e-05 0.001196743 0.07659287 2.890558 64.33167 844.6193 6548.796 30093.18 82902.33 141859.1 165697.5 156039.1 131926.7 94876.71 53940.73 23457.6 7569.231 1761.363 289.8922 33.14173 2.576125 0.1332149 0.004496294 9.747693e-05 1.338747e-06 
1.33048e-05 0.001444121 0.09242558 3.488096 77.63157 1019.27 7903.367 36317.11 99984.06 170453.7 196273.5 178523 143793.8 98742.72 53917.23 22646.86 7085.522 1594.423 251.1749 27.11572 1.966519 0.09404789 0.002917622 5.788032e-05 7.253015e-07 
1.38879e-05 0.001507416 0.09647752 3.641123 81.04442 1064.35 8258.974 38030.61 105308 182198.1 216298.7 204443.4 167161.7 112421.4 58709.69 23335.33 6899.689 1471.114 220.0398 22.53906 1.544923 0.06939354 0.002007515 3.689338e-05 4.259855e-07 
1.701224e-05 0.001846539 0.1181823 4.460297 99.27837 1303.811 10116.25 46560.4 128657.8 220921.1 256782.4 233822.3 185077.6 123117.4 64114.21 25068.94 7129.279 1435.894 200.9493 19.20281 1.22841 0.05153902 0.001392517 2.386643e-05 2.563617e-07 
1.764992e-05 0.001915765 0.1226149 4.6278 103.0198 1353.424 10511.37 48505.66 134951.6 235548.8 282490.7 266559.9 212946.6 138110.1 68984.5 25888.69 7106.604 1381.548 185.07 16.72011 1.000114 0.03896032 0.0009742613 1.544236e-05 1.534444e-07 
2.005943e-05 0.002177308 0.1393558 5.259765 117.0946 1538.53 11952.28 55182.94 153631.9 268136.7 320478 300007.3 238366.9 154909.5 77344.41 28546.17 7559.68 1400.524 177.9327 15.21821 0.8595007 0.03147107 0.0007354852 1.083483e-05 9.962559e-08 
1.768952e-05 0.001920095 0.1228975 4.639009 103.3011 1358.201 10570.01 49025.87 138075.8 247448.2 310402.3 307164 250868.5 161703.2 78627.72 28132.34 7213.286 1288.162 156.4434 12.6723 0.6729458 0.02306589 0.0005033716 6.912594e-06 5.91447e-08 
1.721942e-05 0.00186908 0.1196339 4.515953 100.5673 1322.419 10293.47 47749.12 134397.7 240048.1 298461.6 292170 238574.1 155747.2 76566.82 27233.26 6804.693 1167.752 135.2368 10.39712 0.5218244 0.01682785 0.0003439482 4.406359e-06 3.50655e-08 
#survey length counts 
8.83163e-07 9.585905e-05 0.006134969 0.231515 5.151526 67.59205 523.0251 2388.559 6461.312 10539.02 11222.4 10009.84 9783.382 9135.466 6999.685 4600.495 2617.396 1216.315 450.6405 131.9305 29.68245 4.95235 0.5924077 0.04922699 0.002762351 
5.004228e-07 5.43162e-05 0.003476232 0.1311826 2.91902 38.30154 296.4398 1355.191 3684.172 6148.266 7159.962 7837.424 9108.415 8958.325 6869.83 4446.608 2471.212 1116.239 399.7882 112.3731 24.10171 3.806662 0.4282291 0.03327236 0.001737369 
2.121847e-06 0.0002303065 0.01473959 0.5562262 12.37672 162.3869 1256.336 5732.67 15442.69 24673.23 23905.15 15477 9011.564 6479.928 5179.708 3789.589 2244.263 1016.261 353.825 95.33733 19.44811 2.903196 0.3069109 0.02229539 0.001083797 
9.393467e-07 0.0001019573 0.006525261 0.2462445 5.479396 71.90112 556.6256 2547.448 6958.839 11843.84 14672.31 17568.3 20590.95 18153.56 10816.44 4776.089 1932.046 783.2127 279.2642 76.87194 15.41719 2.199283 0.2189017 0.01486147 0.0006722079 
1.80627e-06 0.0001960536 0.01254741 0.4735008 10.53603 138.2398 1069.637 4883.256 13185.3 21290.84 21598.64 16482.21 13292.4 12260.67 10611.52 7451.259 3787.145 1324.56 334.1473 67.85673 11.63775 1.565241 0.1500931 0.009713067 0.0004129827 
1.657222e-06 0.0001798759 0.01151204 0.4344304 9.666771 126.8411 981.6704 4486.429 12171.84 20068.02 22061.91 20616.44 19801.56 16629.96 10741.62 5834.029 2922.993 1246.746 397.0542 87.87919 13.34659 1.42756 0.1108009 0.006206118 0.0002406315 
3.743424e-06 0.0004063135 0.02600402 0.9813126 21.83555 286.4981 2216.816 10120.67 27324.96 44078.93 44383.22 32557.66 23373.15 17883.92 12392.71 7222.726 3376.328 1215.442 340.9548 75.07947 12.31476 1.401522 0.1060704 0.005274236 0.000172827 
4.155062e-06 0.000450993 0.02886352 1.089225 24.23705 318.0251 2461.351 11248.84 30508.4 50158.83 54273.61 48117.47 42735.35 33476.77 19909.42 9370.907 3802.51 1306.536 353.9345 72.06199 10.74827 1.148814 0.08535756 0.00424935 0.000137238 
5.942506e-06 0.0006450033 0.04128017 1.557792 34.66337 454.8286 3519.949 16082.45 43559.92 71175.95 75124.79 62459.5 52172.48 41661.78 27466.65 14586.12 6072.909 1887.272 435.2704 76.3981 10.18939 0.993007 0.06760776 0.00311037 9.435242e-05 
8.121574e-06 0.0008815208 0.05641729 2.129024 47.37443 621.6253 4811.124 21987.29 59608.25 97706.87 104071.2 87822.53 73245.78 56534.14 35286.26 17901.46 7433.831 2397.893 571.877 98.21665 11.95255 1.020462 0.06060697 0.002466402 6.721208e-05 
8.834597e-06 0.000958913 0.06137043 2.315948 51.53441 676.242 5234.796 23940.83 65087.3 107818.4 118859.7 107967.7 96439.22 76111.92 47287.35 23428.16 9306.52 2846.072 649.9897 109.0287 13.0846 1.086924 0.06083027 0.002253541 5.46297e-05 
1.265739e-05 0.001373841 0.08792583 3.318073 73.83339 968.8352 7499.122 34282.71 93032.01 152878.6 163540.8 138008.7 114044.9 88312.8 56592.04 29215.74 11797.42 3555.792 782.3293 124.6895 14.16648 1.118836 0.05985091 0.002118676 4.865515e-05 
1.554641e-05 0.001687418 0.1079949 4.075434 90.68725 1190.046 9212.977 42144.87 114635.5 189916 208130.4 183778.3 155961.3 117537 70636.35 34098.97 13250.38 3962.338 873.2312 137.7716 15.1744 1.140944 0.05748825 0.00190947 4.115498e-05 
1.372239e-05 0.001489439 0.09532435 3.597312 80.05036 1050.58 8136.66 37279.03 101979.8 172354.5 200391.4 197815.8 185250.5 146331.9 89941.72 43425.93 16314.48 4600.009 952.6195 142.9639 15.17783 1.10462 0.05358376 0.001696089 3.448549e-05 
9.323819e-06 0.001012015 0.06476934 2.444267 54.39407 713.9732 5532.649 25397.72 69955.81 120948.9 149476.2 162977.8 166215.3 140384.5 92740.15 47693.78 18496.67 5212.415 1050.27 149.991 14.94775 1.018092 0.04639658 0.001386706 2.669159e-05 
1.167151e-05 0.001266835 0.08107771 3.059681 68.08659 893.5573 6919.888 31687.18 86450.44 144399.6 161201.1 146774 130862.5 108989.8 76058.51 41813.72 17166.3 5067.447 1053.912 151.7632 14.84588 0.9695492 0.04166331 0.001162842 2.082046e-05 
1.143041e-05 0.001240666 0.07940317 2.996523 66.6838 875.2684 6781.484 31103.92 85320.72 144945.4 168864.9 163038.2 145365.4 110289 67269.73 33467.83 13341.69 4021.273 868.0429 129.0488 12.84614 0.8389301 0.03539798 0.0009533976 1.622891e-05 
1.310712e-05 0.001422658 0.09105078 3.436086 76.46591 1003.664 7775.963 35655.59 97672.14 164952.9 188439.1 174985.1 151021.1 113882.1 69047.15 32769.47 11882.37 3217.411 640.0668 91.1341 8.936213 0.5813691 0.02440768 0.0006490872 1.079868e-05 
1.29177e-05 0.001402101 0.08973548 3.386498 75.36593 989.376 7669.011 35219.72 96941.92 165995.8 195841.3 190110.1 167118.8 123505 72038.99 32847.03 11445.96 2941.299 542.8801 70.56739 6.3253 0.3817741 0.01514214 0.0003858741 6.200606e-06 
1.407539e-05 0.001527759 0.09777788 3.690027 82.12203 1078.102 8357.268 38382.15 105605.5 180327 210431.7 199557.3 171739.5 126290.1 73673.12 33082.83 11095.84 2699.418 467.2188 56.50228 4.67008 0.2579091 0.009330392 0.0002174587 3.218368e-06 
1.706266e-05 0.001852001 0.1185299 4.473211 99.55332 1306.983 10132.07 46533.8 127968.4 217790.3 250764.9 229965.8 188807.1 132748.9 74445.93 32317.61 10523.85 2479.987 411.4859 47.04213 3.630302 0.1855064 0.006170272 0.0001316154 1.777435e-06 
1.784612e-05 0.001937044 0.1239738 4.678777 104.1362 1367.46 10608.07 48816.41 135003.3 233193.9 277123.7 264726.8 221067.5 152404.3 81819.64 33637.44 10359.99 2315.472 365.1965 39.6622 2.895993 0.1390969 0.004316404 8.531e-05 1.061607e-06 
2.18755e-05 0.002374401 0.1519657 5.735215 127.6504 1676.236 13002.53 59810.14 165091 283125.4 329558.5 303337.1 245369.3 167588.6 89924.72 36446.79 10812.22 2284.751 337.3895 34.20897 2.333076 0.1047623 0.003038615 5.604257e-05 6.490474e-07 
2.292225e-05 0.002488029 0.1592402 6.009992 133.7811 1757.299 13643.53 62914.87 174825.3 304804.9 366510.3 350354.5 286449.1 190845.7 98247.85 38242.53 10964.95 2240.144 317.098 30.42429 1.941159 0.08096162 0.002174296 3.710486e-05 3.977405e-07 
2.556325e-05 0.002774698 0.1775891 6.702647 149.207 1960.163 15222.6 70233.1 195310.7 340601.8 408385.9 387533.5 315402.8 210895.6 108758.9 41709.83 11549.89 2250.454 302.3934 27.49558 1.658098 0.06504869 0.001633299 2.59098e-05 2.570281e-07 
2.260693e-05 0.002453837 0.1570576 5.928215 131.9965 1735.112 13496.95 62545.07 175913.8 315078 397115.7 399259 334350 221780.8 111431.1 41465.93 11132.61 2093.983 269.2824 23.20812 1.316718 0.04838335 0.001135098 1.679456e-05 1.55092e-07 
2.204293e-05 0.002392629 0.1531418 5.780562 128.7164 1692.187 13165.5 61018.38 171531.9 306247.2 382585.8 380468.9 318729.6 214492.9 109207.1 40472.98 10601.09 1917.838 235.3997 19.27434 1.034416 0.03578471 0.0007866371 1.086125e-05 9.331244e-08 
2.241281e-05 0.002432797 0.1557157 5.877986 130.8995 1721.298 13398.72 62158.69 174982.8 312573.8 388365.1 378975 307839.5 200605.9 99500.58 36190.37 9333.912 1656.261 197.4525 15.51941 0.7914626 0.02583037 0.0005331091 6.887511e-06 5.521941e-08 
