# Number of parameters = 77 Objective function value = 19584.2646431080  Maximum gradient component = 28.1129802139719
# srv_sel50:
0.999998175858
# srv_sel95:
1.00000661735
# stNatLen:
 10.6397887565 9.46350839183 8.01370968582 7.02500787475 6.35586152720 5.86370521688 5.48372962845 5.18287658430 4.94212344670 4.74962760866 4.59763434446 4.48092156213 4.39595570628 4.34041224792 4.31290926335
# log_avg_fmort_dir:
0.729208960507
# fmort_dir_dev:
 -0.469818710891 -0.116471796106 -0.290010083304 -0.261106253458 -0.264633710543 -0.0138872780340 -0.118640631277 -0.274757403506 -0.189540505423 -0.0809585254642 -0.110086915034 -0.0343729119988 -0.0233890839220 0.0951954029669 0.0170734096709 0.0822919471203 0.0805341238766 0.0555254219774 0.163340007453 0.240035691036 0.200347491096 0.132112137351 0.235875400778 0.165360535073 0.265681614542 0.354657433100 0.186283169596 -0.0266399766739
# mean_log_rec:
13.3333697744
# rec_dev:
 -2.31671513136 -2.08731115795 -1.69104165956 -1.39338852522 -1.41385791701 -1.38795126185 -0.931868718324 -0.435831991563 -0.196061798246 -0.0182253814558 0.310881939293 0.594364533617 0.764934821730 0.570193631619 0.465846075132 0.450710758477 0.457331844232 0.505446252915 0.581511817068 0.602683250813 0.623959589832 0.736013831107 0.796250517881 0.902828863385 0.874031852934 0.793400941002 0.920931507255 0.920931514246
# log_avg_NatM:
-1.36837500000
# m_dev:
 0.00000000000 0.00000000000 0.00000000000 0.00000000000 0.00000000000 0.00000000000 0.00000000000 0.00000000000 0.00000000000 0.00000000000 0.00000000000 0.00000000000 0.00000000000 0.00000000000 0.00000000000 0.00000000000 0.00000000000 0.00000000000 0.00000000000 0.00000000000 0.00000000000 0.00000000000 0.00000000000 0.00000000000 0.00000000000 0.00000000000 0.00000000000 0.00000000000
# log_avg_GrowthK:
-1.19613400000
# log_avg_Linf:
3.45239700000
# GrowthK_dev:
 0.00000000000 0.00000000000 0.00000000000 0.00000000000 0.00000000000 0.00000000000 0.00000000000 0.00000000000 0.00000000000 0.00000000000 0.00000000000 0.00000000000 0.00000000000 0.00000000000 0.00000000000 0.00000000000 0.00000000000 0.00000000000 0.00000000000 0.00000000000 0.00000000000 0.00000000000 0.00000000000 0.00000000000 0.00000000000 0.00000000000 0.00000000000 0.00000000000
# Linf_dev:
 0.00000000000 0.00000000000 0.00000000000 0.00000000000 0.00000000000 0.00000000000 0.00000000000 0.00000000000 0.00000000000 0.00000000000 0.00000000000 0.00000000000 0.00000000000 0.00000000000 0.00000000000 0.00000000000 0.00000000000 0.00000000000 0.00000000000 0.00000000000 0.00000000000 0.00000000000 0.00000000000 0.00000000000 0.00000000000 0.00000000000 0.00000000000 0.00000000000
# SelPars50:
1.01162465943
# SelPars95:
1.14194470759
# SelPars_dev50:
 0.00000000000 0.00000000000 0.00000000000 0.00000000000 0.00000000000 0.00000000000 0.00000000000 0.00000000000 0.00000000000 0.00000000000 0.00000000000 0.00000000000 0.00000000000 0.00000000000 0.00000000000 0.00000000000 0.00000000000 0.00000000000 0.00000000000 0.00000000000 0.00000000000 0.00000000000 0.00000000000 0.00000000000 0.00000000000 0.00000000000 0.00000000000 0.00000000000
# SelPars_dev95:
 0.00000000000 0.00000000000 0.00000000000 0.00000000000 0.00000000000 0.00000000000 0.00000000000 0.00000000000 0.00000000000 0.00000000000 0.00000000000 0.00000000000 0.00000000000 0.00000000000 0.00000000000 0.00000000000 0.00000000000 0.00000000000 0.00000000000 0.00000000000 0.00000000000 0.00000000000 0.00000000000 0.00000000000 0.00000000000 0.00000000000 0.00000000000 0.00000000000
