#Simulated generalized assessment 
# 
#start/end year 
71 98 
#number of ages 
15 
#ages 
1 2 3 4 5 6 7 8 9 10 11 12 13 14 15 
#Number of length bins 
25 
#CPUE years 
28 
#years for CPUE 
71 72 73 74 75 76 77 78 79 80 81 82 83 84 85 86 87 88 89 90 91 92 93 94 95 96 97 98 
#survey years 
28 
#years for survey 
71 72 73 74 75 76 77 78 79 80 81 82 83 84 85 86 87 88 89 90 91 92 93 94 95 96 97 98 
#length freq from catch years 
28 
#years for length freq catch 
71 72 73 74 75 76 77 78 79 80 81 82 83 84 85 86 87 88 89 90 91 92 93 94 95 96 97 98 
#catch length sample sizes 
200 200 200 200 200 200 200 200 200 200 200 200 200 200 200 200 200 200 200 200 200 200 200 200 200 200 200 200 
#length freq from survey years 
28 
#years for length freq survey 
71 72 73 74 75 76 77 78 79 80 81 82 83 84 85 86 87 88 89 90 91 92 93 94 95 96 97 98 
#survey sample sizes 
200 200 200 200 200 200 200 200 200 200 200 200 200 200 200 200 200 200 200 200 200 200 200 200 200 200 200 200 
#total survey biomass 
6356.15 6213.513 8584.106 12707.95 14999.05 22811.23 16149.09 22925.47 37693.6 54566.63 70157.51 122326.7 98431.82 118668.2 113251.2 157492.6 122092.6 95536.41 97015.29 106385.6 101793.5 109010.1 100364.3 127897.3 111588.1 113511.9 119659.1 103692.8 
#survey CV 
0.2 0.2 0.2 0.2 0.2 0.2 0.2 0.2 0.2 0.2 0.2 0.2 0.2 0.2 0.2 0.2 0.2 0.2 0.2 0.2 0.2 0.2 0.2 0.2 0.2 0.2 0.2 0.2 
#total CPUE 
6382.63 6668.167 12195.12 14116.75 21491.18 18822.23 21999.53 21749.01 49591.08 57470.62 86794.75 81804.26 146816.9 166696.8 94984.01 109101.8 99613.27 106472.1 137586.8 124682 128121.6 132317 153281.6 119847.6 184945.2 150980 146684.3 158784.6 
#CPUE CV 
0.2 0.2 0.2 0.2 0.2 0.2 0.2 0.2 0.2 0.2 0.2 0.2 0.2 0.2 0.2 0.2 0.2 0.2 0.2 0.2 0.2 0.2 0.2 0.2 0.2 0.2 0.2 0.2 
#total catch biomass 
4870.608 4524.686 5615.932 7690.012 11493.61 14760.71 12867.08 16163.81 24086.25 36411.87 43819.24 67453.51 75800.69 92735.31 105606.7 91775.06 84634.17 91170.86 77644.53 78852.54 84327.37 87812.39 85217.55 99762.16 105323.1 112185.2 117301.5 95605.61 
#catch CV 
0.05 0.05 0.05 0.05 0.05 0.05 0.05 0.05 0.05 0.05 0.05 0.05 0.05 0.05 0.05 0.05 0.05 0.05 0.05 0.05 0.05 0.05 0.05 0.05 0.05 0.05 0.05 0.05 
#Length Bins 
0.7268035 2.18041 3.634017 5.087624 6.541231 7.994838 9.448445 10.90205 12.35566 13.80927 15.26287 16.71648 18.17009 19.62369 21.0773 22.53091 23.98451 25.43812 26.89173 28.34534 29.79894 31.25255 32.70616 34.15976 35.61337 
#catch length counts 
5.413627e-37 7.513758e-29 1.260589e-21 2.556449e-15 6.266833e-10 1.856977e-05 0.0665139 28.79822 1507.184 9534.892 7305.415 1472.921 5507.298 4681.301 1451.963 1180.006 388.3298 134.3463 29.55235 3.930825 0.2306149 0.004290068 1.870725e-05 1.531736e-08 2.036457e-12 
5.672682e-37 7.873309e-29 1.320911e-21 2.678781e-15 6.566716e-10 1.945838e-05 0.06969675 30.17629 1579.307 9991.165 7656.864 1595.806 5782.102 4656.67 1498.341 1151.394 370.5161 120.6762 24.42567 2.84662 0.1379744 0.002000486 6.504866e-06 3.865762e-09 3.676443e-13 
8.272783e-37 1.148208e-28 1.926357e-21 3.906613e-15 9.576601e-10 2.837722e-05 0.1016426 44.00773 2303.189 14570.65 11160.8 1965.494 5718.225 4343.236 1399.128 996.4151 312.5093 95.51363 17.79435 1.804956 0.07182897 0.0008089467 1.96158e-06 8.46965e-10 5.763559e-14 
1.202615e-36 1.66915e-28 2.800345e-21 5.679044e-15 1.392151e-09 4.125198e-05 0.1477579 63.97405 3348.147 21181.38 16229.92 3028.932 8767.46 6207.545 1608.338 966.2351 288.4532 81.4813 13.89603 1.222911 0.03973619 0.0003463667 6.260369e-07 1.967002e-10 9.598492e-15 
1.815273e-36 2.519479e-28 4.226949e-21 8.572167e-15 2.101366e-09 6.226731e-05 0.2230314 96.56489 5053.822 31972.01 24502.31 4605.779 12540.45 8347.399 2267.077 1245.159 288.9141 67.51865 10.24353 0.7740977 0.02044938 0.0001376092 1.852506e-07 4.239836e-11 1.486636e-15 
1.975585e-36 2.741982e-28 4.600243e-21 9.329201e-15 2.286944e-09 6.776633e-05 0.242728 105.0928 5500.14 34795.67 26702.25 6317.677 19192.71 11966.34 3228.665 1630.464 365.5409 69.92741 7.972754 0.4905357 0.01039989 5.387568e-05 5.401862e-08 9.014022e-12 2.274612e-16 
1.431746e-36 1.987169e-28 3.333889e-21 6.761059e-15 1.657394e-09 4.911162e-05 0.1759098 76.16288 3986.062 25217.3 19402.91 6332.809 21014.76 12512.33 4468.425 2223.284 466.7779 80.41006 7.425307 0.3286056 0.005213285 2.04542e-05 1.523878e-08 1.855866e-12 3.37604e-17 
2.951218e-36 4.096096e-28 6.87205e-21 1.393638e-14 3.416339e-09 0.0001012324 0.3625979 156.9924 8216.356 51979.28 39849.89 7247.247 15320.89 8905.435 4542.282 2299.293 572.7873 94.70004 7.501367 0.2537545 0.002799414 7.75657e-06 4.187926e-09 3.701719e-13 4.85501e-18 
4.434953e-36 6.155422e-28 1.0327e-20 2.094294e-14 5.133916e-09 0.0001521273 0.5448953 235.9209 12347.16 78112.45 59985.07 13757.09 32551.44 16366.56 3982.743 1756.888 559.573 101.2688 7.936726 0.2202138 0.001775555 3.358043e-06 1.237136e-09 7.646007e-14 7.119238e-19 
7.071263e-36 9.814446e-28 1.646577e-20 3.339225e-14 8.185717e-09 0.0002425578 0.8688025 376.1615 19686.79 124545.8 95677.07 21938.38 47875.28 23017.79 7205.447 2518.696 437.0006 78.50712 6.699626 0.1738488 0.001120076 1.524196e-06 3.833549e-10 1.596183e-14 1.012063e-19 
7.072965e-36 9.816809e-28 1.646973e-20 3.340029e-14 8.187688e-09 0.0002426162 0.8690116 376.252 19691.53 124577.7 96088.56 31607.59 76363.97 34189.36 10358.21 3452.426 609.0413 68.33052 4.537802 0.114633 0.0006551795 7.041643e-07 1.287585e-10 3.720128e-15 1.60228e-20 
1.19082e-35 1.65278e-27 2.772881e-20 5.623346e-14 1.378497e-08 0.0004084739 1.463087 633.4662 33153.1 209740.3 161363.9 39579.24 76283.67 34332.56 15046.25 4744.72 778.8791 79.21612 3.620096 0.0648111 0.0003156204 2.867453e-07 4.140951e-11 8.902079e-16 2.737004e-21 
1.434102e-35 1.990439e-27 3.339374e-20 6.772183e-14 1.660121e-08 0.0004919242 1.761992 762.8818 39926.2 252594.4 195131.8 63719.94 129160.5 50753.31 15675.11 5001.306 990.753 92.25995 3.506091 0.0436517 0.0001439864 9.947741e-08 1.146674e-11 1.936666e-16 4.524803e-22 
2.011875e-35 2.792349e-27 4.684745e-20 9.500569e-14 2.328953e-08 0.0006901113 2.471866 1070.233 56011.73 354361.6 273773.4 84392.57 153168.7 60515.23 23729.07 6120.881 954.6166 93.21157 3.30205 0.03240035 7.458941e-05 3.429722e-08 2.759319e-12 3.449151e-17 6.124038e-23 
1.762124e-35 2.445712e-27 4.10319e-20 8.321187e-14 2.039841e-08 0.0006044422 2.165014 937.3762 49058.56 310387.4 242063.4 113270.4 214969.1 78453.08 28084.42 7385.06 1148.676 86.91683 2.74377 0.02379982 4.26874e-05 1.393041e-08 7.558024e-13 6.341698e-18 7.766515e-24 
1.371729e-35 1.903869e-27 3.194136e-20 6.477643e-14 1.587918e-08 0.0004705292 1.685359 729.7022 38189.74 241632.6 189700.7 104062.9 187905.2 76226.36 36398.07 8637.074 1242.796 87.80702 2.198338 0.01528885 2.259833e-05 5.75533e-09 2.282301e-13 1.336625e-18 1.113554e-24 
1.560133e-35 2.165362e-27 3.632844e-20 7.367335e-14 1.806016e-08 0.0005351554 1.91684 829.9254 43435.02 274816.1 214675.2 92089.79 143782.4 60167.59 30940.76 8555.085 1311.216 81.28567 1.740002 0.009458815 1.057748e-05 2.079342e-09 6.350326e-14 2.786736e-19 1.68448e-25 
1.587352e-35 2.203139e-27 3.696223e-20 7.495866e-14 1.837523e-08 0.0005444918 1.950281 844.4044 44192.81 279627.4 220010.9 109918.5 161455.3 56898.03 23650.42 6728.211 1127.645 71.83324 1.325745 0.005782322 4.944557e-06 7.176079e-10 1.613436e-14 5.263125e-20 2.371362e-26 
1.64496e-35 2.283096e-27 3.830367e-20 7.767908e-14 1.904211e-08 0.0005642526 2.021061 875.0497 45796.69 289789.5 228884.5 116872.8 157896.9 57140.01 22973.12 5119.386 771.1717 49.54366 0.8655973 0.00317183 2.110741e-06 2.302976e-10 3.802658e-15 8.980365e-21 2.920312e-27 
1.634995e-35 2.269266e-27 3.807164e-20 7.720852e-14 1.892676e-08 0.0005608345 2.008818 869.7488 45519.3 288061.2 229481.7 130739.9 164976.9 58701.91 22725.39 4825.636 588.7647 31.32758 0.4946566 0.001594051 8.70344e-07 7.34383e-11 9.059743e-16 1.569606e-21 3.700856e-28 
1.878537e-35 2.607285e-27 4.374261e-20 8.870914e-14 2.1746e-08 0.0006443738 2.308042 999.3026 52299.68 330981.7 263743 139004.1 158415 57772.42 21704.44 4321.139 468.5952 19.74594 0.2434442 0.0006449239 2.908788e-07 1.970443e-11 1.884125e-16 2.456789e-22 4.272178e-29 
2.009577e-35 2.78916e-27 4.679395e-20 9.489718e-14 2.326293e-08 0.0006893231 2.469043 1069.01 55948.02 354123.7 285356 168119.9 178028.9 59673.64 20333.55 3891.434 377.9516 13.20321 0.1240713 0.0002451731 8.463099e-08 4.472287e-12 3.334996e-17 3.351009e-23 4.419338e-30 
2.233395e-35 3.099806e-27 5.200567e-20 1.054665e-13 2.585386e-08 0.0007660972 2.744035 1188.073 62179.41 393617.3 319376.7 191255.3 187349.3 65155.6 20728.25 3460.492 296.6484 8.733786 0.06433778 9.438739e-05 2.364552e-08 9.12035e-13 5.040606e-18 3.79755e-24 3.771743e-31 
2.460069e-35 3.414413e-27 5.728386e-20 1.161705e-13 2.847784e-08 0.0008438504 3.022535 1308.653 68490.37 433647.9 355118.5 219666.3 198435.4 67035.19 20063.02 3121.209 224.6854 5.402588 0.03154251 3.510758e-05 6.448614e-09 1.787936e-13 7.057888e-19 3.810211e-25 2.732587e-32 
2.853243e-35 3.960113e-27 6.64391e-20 1.347372e-13 3.302923e-08 0.0009787165 3.505603 1517.805 79436.96 503061.7 415492.3 259475.2 216678 72732.06 20129.09 2855.271 178.1523 3.434733 0.01546524 1.306157e-05 1.785316e-09 3.613585e-14 1.026334e-19 3.949589e-26 2.009926e-33 
3.014006e-35 4.183242e-27 7.018257e-20 1.423288e-13 3.489024e-08 0.001033862 3.703124 1603.325 83913.4 531623.2 447176.8 304628.5 237326.6 76476.86 19423.08 2489.009 132.5212 2.071134 0.007166544 4.51167e-06 4.546995e-10 6.742379e-15 1.392403e-20 3.865449e-27 1.409185e-34 
2.887715e-35 4.007958e-27 6.724182e-20 1.363651e-13 3.342829e-08 0.0009905413 3.547958 1536.144 80398.3 509667.2 439842.1 333910.5 248070.9 82443.52 19379.09 2196.76 98.64552 1.237948 0.003305152 1.556631e-06 1.149564e-10 1.236368e-15 1.844746e-21 3.69305e-28 9.689005e-36 
2.819715e-35 3.913578e-27 6.565839e-20 1.331539e-13 3.264111e-08 0.0009672158 3.46441 1499.971 78506.08 497925.4 435746.3 331395.7 234189.9 81710.73 18531.16 1911.83 71.51428 0.7118897 0.001457401 5.138995e-07 2.793808e-11 2.184661e-16 2.349782e-22 3.373931e-29 6.333312e-37 
#survey length counts 
7.236421e-37 1.004367e-28 1.685035e-21 3.417217e-15 8.376905e-10 2.48223e-05 0.08890944 38.49472 2014.66 12745.33 9764.954 1955.857 7272.132 6182.751 1930.401 1572.801 514.269 175.6164 37.66001 4.856075 0.274121 0.004890397 2.044916e-05 1.61127e-08 2.072491e-12 
1.057166e-36 1.467277e-28 2.461661e-21 4.9922e-15 1.223779e-09 3.626281e-05 0.1298875 56.2368 2943.21 18619.6 14259.31 2432.033 7257.809 5834.496 1822.581 1381.705 440.1233 141.7483 28.16321 3.1899 0.1493757 0.002087818 6.54796e-06 3.761253e-09 3.468184e-13 
1.497267e-36 2.078107e-28 3.486456e-21 7.070463e-15 1.733241e-09 5.135909e-05 0.1839599 79.64829 4168.474 26371 20201.66 3660.834 10979.54 8260.73 2091.136 1330.979 403.8389 120.6568 22.09202 2.191746 0.08466842 0.0009234138 2.170357e-06 9.101161e-10 6.028627e-14 
2.237916e-36 3.10608e-28 5.211094e-21 1.056799e-14 2.590619e-09 7.676479e-05 0.274959 119.0477 6230.485 39415.91 30199.57 5527.93 15695.27 11122.44 2946.719 1735.147 412.7804 101.329 16.5932 1.426164 0.04524185 0.0003839127 6.755074e-07 2.069699e-10 9.868356e-15 
2.406778e-36 3.340449e-28 5.604296e-21 1.13654e-14 2.786094e-09 8.255706e-05 0.2957059 128.0305 6700.605 42390.15 32517.53 7481.6 23962.29 15936.55 4197.475 2280.226 526.0354 107.7415 13.24291 0.9293618 0.02386316 0.0001570294 2.067911e-07 4.63314e-11 1.592554e-15 
1.728529e-36 2.399084e-28 4.024962e-21 8.162541e-15 2.000951e-09 5.929183e-05 0.2123737 91.95048 4812.322 30444.45 23409.22 7425.704 26227.66 16624.61 5770.699 3130.37 677.7578 125.8901 12.77037 0.6478392 0.01246385 6.244156e-05 6.13678e-08 1.006325e-11 2.497905e-16 
3.556616e-36 4.936348e-28 8.281749e-21 1.679522e-14 4.11715e-09 0.0001219987 0.4369795 189.197 9901.819 62641.98 48011.48 8581.733 19225.62 11821.75 5870.465 3245.247 835.0511 151.4559 13.32525 0.5250242 0.007063642 2.500435e-05 1.784998e-08 2.129537e-12 3.817504e-17 
5.228273e-36 7.256498e-28 1.217428e-20 2.46892e-14 6.052266e-09 0.0001793397 0.6423657 278.1222 14555.81 92084.95 70684.75 15948.46 40385.37 21774.76 5198.913 2422.526 801.4687 160.1447 14.23281 0.4672461 0.0046468 1.127235e-05 5.492471e-09 4.585671e-13 5.843772e-18 
8.267622e-36 1.147491e-27 1.925155e-20 3.904175e-14 9.570626e-09 0.0002835952 1.015792 439.8027 23017.52 145616.9 111813.6 25309.29 59377.73 30500.3 9395.793 3609.038 639.9437 123.2922 12.12966 0.379466 0.003060131 5.379912e-06 1.793668e-09 1.008975e-13 8.757776e-19 
8.210293e-36 1.139535e-27 1.911806e-20 3.877103e-14 9.504263e-09 0.0002816287 1.008748 436.7531 22857.92 144609 111447.3 36246.69 94768.05 45350.68 13573.54 4936.872 915.4203 112.3864 8.323477 0.2556902 0.001857396 2.605317e-06 6.343884e-10 2.478998e-14 1.461078e-19 
1.378851e-35 1.913755e-27 3.21072e-20 6.511276e-14 1.596163e-08 0.0004729722 1.694109 733.4909 38388 242857.5 186737.3 45488.75 95051.36 45197.53 19775.6 6863.867 1185.929 134.208 7.006665 0.1500196 0.0009294559 1.112218e-06 2.152724e-10 6.277576e-15 2.642485e-20 
1.645385e-35 2.283687e-27 3.831358e-20 7.769917e-14 1.904704e-08 0.0005643985 2.021584 875.276 45808.46 289806.8 223675.1 72783.9 160764.4 67382.6 20736.77 7114.57 1514.111 158.9168 7.014384 0.1061153 0.000443038 4.025836e-07 6.246798e-11 1.437016e-15 4.606434e-21 
2.308928e-35 3.20464e-27 5.376448e-20 1.090333e-13 2.672823e-08 0.0007920062 2.836837 1228.253 64281.86 406680 313913.6 96753.81 191844.1 79963.97 31769.09 8982.545 1475.859 162.3739 6.831696 0.08264839 0.000243086 1.47015e-07 1.59097e-11 2.714644e-16 6.633314e-22 
2.014634e-35 2.796179e-27 4.69117e-20 9.513598e-14 2.332146e-08 0.0006910576 2.475256 1071.7 56088.55 354859.7 276292.4 129894.2 270094.3 104095.4 37861.71 10786.01 1822.199 155.3864 5.800359 0.06295966 0.0001459113 6.296431e-08 4.59977e-12 5.26725e-17 8.887957e-23 
1.558842e-35 2.16357e-27 3.629837e-20 7.361236e-14 1.80452e-08 0.0005347124 1.915253 829.2383 43399.06 274586.6 215119.8 119164.2 235923.8 99073.8 49321.62 12741.3 1985.853 160.6378 4.809873 0.04182683 8.042775e-05 2.727361e-08 1.461034e-12 1.168364e-17 1.340184e-23 
1.772968e-35 2.460763e-27 4.128441e-20 8.372395e-14 2.052394e-08 0.0006081619 2.178337 943.1447 49360.46 312300.5 243557.3 105818.6 181423.9 77911.87 42058.15 12511.94 2137.008 152.5599 3.947676 0.02710121 3.951868e-05 1.037395e-08 4.295402e-13 2.579437e-18 2.147497e-24 
1.789554e-35 2.483783e-27 4.167061e-20 8.450715e-14 2.071593e-08 0.000613851 2.198714 951.9674 49822.23 315237.9 247515.6 125937.8 203663.7 74406.47 32185.35 9766.723 1829.085 136.8008 3.095915 0.01718393 1.928262e-05 3.748342e-09 1.14478e-13 5.121366e-19 3.184289e-25 
1.874723e-35 2.601991e-27 4.365381e-20 8.852904e-14 2.170185e-08 0.0006430656 2.303356 997.2737 52193.4 330254.1 260256.6 135851 202117.1 75385.5 32212.78 7682.634 1275.838 96.76168 2.105015 0.009938909 8.73266e-06 1.280952e-09 2.879611e-14 9.338936e-20 4.196252e-26 
1.853454e-35 2.572472e-27 4.315856e-20 8.752469e-14 2.145565e-08 0.0006357701 2.277225 985.9598 51601.31 326533.6 259434 151923 211152.9 77309.05 31974.89 7334.898 1000.556 62.41137 1.232427 0.00517005 3.757916e-06 4.282921e-10 7.211462e-15 1.718339e-20 5.603157e-27 
2.141343e-35 2.972043e-27 4.986218e-20 1.011195e-13 2.478826e-08 0.0007345214 2.630936 1139.105 59616.34 377264.8 299857.8 162998.3 204584.1 76587.19 31017.13 6691.957 822.036 41.09967 0.6333792 0.002190059 1.322594e-06 1.216328e-10 1.592629e-15 2.861276e-21 6.887529e-28 
2.292483e-35 3.181815e-27 5.338155e-20 1.082567e-13 2.653786e-08 0.0007863653 2.816633 1219.505 63824.26 403945.4 324521.7 198274.7 231337.2 79886.03 29315.54 6113.027 679.5343 28.52338 0.3378996 0.0008731369 4.042766e-07 2.909686e-11 2.980966e-16 4.137187e-22 7.564346e-29 
2.537549e-35 3.521951e-27 5.908803e-20 1.198293e-13 2.937475e-08 0.0008704277 3.11773 1349.87 70647.17 447178.9 361693.8 225660.8 243164.2 87168.29 30213.82 5511.582 543.8023 19.45528 0.182339 0.000351683 1.184268e-07 6.230354e-12 4.74037e-17 4.944721e-23 6.823966e-30 
2.816648e-35 3.909322e-27 6.558699e-20 1.330091e-13 3.260561e-08 0.000966164 3.460642 1498.339 78417.67 496443.7 405176.6 262277.5 260422.7 90926.05 29698.78 5106.08 426.8943 12.55125 0.09393856 0.0001382344 3.424014e-08 1.2969e-12 7.054881e-18 5.279401e-24 5.26937e-31 
3.245367e-35 4.504355e-27 7.55699e-20 1.532542e-13 3.756847e-08 0.001113223 3.987382 1726.399 90353.79 572113.1 470905 309138.5 283340.6 98681.12 29945.25 4722.909 346.032 8.235599 0.04777886 5.357831e-05 9.907193e-09 2.744689e-13 1.075311e-18 5.738967e-25 4.066128e-32 
3.446717e-35 4.783816e-27 8.025844e-20 1.627625e-13 3.989931e-08 0.00118229 4.234769 1833.509 95960.1 607824 509318.3 366583.6 313015 105148.9 29368.78 4220.957 266.1677 5.182726 0.02325952 1.951222e-05 2.666841e-09 5.422828e-14 1.546771e-19 5.959518e-26 3.025755e-33 
3.299777e-35 4.579873e-27 7.683688e-20 1.558236e-13 3.819833e-08 0.001131886 4.054233 1755.344 91870.04 582230.3 500303.8 403390.3 327171.2 114027.7 29668.48 3801.7 203.9854 3.214968 0.01119924 7.05644e-06 7.083594e-10 1.046336e-14 2.158922e-20 6.004412e-27 2.19553e-34 
3.22544e-35 4.476698e-27 7.51059e-20 1.523132e-13 3.73378e-08 0.001106387 3.962899 1715.8 89801.31 569375.7 496163.9 402173.5 309011.1 113744.3 28682.46 3385.805 152.7607 1.923806 0.005165755 2.445492e-06 1.811388e-10 1.948218e-15 2.900441e-21 5.78977e-28 1.515677e-35 
3.413749e-35 4.738058e-27 7.949076e-20 1.612057e-13 3.951767e-08 0.001170981 4.194263 1815.972 95045.2 602863.6 529245.3 410339.8 292201.6 104984.2 25540.02 2859.5 111.4533 1.121229 0.002300878 8.138906e-07 4.441138e-11 3.484232e-16 3.756119e-22 5.398409e-29 1.013008e-36 
