# Number of parameters = 80 Objective function value = 20040.4707167540  Maximum gradient component = 0.00102244519168870
# srv_sel50:
2.82458081657
# srv_sel95:
6.12608256908
# stNatLen:
 12.4186129119 10.5498397521 9.11665568284 8.10432960120 7.37537940056 6.83093192154 6.41119362071 6.08089953727 5.81841101765 5.60987292559 5.44611474204 5.32094298329 5.23016458505 5.17101425851 5.14181920349
# log_avg_fmort_dir:
0.587483234591
# fmort_dir_dev:
 -0.278494238256 -0.100162550970 -0.0354536379343 -0.100437842786 -0.162102160943 -0.0103308114109 -0.0349454263380 -0.328218130299 -0.510284807344 -0.278378730270 -0.165380616725 -0.0998857396480 0.0185751762635 0.0673020414381 0.234583390591 0.246049327531 0.120612586632 0.130644372598 0.104250361293 0.116164959031 0.119805993333 -0.0455081692639 -0.114727739713 0.0389832683889 -0.0106383919055 0.0947247184091 0.125204638816 0.107483105967 0.750565053513
# mean_log_rec:
14.8913834791
# rec_dev:
 -2.13005020426 -2.17425114885 -2.14199473390 -1.65663236084 -1.48866197503 -1.38335831877 -0.973662440246 -0.314335111285 0.00105521501486 0.136309299792 0.304217647952 0.562064266717 0.723591712238 0.646943340626 0.464357915386 0.450220816246 0.501431020220 0.468663411455 0.475457243912 0.564631183762 0.651464658970 0.729853290981 0.833507300618 0.905521300485 0.897890874823 0.761124696092 0.703862816603 0.740389137553 0.740389143744
# log_avg_NatM:
0.571328199077
# m_dev:
 0.00000000000 0.00000000000 0.00000000000 0.00000000000 0.00000000000 0.00000000000 0.00000000000 0.00000000000 0.00000000000 0.00000000000 0.00000000000 0.00000000000 0.00000000000 0.00000000000 0.00000000000 0.00000000000 0.00000000000 0.00000000000 0.00000000000 0.00000000000 0.00000000000 0.00000000000 0.00000000000 0.00000000000 0.00000000000 0.00000000000 0.00000000000 0.00000000000 0.00000000000
# log_avg_GrowthK:
-1.02151300000
# log_avg_Linf:
3.36611700000
# GrowthK_dev:
 0.00000000000 0.00000000000 0.00000000000 0.00000000000 0.00000000000 0.00000000000 0.00000000000 0.00000000000 0.00000000000 0.00000000000 0.00000000000 0.00000000000 0.00000000000 0.00000000000 0.00000000000 0.00000000000 0.00000000000 0.00000000000 0.00000000000 0.00000000000 0.00000000000 0.00000000000 0.00000000000 0.00000000000 0.00000000000 0.00000000000 0.00000000000 0.00000000000 0.00000000000
# Linf_dev:
 0.00000000000 0.00000000000 0.00000000000 0.00000000000 0.00000000000 0.00000000000 0.00000000000 0.00000000000 0.00000000000 0.00000000000 0.00000000000 0.00000000000 0.00000000000 0.00000000000 0.00000000000 0.00000000000 0.00000000000 0.00000000000 0.00000000000 0.00000000000 0.00000000000 0.00000000000 0.00000000000 0.00000000000 0.00000000000 0.00000000000 0.00000000000 0.00000000000 0.00000000000
# SelPars50:
2.60293910993
# SelPars95:
5.25708617612
# SelPars_dev50:
 0.00000000000 0.00000000000 0.00000000000 0.00000000000 0.00000000000 0.00000000000 0.00000000000 0.00000000000 0.00000000000 0.00000000000 0.00000000000 0.00000000000 0.00000000000 0.00000000000 0.00000000000 0.00000000000 0.00000000000 0.00000000000 0.00000000000 0.00000000000 0.00000000000 0.00000000000 0.00000000000 0.00000000000 0.00000000000 0.00000000000 0.00000000000 0.00000000000 0.00000000000
# SelPars_dev95:
 0.00000000000 0.00000000000 0.00000000000 0.00000000000 0.00000000000 0.00000000000 0.00000000000 0.00000000000 0.00000000000 0.00000000000 0.00000000000 0.00000000000 0.00000000000 0.00000000000 0.00000000000 0.00000000000 0.00000000000 0.00000000000 0.00000000000 0.00000000000 0.00000000000 0.00000000000 0.00000000000 0.00000000000 0.00000000000 0.00000000000 0.00000000000 0.00000000000 0.00000000000
