#Simulated generalized assessment 
# 
#start/end year 
69 97 
#number of ages 
15 
#ages 
1 2 3 4 5 6 7 8 9 10 11 12 13 14 15 
#Number of length bins 
25 
#CPUE years 
29 
#years for CPUE 
69 70 71 72 73 74 75 76 77 78 79 80 81 82 83 84 85 86 87 88 89 90 91 92 93 94 95 96 97 
#survey years 
29 
#years for survey 
69 70 71 72 73 74 75 76 77 78 79 80 81 82 83 84 85 86 87 88 89 90 91 92 93 94 95 96 97 
#length freq from catch years 
29 
#years for length freq catch 
69 70 71 72 73 74 75 76 77 78 79 80 81 82 83 84 85 86 87 88 89 90 91 92 93 94 95 96 97 
#catch length sample sizes 
200 200 200 200 200 200 200 200 200 200 200 200 200 200 200 200 200 200 200 200 200 200 200 200 200 200 200 200 200 
#length freq from survey years 
29 
#years for length freq survey 
69 70 71 72 73 74 75 76 77 78 79 80 81 82 83 84 85 86 87 88 89 90 91 92 93 94 95 96 97 
#survey sample sizes 
200 200 200 200 200 200 200 200 200 200 200 200 200 200 200 200 200 200 200 200 200 200 200 200 200 200 200 200 200 
#total survey biomass 
10279.88 13599.16 13248.39 12764.52 15929.2 26376.2 30217.92 23811.85 58004.79 64287.22 52488.9 77587.13 175268.5 143942.3 103883.1 66078.14 90917.26 84872.7 68366.57 91267.36 118051.6 95218.67 90586.41 87449.67 117848.4 112342.3 127730.8 113579.6 117268.6 
#survey CV 
0.2 0.2 0.2 0.2 0.2 0.2 0.2 0.2 0.2 0.2 0.2 0.2 0.2 0.2 0.2 0.2 0.2 0.2 0.2 0.2 0.2 0.2 0.2 0.2 0.2 0.2 0.2 0.2 0.2 
#total CPUE 
6772.58 7900.226 11288.53 11973.69 15768.6 20603.37 22045.64 29502.35 32602.19 51344.92 55664.84 97098.12 156864.5 124391.9 122720 71276.36 111779.4 111044.4 80648.58 81063.76 115635.6 82009.17 85153.75 115921 179895.9 104012.7 70423.57 111667.7 140153.1 
#CPUE CV 
0.2 0.2 0.2 0.2 0.2 0.2 0.2 0.2 0.2 0.2 0.2 0.2 0.2 0.2 0.2 0.2 0.2 0.2 0.2 0.2 0.2 0.2 0.2 0.2 0.2 0.2 0.2 0.2 0.2 
#total catch biomass 
7667.091 7609.68 7290.343 9965.85 11278.75 15130.39 17128.46 19608.45 25400.07 40433.76 48021.91 57626.84 75059.04 100432 103363.4 91638.33 79690.43 83751.47 84120.14 79182.75 79600.85 83268.93 92171.27 102580.1 98720.72 115338.9 101401.5 100169.4 65897.45 
#catch CV 
0.05 0.05 0.05 0.05 0.05 0.05 0.05 0.05 0.05 0.05 0.05 0.05 0.05 0.05 0.05 0.05 0.05 0.05 0.05 0.05 0.05 0.05 0.05 0.05 0.05 0.05 0.05 0.05 0.05 
#Length Bins 
0.7268035 2.18041 3.634017 5.087624 6.541231 7.994838 9.448445 10.90205 12.35566 13.80927 15.26287 16.71648 18.17009 19.62369 21.0773 22.53091 23.98451 25.43812 26.89173 28.34534 29.79894 31.25255 32.70616 34.15976 35.61337 
#catch length counts 
1.981747e-37 2.750533e-29 4.614591e-22 9.358297e-16 2.294076e-10 6.797768e-06 0.0243485 10.54206 551.7294 3490.44 2690.714 1405.45 7528.279 6354.699 4352.663 4201.665 1706.795 632.2756 132.0746 15.23319 0.7209756 0.01022872 3.272253e-05 1.920944e-08 1.809574e-12 
2.434402e-37 3.37879e-29 5.66862e-22 1.149585e-15 2.818072e-10 8.350462e-06 0.02991 12.95 677.7512 4287.704 3305.365 1643.516 8185.6 6573.979 4604.023 4081.012 1598.547 539.6982 101.1051 10.00867 0.3847702 0.00420327 9.964377e-06 4.233628e-09 2.847164e-13 
4.414515e-37 6.127055e-29 1.027941e-21 2.084643e-15 5.110257e-10 1.514262e-05 0.05423842 23.48336 1229.026 7775.237 5977.788 2064.69 8670.741 6617.248 4723.56 3824.128 1422.038 431.9921 71.38155 5.953167 0.1838752 0.001539385 2.699389e-06 8.297568e-10 3.985107e-14 
4.697283e-37 6.519519e-29 1.093785e-21 2.218173e-15 5.43759e-10 1.611257e-05 0.05771262 24.98757 1307.75 8273.348 6385.852 3200.149 13969.08 9751.374 5114.289 3605.268 1276.255 346.468 49.76642 3.438211 0.08396065 0.0005341668 6.911733e-07 1.536991e-10 5.275279e-15 
8.269373e-37 1.147734e-28 1.925563e-21 3.905002e-15 9.572653e-10 2.836552e-05 0.1016007 43.98959 2302.24 14564.79 11201.99 3671.6 13160.67 9236.516 7509.582 4805.938 1232.973 272.9025 33.66623 1.897153 0.03604984 0.0001721795 1.633474e-07 2.622923e-11 6.435295e-16 
1.187615e-36 1.648332e-28 2.765418e-21 5.608212e-15 1.374787e-09 4.073746e-05 0.145915 63.17614 3306.388 20917.48 16111.1 5887.054 20373.65 12739.12 7118.253 4287.62 1401.454 259.8869 22.5964 0.9875747 0.01439087 5.098323e-05 3.514543e-08 4.052743e-12 7.090485e-17 
1.285576e-36 1.784294e-28 2.993524e-21 6.070806e-15 1.488187e-09 4.409769e-05 0.1579508 68.38723 3579.115 22643.06 17486.96 7676.072 26020.32 15811.91 10312.9 5232.566 1201.308 213.1982 17.49186 0.5370593 0.005523469 1.422355e-05 7.06075e-09 5.806886e-13 7.207704e-18 
2.02821e-36 2.815022e-28 4.722783e-21 9.577708e-15 2.347863e-09 6.957146e-05 0.2491937 107.8922 5646.651 35723.01 27516.97 9042.549 25839.6 15761.99 12665.56 6090.087 1410.978 190.6587 12.09445 0.3177897 0.002346906 4.079485e-06 1.407723e-09 8.160372e-14 7.142628e-19 
3.582062e-36 4.971666e-28 8.341002e-21 1.691538e-14 4.146607e-09 0.0001228716 0.4401059 190.5507 9972.664 63091.18 48585.4 14677.36 37309.67 20183.54 12413.79 5606.983 1412.392 177.9479 9.059122 0.1724468 0.0009746166 1.224357e-06 2.851682e-10 1.114297e-14 6.70569e-20 
5.137416e-36 7.130394e-28 1.196272e-20 2.426015e-14 5.947089e-09 0.0001762231 0.6312026 273.2889 14302.86 90486.6 69834.88 24101.86 59452.63 29919.48 16616.48 6072.153 1128.672 129.3998 6.105122 0.0917107 0.0003672192 3.290471e-07 5.485823e-11 1.483714e-15 6.029038e-21 
6.359636e-36 8.826755e-28 1.480871e-20 3.003177e-14 7.361936e-09 0.0002181476 0.7813693 338.3059 17705.59 112015.4 86694.4 34236.93 81257.03 40784.72 25352.25 8154.203 1236.934 103.0983 3.733998 0.04744603 0.0001484877 9.454213e-08 1.089883e-11 2.058371e-16 5.858011e-22 
7.194477e-36 9.985459e-28 1.675268e-20 3.39741e-14 8.32835e-09 0.0002467842 0.883941 382.7159 20029.83 126721.7 98333.22 42198.58 94275.05 47807.68 32065.44 9645.75 1421.389 95.15063 2.413 0.02150031 5.121856e-05 2.492836e-08 2.083985e-12 2.739626e-17 5.361909e-23 
1.432186e-35 1.98778e-27 3.334913e-20 6.763137e-14 1.657903e-08 0.0004912671 1.759639 761.8628 39872.87 252257.2 194724.1 56568.65 100876 51193.15 34714.59 9832.024 1424.285 85.62223 1.773338 0.01102603 1.750625e-05 5.967121e-09 3.644876e-13 3.50293e-18 4.902981e-24 
1.575972e-35 2.187345e-27 3.669725e-20 7.442129e-14 1.82435e-08 0.0005405883 1.936299 838.3508 43875.96 277598.7 216630.9 104002.4 199278.8 80179.1 36719.77 9518.314 1319.975 72.49759 1.325562 0.006597994 7.481804e-06 1.695486e-09 6.894024e-14 4.565013e-19 4.530471e-25 
1.269749e-35 1.762328e-27 2.956671e-20 5.996069e-14 1.469866e-08 0.0004355481 1.560062 675.4532 35350.56 223675.7 176612.3 114192 214625.1 106833.7 64449.77 12522.45 1163.061 53.98739 0.8627632 0.003603311 3.228566e-06 5.371613e-10 1.505448e-14 6.646949e-20 4.391884e-26 
9.605732e-36 1.333212e-27 2.23674e-20 4.536064e-14 1.111963e-08 0.0003294949 1.180197 510.9846 26742.93 169223.6 134744.6 97810.51 173510.1 102080.9 67617.36 14959.15 1537.35 50.31079 0.5612523 0.001862361 1.338909e-06 1.73354e-10 3.638565e-15 1.156542e-20 5.317011e-27 
1.329407e-35 1.845129e-27 3.095586e-20 6.277786e-14 1.538925e-08 0.0004560117 1.63336 707.1884 37011.46 234183.8 183766.1 84999.56 127728 79341.21 51017.7 12036.6 1330.429 45.38288 0.4259223 0.000960668 4.871032e-07 4.741578e-11 7.562838e-16 1.804211e-21 6.114401e-28 
1.225748e-35 1.701258e-27 2.854213e-20 5.788286e-14 1.41893e-08 0.000420455 1.506001 652.0466 34125.6 215957.8 172734.4 115799.9 166853.8 73103 35571.54 8081.942 869.1544 30.05952 0.2778108 0.0005494067 2.059162e-07 1.362638e-11 1.506365e-16 2.588023e-22 6.437163e-29 
1.331849e-35 1.848519e-27 3.101274e-20 6.289322e-14 1.541753e-08 0.0004568497 1.636361 708.4879 37079.54 234658.9 187660.8 115325.9 154122.6 85415.28 40433.33 6278.879 512.5444 16.06511 0.1380881 0.0002509478 8.179888e-08 4.308775e-12 3.460664e-17 4.094466e-23 6.959339e-30 
1.341466e-35 1.861866e-27 3.123667e-20 6.334733e-14 1.552885e-08 0.0004601483 1.648176 713.6035 37347.32 236386.5 191179.5 130035 160937.4 81206.19 35372.81 5881.967 396.8293 8.481931 0.0566317 8.727355e-05 2.432403e-08 1.076794e-12 7.030404e-18 6.46696e-24 8.146503e-31 
1.612314e-35 2.237785e-27 3.754349e-20 7.613744e-14 1.86642e-08 0.0005530543 1.98095 857.6832 44887.95 284125.1 229458.1 140205.3 158696.9 83507.25 32671.08 4654.971 284.4188 5.283956 0.02524021 2.725007e-05 5.769421e-09 2.028369e-13 1.060652e-18 7.767012e-25 7.688963e-32 
1.703564e-35 2.364435e-27 3.96683e-20 8.044652e-14 1.972052e-08 0.000584355 2.093064 906.2247 47428.58 300281.1 246667.2 173121.3 182009.2 84911.51 29215.46 3835.427 197.0441 3.017961 0.01183134 9.572377e-06 1.404766e-09 3.44684e-14 1.312306e-19 7.225828e-26 5.45858e-33 
1.962195e-35 2.723397e-27 4.569063e-20 9.265968e-14 2.271443e-08 0.0006730701 2.410828 1043.805 54629.2 345915.9 285258.1 191859.9 189220.6 93840.37 28570.84 3068.954 130.5717 1.63652 0.005031773 3.155955e-06 3.503684e-10 6.197595e-15 1.639012e-20 6.229441e-27 3.299647e-34 
2.20568e-35 3.061339e-27 5.136031e-20 1.041577e-13 2.553303e-08 0.0007565902 2.709983 1173.329 61408.34 388950.6 324866.4 227789.6 207791.4 95460.54 26262.23 2600.634 90.02573 0.8683305 0.002055419 9.788399e-07 8.127463e-11 1.067758e-15 2.074412e-21 5.681099e-28 2.12303e-35 
2.598328e-35 3.606308e-27 6.05033e-20 1.226995e-13 3.007833e-08 0.000891276 3.192406 1382.202 72340.45 458309.9 385826.7 266107.7 227236.2 102372.7 24660.22 2088.722 61.28582 0.4787172 0.0008533178 2.986488e-07 1.821544e-11 1.752584e-16 2.481618e-22 4.938795e-29 1.33779e-36 
2.968542e-35 4.12014e-27 6.91239e-20 1.401819e-13 3.436394e-08 0.001018266 3.647264 1579.14 82648.41 523847.2 448076.2 321073.2 256067.8 108041.1 23098.17 1711.68 41.0606 0.2553162 0.0003546801 9.307521e-08 4.118568e-12 2.841018e-17 2.884478e-23 4.123228e-30 8.02337e-38 
2.50613e-35 3.478344e-27 5.835643e-20 1.183457e-13 2.901105e-08 0.0008596504 3.079128 1333.158 69776.18 442857 400535.7 366845.3 285947.5 117124.2 22036.5 1399.253 27.72204 0.1369795 0.0001456828 2.875535e-08 9.438869e-13 4.74577e-18 3.456176e-24 3.51082e-31 4.841136e-39 
2.406471e-35 3.340023e-27 5.603582e-20 1.136395e-13 2.785739e-08 0.0008254654 2.956683 1280.143 67000.97 425076.3 377321.6 316596.3 268770.9 126720.6 23360.1 1369.761 23.86832 0.1009128 9.010723e-05 1.467286e-08 3.925486e-13 1.600295e-18 9.420665e-25 7.702509e-32 8.500512e-40 
1.61302e-35 2.238765e-27 3.755993e-20 7.617077e-14 1.867237e-08 0.0005532964 1.981818 858.0594 44909.57 284879.5 251068.2 201533.6 163816.7 73789.44 14613.63 917.4807 15.47613 0.05973328 4.741848e-05 6.787412e-09 1.586375e-13 5.621178e-19 2.864345e-25 2.022636e-32 1.926508e-40 
#survey length counts 
8.582445e-37 1.191187e-28 1.998463e-21 4.052842e-15 9.935066e-10 2.943942e-05 0.1054472 45.655 2389.401 15116.08 11592.92 2871.713 11722.12 9816.236 6166.972 5843.44 2304.414 829.0327 166.3162 18.44246 0.8351108 0.01131966 3.469285e-05 1.960374e-08 1.786095e-12 
1.307833e-36 1.815187e-28 3.045352e-21 6.175913e-15 1.513952e-09 4.486118e-05 0.1606854 69.57125 3641.082 23034.58 17653.29 3577.259 11914.26 9493.425 6209.494 5413.158 2036.886 663.5035 118.3056 11.14925 0.4094689 0.004286857 9.768708e-06 4.005636e-09 2.61072e-13 
1.168929e-36 1.622397e-28 2.721907e-21 5.519973e-15 1.353156e-09 4.00965e-05 0.1436191 62.18212 3254.365 20588.18 15812 4677.058 18431.6 13553.24 6643.364 5030.101 1811.495 530.8741 82.94593 6.533804 0.1913864 0.001533302 2.590443e-06 7.706269e-10 3.595122e-14 
1.740832e-36 2.41616e-28 4.053609e-21 8.220638e-15 2.015193e-09 5.971384e-05 0.2138853 92.60493 4846.574 30660.95 23517.43 5295.66 16737.7 12250.01 9486.857 6673.789 1756.902 417.3132 56.45343 3.66068 0.08413471 0.0005091728 6.33348e-07 1.364085e-10 4.556101e-15 
2.161066e-36 2.999418e-28 5.032145e-21 1.020509e-14 2.501657e-09 7.412869e-05 0.2655169 114.9596 6016.53 38062.59 29229.85 7757.643 25222.86 16632.39 8934.687 5821.995 1972.128 405.6266 38.63524 1.948023 0.03459947 0.0001561966 1.416912e-07 2.196626e-11 5.239458e-16 
2.074707e-36 2.879556e-28 4.831053e-21 9.797278e-15 2.401687e-09 7.116639e-05 0.2549064 110.3657 5776.101 36541.77 28122.99 9433.453 31673.69 20215.64 12871.96 7197.985 1708.883 331.0265 30.70464 1.10144 0.01380394 4.546302e-05 2.979185e-08 3.300579e-12 5.592478e-17 
2.905602e-36 4.032784e-28 6.765832e-21 1.372097e-14 3.363535e-09 9.966769e-05 0.3569934 154.5658 8089.36 51176.21 39337.4 10787.73 30755.23 19536.16 15599.7 8264.963 2007.971 301.8477 21.39141 0.6662222 0.006083906 1.353795e-05 6.171738e-09 4.826392e-13 5.772865e-18 
4.591079e-36 6.372116e-28 1.069055e-20 2.168021e-14 5.314649e-09 0.0001574828 0.5640776 244.2261 12781.82 80862.58 62170.76 16654.28 43318.87 24624.63 15102.31 7440.578 1984.338 281.3161 16.32506 0.3686635 0.002588098 4.197756e-06 1.29414e-09 6.821845e-14 5.61317e-19 
6.151815e-36 8.538314e-28 1.432479e-20 2.905039e-14 7.121362e-09 0.000211019 0.7558356 327.2507 17127 108352.6 83482.15 26463.52 68625.72 36353.55 20338.09 8209.165 1610.016 206.1739 11.25726 0.2039357 0.00101988 1.181673e-06 2.615746e-10 9.555196e-15 5.306479e-20 
7.087473e-36 9.836944e-28 1.650352e-20 3.34688e-14 8.204482e-09 0.0002431138 0.8707941 377.0238 19731.92 124833.9 96452.27 36274.9 92258.58 48396.3 30790.49 11007.21 1784.676 167.6083 6.974048 0.1075929 0.0004256386 3.52336e-07 5.399735e-11 1.378736e-15 5.36562e-21 
7.642264e-36 1.060696e-27 1.779537e-20 3.608866e-14 8.84671e-09 0.0002621442 0.9389579 406.5363 21276.5 134607.4 104287 43873.08 106212.9 55868.59 38940.56 12980.85 2071.672 158.8158 4.67496 0.05047948 0.0001521621 9.685301e-08 1.080507e-11 1.922399e-16 5.14644e-22 
1.529631e-35 2.123027e-27 3.561819e-20 7.223296e-14 1.770706e-08 0.0005246926 1.879364 813.6995 42585.8 269418.5 207754.7 59272.32 114307.7 59810.65 42648.08 13326.8 2112.078 146.4768 3.580952 0.02728428 5.485377e-05 2.444108e-08 1.996437e-12 2.602356e-17 4.985624e-23 
1.657907e-35 2.301066e-27 3.860515e-20 7.829048e-14 1.919199e-08 0.0005686937 2.036968 881.937 46157.09 292025.9 227423.7 108037.6 225852.6 95320.84 45467.09 12928.27 1979.53 125.9431 2.748186 0.01696392 2.457318e-05 7.295076e-09 3.965743e-13 3.564462e-18 4.849787e-24 
1.33162e-35 1.848201e-27 3.100741e-20 6.288241e-14 1.541488e-08 0.0004567711 1.63608 708.3661 37073.09 234567.6 184658.2 119096.2 244437.3 124741.3 81258.18 17681.93 1796.709 96.2705 1.849912 0.009658916 1.11449e-05 2.44232e-09 9.16817e-14 5.493039e-19 4.974724e-25 
9.905197e-36 1.374776e-27 2.306472e-20 4.677479e-14 1.146629e-08 0.0003397671 1.216991 526.9149 27576.66 174492.1 138469.7 101345.9 196247.3 117051.7 84994.94 20747.37 2421.553 93.07757 1.239633 0.005150413 4.795674e-06 8.219059e-10 2.318253e-14 1.001117e-19 6.304944e-26 
1.363666e-35 1.892678e-27 3.175361e-20 6.439567e-14 1.578584e-08 0.0004677634 1.675452 725.413 37965.26 240212.2 188121 88218.18 144810.7 91078.5 64532.87 16685.18 2113.339 85.55168 0.983801 0.002790615 1.829861e-06 2.363545e-10 5.082175e-15 1.651014e-20 7.673921e-27 
1.253367e-35 1.739591e-27 2.918524e-20 5.918709e-14 1.450902e-08 0.0004299287 1.539935 666.7386 34894.5 220812.3 176063.8 120831.1 191159.7 86115.74 45505.51 11318.72 1398.781 57.61169 0.6599295 0.001666159 8.148347e-07 7.162121e-11 1.068203e-15 2.504657e-21 8.5634e-28 
1.35339e-35 1.878416e-27 3.151432e-20 6.391041e-14 1.566689e-08 0.0004642385 1.662827 719.9465 37679.21 238441 190150.6 120432.3 176091 99849.27 52914.94 9088.769 840.9606 31.41401 0.3365143 0.0007871802 3.377793e-07 2.377979e-11 2.58163e-16 4.167508e-22 9.741499e-29 
1.354983e-35 1.880627e-27 3.155142e-20 6.398564e-14 1.568533e-08 0.0004647849 1.664784 720.794 37723.61 238750.8 192492.6 136039.5 184412.6 95659.46 46358.46 8584.514 676.3571 17.21194 0.1425307 0.0002837976 1.047189e-07 6.230193e-12 5.52149e-17 6.943242e-23 1.202348e-29 
1.621241e-35 2.250176e-27 3.775137e-20 7.655902e-14 1.876754e-08 0.0005561166 1.991919 862.4322 45136.45 285676.4 230095.3 146891.3 181871 98876.48 43437.07 6903.667 492.9911 11.10616 0.06648626 9.257972e-05 2.597714e-08 1.231963e-12 8.779137e-18 8.818635e-24 1.203035e-30 
1.699374e-35 2.358619e-27 3.957072e-20 8.024863e-14 1.967201e-08 0.0005829175 2.087916 903.9955 47311.83 299509.9 245297.8 181360.8 208742.6 101233.1 39060.83 5766.05 349.258 6.506835 0.03224515 3.393875e-05 6.613586e-09 2.190191e-13 1.13903e-18 8.631132e-25 9.013311e-32 
1.948057e-35 2.703775e-27 4.536144e-20 9.199208e-14 2.255078e-08 0.0006682207 2.393458 1036.285 54235.47 343381.6 282406.2 201138.4 216462.4 112475.2 38785.64 4707.185 236.9265 3.641076 0.01422476 1.165704e-05 1.726118e-09 4.129524e-14 1.491984e-19 7.808065e-26 5.728331e-33 
2.184761e-35 3.032304e-27 5.087319e-20 1.031698e-13 2.529086e-08 0.0007494146 2.684281 1162.201 60825.72 385202.2 320888.3 239675.3 238543.8 115534.9 35982.36 4068.884 168.4075 2.000281 0.006043123 3.775969e-06 4.19414e-10 7.470729e-15 1.986146e-20 7.491592e-27 3.874483e-34 
2.570066e-35 3.567082e-27 5.984521e-20 1.213649e-13 2.975117e-08 0.0008815816 3.157682 1367.168 71553.29 453242.7 380662.6 280940.3 261284.3 125204.7 34312.89 3335.698 117.6998 1.142888 0.002614434 1.203976e-06 9.848826e-11 1.287485e-15 2.498816e-21 6.858806e-28 2.573857e-35 
2.939216e-35 4.079438e-27 6.844104e-20 1.387971e-13 3.402446e-08 0.001008207 3.611234 1563.54 81831.43 518553.3 442580.8 341013.5 295997.3 133841.3 32634.4 2800.639 81.33542 0.6320063 0.001133096 3.929013e-07 2.336732e-11 2.193261e-16 3.0567e-22 6.034241e-29 1.628437e-36 
2.479165e-35 3.440918e-27 5.772853e-20 1.170723e-13 2.86989e-08 0.0008504008 3.045997 1318.813 69024.58 437925.1 395125 391801.3 331074.6 146692.1 31612.42 2340.925 56.51053 0.3512817 0.000484361 1.267595e-07 5.607078e-12 3.841696e-17 3.842907e-23 5.393542e-30 1.032117e-37 
2.363797e-35 3.280795e-27 5.504214e-20 1.116243e-13 2.736339e-08 0.0008108274 2.904252 1257.442 65813.27 417693.1 377293.8 346342.5 298842 150411.6 29938.46 1946.388 38.6583 0.1906963 0.0002027284 3.986522e-08 1.30129e-12 6.519071e-18 4.73978e-24 4.803104e-31 6.586528e-39 
2.394393e-35 3.323259e-27 5.575457e-20 1.130692e-13 2.771757e-08 0.0008213223 2.941843 1273.718 66664.89 423017.5 378642.6 331548.6 276385.7 128174.1 26133.03 1751.224 32.06266 0.1369638 0.0001221096 1.98188e-08 5.288044e-13 2.148606e-18 1.259499e-24 1.025569e-31 1.128354e-39 
2.394393e-35 3.323259e-27 5.575457e-20 1.130692e-13 2.771757e-08 0.0008213223 2.941843 1273.718 66664.89 423017.5 378642.6 331552.9 276525.2 128457.8 25805.53 1639.01 27.85328 0.1081261 8.618787e-05 1.23721e-08 2.897542e-13 1.028238e-18 5.245354e-25 3.707163e-32 3.533388e-40 
