# Number of parameters = 106 Objective function value = 26572.1996728107  Maximum gradient component = 0.00104636529333657
# srv_sel50:
2.48629971470
# srv_sel95:
4.07268797046
# stNatLen:
 12.8556250012 11.7370158349 10.3917686251 9.35210083552 8.57549775949 7.98689969974 7.53142757182 7.17265343785 6.88726590127 6.66024103652 6.48167702543 6.34493156380 6.24554751848 6.18062930124 6.14848065329
# log_avg_fmort_dir:
1.09188806352
# fmort_dir_dev:
 -0.238877543682 -0.424555942066 -0.491595228611 -1.09081827878 -1.18951410827 -0.725164616991 -0.358603320794 -0.560188933696 -0.473363640028 -0.195158115524 -0.0340244756834 -0.171333861625 -0.0867154202504 0.0708144188005 0.227896866626 0.254904905780 0.170552769840 0.298586672893 0.296455590377 0.224653537538 0.250756969473 0.257896941194 0.309706073125 0.568848526701 0.834421525836 0.915687182539 0.692341385286 0.666390119993
# mean_log_rec:
16.8452959497
# rec_dev:
 -3.43766857869 -4.24339799462 -2.61229788785 -1.35166498159 -1.23681911934 -0.661789910676 -0.198504410536 -0.120836975278 0.103732813345 -0.0232534837228 0.234748037286 0.519564448963 0.609053984838 0.571031486329 0.612097053133 0.715166557827 0.647698702729 0.772888341607 0.786068292679 0.821509404530 0.958643507264 1.02838670938 0.879600219731 0.878258768295 0.852404300420 0.859229896761 1.01807541818 1.01807539900
# log_avg_NatM:
1.00264280791
# m_dev:
 -1.59565135054 -0.801321947742 -1.24186185575 -0.437808363173 -0.126412255406 -0.188379360487 -0.237387046918 -0.0349800346831 -0.193959563448 -0.0348798549000 -0.0506427335589 0.0184154877151 0.0340887937868 0.0375920881306 0.0671726223154 0.107691722143 0.180872207674 0.130175569301 0.214918640738 0.281899876363 0.320968677400 0.373947508199 0.451178200835 0.436071047548 0.467944079321 0.547656234354 0.623155603795 0.649536006988
# log_avg_GrowthK:
-1.20372700000
# log_avg_Linf:
3.45755400000
# GrowthK_dev:
 0.00000000000 0.00000000000 0.00000000000 0.00000000000 0.00000000000 0.00000000000 0.00000000000 0.00000000000 0.00000000000 0.00000000000 0.00000000000 0.00000000000 0.00000000000 0.00000000000 0.00000000000 0.00000000000 0.00000000000 0.00000000000 0.00000000000 0.00000000000 0.00000000000 0.00000000000 0.00000000000 0.00000000000 0.00000000000 0.00000000000 0.00000000000 0.00000000000
# Linf_dev:
 0.00000000000 0.00000000000 0.00000000000 0.00000000000 0.00000000000 0.00000000000 0.00000000000 0.00000000000 0.00000000000 0.00000000000 0.00000000000 0.00000000000 0.00000000000 0.00000000000 0.00000000000 0.00000000000 0.00000000000 0.00000000000 0.00000000000 0.00000000000 0.00000000000 0.00000000000 0.00000000000 0.00000000000 0.00000000000 0.00000000000 0.00000000000 0.00000000000
# SelPars50:
2.49573784385
# SelPars95:
3.97267442134
# SelPars_dev50:
 0.00000000000 0.00000000000 0.00000000000 0.00000000000 0.00000000000 0.00000000000 0.00000000000 0.00000000000 0.00000000000 0.00000000000 0.00000000000 0.00000000000 0.00000000000 0.00000000000 0.00000000000 0.00000000000 0.00000000000 0.00000000000 0.00000000000 0.00000000000 0.00000000000 0.00000000000 0.00000000000 0.00000000000 0.00000000000 0.00000000000 0.00000000000 0.00000000000
# SelPars_dev95:
 0.00000000000 0.00000000000 0.00000000000 0.00000000000 0.00000000000 0.00000000000 0.00000000000 0.00000000000 0.00000000000 0.00000000000 0.00000000000 0.00000000000 0.00000000000 0.00000000000 0.00000000000 0.00000000000 0.00000000000 0.00000000000 0.00000000000 0.00000000000 0.00000000000 0.00000000000 0.00000000000 0.00000000000 0.00000000000 0.00000000000 0.00000000000 0.00000000000
