# Number of parameters = 78 Objective function value = 22939.0376325202  Maximum gradient component = 0.000944932575147738
# srv_sel50:
1.27005380751
# srv_sel95:
2.28251286800
# stNatLen:
 11.0475506321 9.65183939370 8.23336157795 7.16419103422 6.39039193067 5.81468059225 5.37197182766 5.02361148556 4.74634738338 4.52558972385 4.35181839584 4.21866626293 4.12186125062 4.05862482955 4.02733454320
# log_avg_fmort_dir:
0.425117596467
# fmort_dir_dev:
 -0.969660181133 -0.597060004874 -0.422265641221 -0.652911676084 -0.714759412818 -0.654486002209 -0.0212693736185 -0.340433135833 -0.340116243091 -0.191978845279 -0.254820548471 -0.185190505645 0.0866557852366 0.192868148545 0.240909114317 0.320859357909 0.116519931842 0.361008905717 0.293669553758 0.329765146277 0.398914566492 0.286523601490 0.472476459451 0.296732311182 0.524056179356 0.469828591447 0.675752171427 0.278411745833
# mean_log_rec:
14.3185683638
# rec_dev:
 -2.64517788421 -2.05504454456 -1.56536022106 -0.973856013525 -1.00863952004 -1.17261222064 -0.768376072951 -0.297563500479 -0.129817572068 0.00738636705729 0.418957460118 0.762785383351 0.705019404245 0.478280838143 0.432230163685 0.452377277190 0.404294265785 0.300139682858 0.418713621486 0.533347058891 0.569870526494 0.628293066123 0.777859128144 0.865326089284 0.773454150264 0.731188786307 0.678462139897 0.678462140203
# log_avg_NatM:
0.222320318366
# m_dev:
 0.00000000000 0.00000000000 0.00000000000 0.00000000000 0.00000000000 0.00000000000 0.00000000000 0.00000000000 0.00000000000 0.00000000000 0.00000000000 0.00000000000 0.00000000000 0.00000000000 0.00000000000 0.00000000000 0.00000000000 0.00000000000 0.00000000000 0.00000000000 0.00000000000 0.00000000000 0.00000000000 0.00000000000 0.00000000000 0.00000000000 0.00000000000 0.00000000000
# log_avg_GrowthK:
-1.20372700000
# log_avg_Linf:
3.45755400000
# GrowthK_dev:
 0.00000000000 0.00000000000 0.00000000000 0.00000000000 0.00000000000 0.00000000000 0.00000000000 0.00000000000 0.00000000000 0.00000000000 0.00000000000 0.00000000000 0.00000000000 0.00000000000 0.00000000000 0.00000000000 0.00000000000 0.00000000000 0.00000000000 0.00000000000 0.00000000000 0.00000000000 0.00000000000 0.00000000000 0.00000000000 0.00000000000 0.00000000000 0.00000000000
# Linf_dev:
 0.00000000000 0.00000000000 0.00000000000 0.00000000000 0.00000000000 0.00000000000 0.00000000000 0.00000000000 0.00000000000 0.00000000000 0.00000000000 0.00000000000 0.00000000000 0.00000000000 0.00000000000 0.00000000000 0.00000000000 0.00000000000 0.00000000000 0.00000000000 0.00000000000 0.00000000000 0.00000000000 0.00000000000 0.00000000000 0.00000000000 0.00000000000 0.00000000000
# SelPars50:
1.05311179418
# SelPars95:
1.17326144530
# SelPars_dev50:
 0.00000000000 0.00000000000 0.00000000000 0.00000000000 0.00000000000 0.00000000000 0.00000000000 0.00000000000 0.00000000000 0.00000000000 0.00000000000 0.00000000000 0.00000000000 0.00000000000 0.00000000000 0.00000000000 0.00000000000 0.00000000000 0.00000000000 0.00000000000 0.00000000000 0.00000000000 0.00000000000 0.00000000000 0.00000000000 0.00000000000 0.00000000000 0.00000000000
# SelPars_dev95:
 0.00000000000 0.00000000000 0.00000000000 0.00000000000 0.00000000000 0.00000000000 0.00000000000 0.00000000000 0.00000000000 0.00000000000 0.00000000000 0.00000000000 0.00000000000 0.00000000000 0.00000000000 0.00000000000 0.00000000000 0.00000000000 0.00000000000 0.00000000000 0.00000000000 0.00000000000 0.00000000000 0.00000000000 0.00000000000 0.00000000000 0.00000000000 0.00000000000
