#Simulated generalized assessment 
# 
#start/end year 
71 99 
#number of ages 
15 
#ages 
1 2 3 4 5 6 7 8 9 10 11 12 13 14 15 
#Number of length bins 
25 
#CPUE years 
29 
#years for CPUE 
71 72 73 74 75 76 77 78 79 80 81 82 83 84 85 86 87 88 89 90 91 92 93 94 95 96 97 98 99 
#survey years 
29 
#years for survey 
71 72 73 74 75 76 77 78 79 80 81 82 83 84 85 86 87 88 89 90 91 92 93 94 95 96 97 98 99 
#length freq from catch years 
29 
#years for length freq catch 
71 72 73 74 75 76 77 78 79 80 81 82 83 84 85 86 87 88 89 90 91 92 93 94 95 96 97 98 99 
#catch length sample sizes 
200 200 200 200 200 200 200 200 200 200 200 200 200 200 200 200 200 200 200 200 200 200 200 200 200 200 200 200 200 
#length freq from survey years 
29 
#years for length freq survey 
71 72 73 74 75 76 77 78 79 80 81 82 83 84 85 86 87 88 89 90 91 92 93 94 95 96 97 98 99 
#survey sample sizes 
200 200 200 200 200 200 200 200 200 200 200 200 200 200 200 200 200 200 200 200 200 200 200 200 200 200 200 200 200 
#total survey biomass 
6343.82 6635.232 8160.661 18733.77 20461.28 14924.07 22700.97 21200.09 48793.5 44440.68 77098.27 113777.1 128550.8 129764 112782.9 139298.1 102242.9 85485.43 79334.69 119701.4 107449.3 95047.29 100237.7 144079.9 146032.9 178351.5 159527.4 165705.2 211335.9 
#survey CV 
0.2 0.2 0.2 0.2 0.2 0.2 0.2 0.2 0.2 0.2 0.2 0.2 0.2 0.2 0.2 0.2 0.2 0.2 0.2 0.2 0.2 0.2 0.2 0.2 0.2 0.2 0.2 0.2 0.2 
#total CPUE 
4816.934 6429.52 8101.268 14641.25 12775.75 18131.02 19307.6 35216.2 47324.23 43999.72 65063.89 89097.72 141540.5 137690 102450.5 90413.96 97189.91 107445.7 118672.8 94135.96 132249.6 122775.7 140310.7 153462.9 118285.5 204295.8 108103.8 100905.4 186910.4 
#CPUE CV 
0.2 0.2 0.2 0.2 0.2 0.2 0.2 0.2 0.2 0.2 0.2 0.2 0.2 0.2 0.2 0.2 0.2 0.2 0.2 0.2 0.2 0.2 0.2 0.2 0.2 0.2 0.2 0.2 0.2 
#total catch biomass 
4978.304 5106.889 5422.275 7004.009 11800.23 14499.2 12503.13 16283.82 22061.51 36047.58 44213.05 58145.69 86267.57 99903.5 108527.1 90036.51 87148.71 75064.56 84658.99 86568.42 80474.57 84802.59 91358.17 97921.39 104627.5 108066 108993.7 101518.4 1.424147 
#catch CV 
0.05 0.05 0.05 0.05 0.05 0.05 0.05 0.05 0.05 0.05 0.05 0.05 0.05 0.05 0.05 0.05 0.05 0.05 0.05 0.05 0.05 0.05 0.05 0.05 0.05 0.05 0.05 0.05 0.05 
#Length Bins 
0.7268035 2.18041 3.634017 5.087624 6.541231 7.994838 9.448445 10.90205 12.35566 13.80927 15.26287 16.71648 18.17009 19.62369 21.0773 22.53091 23.98451 25.43812 26.89173 28.34534 29.79894 31.25255 32.70616 34.15976 35.61337 
#catch length counts 
5.527362e-37 7.671615e-29 1.287073e-21 2.610157e-15 6.398493e-10 1.895991e-05 0.0679113 29.40325 1538.849 9735.211 7458.781 1497.338 5578.046 4739.943 1457.092 1179.013 387.5751 134.2947 29.80478 4.02608 0.2404552 0.004539769 1.995034e-05 1.637575e-08 2.178267e-12 
5.585313e-37 7.752046e-29 1.300567e-21 2.637523e-15 6.465577e-10 1.915869e-05 0.0686233 29.71152 1554.983 9837.284 7538.698 1558.477 5610.207 4513.223 1412.466 1071.244 340.2537 109.9207 22.26161 2.618364 0.1289204 0.001899776 6.255592e-06 3.745939e-09 3.575291e-13 
8.310228e-37 1.153405e-28 1.935076e-21 3.924295e-15 9.619948e-10 2.850566e-05 0.1021027 44.20692 2313.614 14636.61 11211.51 1983.704 5800.937 4407.423 1428.796 1017.127 312.2253 93.76263 17.26555 1.751153 0.07034165 0.0008032856 1.974416e-06 8.618108e-10 5.909566e-14 
1.193923e-36 1.657086e-28 2.780105e-21 5.637997e-15 1.382089e-09 4.095382e-05 0.1466899 63.51167 3323.948 21028.29 16112.61 3006.725 8702.309 6162.221 1601.777 964.4334 288.8091 80.66274 13.43832 1.16755 0.03791453 0.0003330686 6.086218e-07 1.933169e-10 9.522244e-15 
1.814416e-36 2.518289e-28 4.224953e-21 8.568119e-15 2.100374e-09 6.223791e-05 0.2229261 96.51929 5051.435 31956.92 24491.06 4618.003 12611.43 8398.434 2301.577 1269.443 296.1099 69.46752 10.44487 0.7729935 0.02016016 0.0001354485 1.832612e-07 4.226918e-11 1.494435e-15 
1.966845e-36 2.729851e-28 4.579892e-21 9.287928e-15 2.276826e-09 6.746653e-05 0.2416541 104.6279 5475.807 34641.74 26584.63 6310.798 19212.58 11983.36 3255.602 1650.435 373.3114 71.91952 8.232998 0.5021612 0.01046538 5.358149e-05 5.35373e-08 8.950274e-12 2.268798e-16 
1.436299e-36 1.993488e-28 3.344489e-21 6.782557e-15 1.662664e-09 4.926777e-05 0.1764691 76.40505 3998.736 25297.48 19464.74 6357.981 21105.05 12574.82 4527.255 2259.559 478.0284 83.04976 7.740892 0.3437499 0.005414219 2.096615e-05 1.545384e-08 1.871587e-12 3.399969e-17 
3.008279e-36 4.175293e-28 7.00492e-21 1.420584e-14 3.482394e-09 0.0001031897 0.3696087 160.0278 8375.219 52984.29 40619.48 7355.32 15479.85 8991.032 4563.679 2312.216 579.6654 96.46254 7.716062 0.2633896 0.002915951 8.043494e-06 4.303458e-09 3.768927e-13 4.909041e-18 
4.41117e-36 6.122413e-28 1.027162e-20 2.083064e-14 5.106385e-09 0.0001513115 0.5419733 234.6557 12280.95 77693.56 59660.23 13579.75 31966.99 16035.9 3783.437 1646.288 520.227 94.41329 7.452294 0.2086427 0.001696313 3.221521e-06 1.185458e-09 7.28957e-14 6.742057e-19 
7.067052e-36 9.808602e-28 1.645596e-20 3.337236e-14 8.180842e-09 0.0002424133 0.8682851 375.9375 19675.07 124471.7 95620.43 21935.35 47882.72 23007.79 7163.446 2485.907 419.079 74.18556 6.332121 0.1653312 0.001073448 1.471338e-06 3.718726e-10 1.551052e-14 9.822848e-20 
7.032167e-36 9.760184e-28 1.637473e-20 3.320763e-14 8.14046e-09 0.0002412167 0.863999 374.0817 19577.95 123859.1 95534.57 31432.51 75948.05 34010.39 10319.44 3435.054 601.0819 66.00357 4.289782 0.1080959 0.0006204409 6.707831e-07 1.233817e-10 3.5826e-15 1.548415e-20 
1.185087e-35 1.644823e-27 2.759532e-20 5.596275e-14 1.371861e-08 0.0004065075 1.456044 630.4166 32993.5 208730.6 160596 39614.54 76616.16 34576.37 15322.84 4844.349 797.0373 80.55879 3.611585 0.06335864 0.0003066997 2.791019e-07 4.046152e-11 8.736519e-16 2.697598e-21 
1.427309e-35 1.981011e-27 3.323557e-20 6.740106e-14 1.652258e-08 0.0004895942 1.753647 759.2685 39737.1 251398.1 194216.9 63634.96 129167.5 50895.43 15959.59 5136.897 1027.727 95.96994 3.629002 0.04448566 0.0001441773 9.869219e-08 1.135534e-11 1.92059e-16 4.498989e-22 
1.999512e-35 2.775191e-27 4.655958e-20 9.442189e-14 2.314642e-08 0.0006858706 2.456677 1063.656 55667.55 352184.2 272111.5 84306.14 153358.7 60823.07 24161.35 6286.964 997.9125 98.56282 3.506627 0.03429185 7.809826e-05 3.541389e-08 2.817645e-12 3.501108e-17 6.203884e-23 
1.770336e-35 2.45711e-27 4.122312e-20 8.359965e-14 2.049347e-08 0.000607259 2.175103 941.7445 49287.18 311834.1 243223.2 114410.3 217446.3 79761.33 29028.38 7715.892 1218.928 93.80686 3.001442 0.02617202 4.690012e-05 1.521518e-08 8.179555e-13 6.795262e-18 8.252101e-24 
1.36373e-35 1.892767e-27 3.175509e-20 6.439869e-14 1.578658e-08 0.0004677853 1.675531 725.447 37967.03 240223.5 188585.7 103302.6 186475.9 75627.25 36141.93 8656.899 1266.155 90.91779 2.314173 0.01630588 2.426019e-05 6.188863e-09 2.449911e-13 1.428555e-18 1.182891e-24 
1.560443e-35 2.165792e-27 3.633565e-20 7.368796e-14 1.806374e-08 0.0005352615 1.91722 830.09 43443.63 274870.9 214757.4 92741.71 145097.9 60996.67 31545.75 8745.672 1351.437 85.12728 1.852543 0.01022084 1.15671e-05 2.29166e-09 7.026881e-14 3.087748e-19 1.865341e-25 
1.567271e-35 2.175269e-27 3.649465e-20 7.401042e-14 1.814278e-08 0.0005376039 1.92561 833.7225 43633.77 276089.9 217202.4 108160.3 158759.7 55982.11 23320.68 6669.316 1123.059 72.11602 1.348936 0.005969517 5.169782e-06 7.58287e-10 1.71906e-14 5.640573e-20 2.550909e-26 
1.644808e-35 2.282885e-27 3.830014e-20 7.767191e-14 1.904035e-08 0.0005642005 2.020874 874.9689 45792.46 289763.3 228930.2 117742.1 159416.4 58225.74 23662.13 5304.148 804.6824 52.01442 0.9155351 0.003389366 2.281305e-06 2.515555e-10 4.191988e-15 9.977651e-21 3.265882e-27 
1.618645e-35 2.246573e-27 3.769092e-20 7.643642e-14 1.873749e-08 0.0005552261 1.988729 861.0512 45064.11 285180.7 227202.5 129620.1 163677.5 58588.09 22885.16 4921.572 606.3777 32.51034 0.5164681 0.001674418 9.207772e-07 7.832218e-11 9.7417e-16 1.700794e-21 4.03812e-28 
1.887197e-35 2.619305e-27 4.394428e-20 8.911812e-14 2.184626e-08 0.0006473446 2.318683 1003.91 52540.8 332509.2 265096.3 141131 161385.6 59697.52 22738.81 4589.526 504.971 21.52425 0.2673964 0.0007122908 3.227766e-07 2.197036e-11 2.111803e-16 2.769121e-22 4.84298e-29 
2.005954e-35 2.784132e-27 4.670959e-20 9.472611e-14 2.322099e-08 0.0006880804 2.464592 1067.083 55847.16 353484 284741.1 166839 176519.5 59285.81 20350 3958.933 390.553 13.84189 0.1314937 0.0002617348 9.080199e-08 4.81708e-12 3.604476e-17 3.634023e-23 4.809364e-30 
2.214022e-35 3.072916e-27 5.155455e-20 1.045516e-13 2.562959e-08 0.0007594516 2.720232 1177.767 61640.04 390204.2 316706.1 190475 186746 65000.3 20724.72 3489.957 303.9416 9.092436 0.06785504 0.0001005294 2.536011e-08 9.830025e-13 5.452818e-18 4.120245e-24 4.102737e-31 
2.47684e-35 3.437691e-27 5.76744e-20 1.169625e-13 2.867198e-08 0.0008496033 3.043141 1317.575 68957.31 436607.9 357777.2 223075.5 202243 69390.84 20967.36 3280.861 238.4835 5.817499 0.03444109 3.876814e-05 7.18381e-09 2.005239e-13 7.956322e-19 4.312121e-25 3.102097e-32 
2.833177e-35 3.932263e-27 6.597187e-20 1.337896e-13 3.279695e-08 0.0009718337 3.48095 1507.131 78878.31 499519.7 412315.8 255819.7 213322.9 71557.68 19946.36 2865.612 180.2275 3.506839 0.01597248 1.364305e-05 1.882834e-09 3.841137e-14 1.098006e-19 4.247682e-26 2.170941e-33 
3.006714e-35 4.173121e-27 7.001276e-20 1.419845e-13 3.480582e-08 0.00103136 3.694164 1599.446 83710.39 530347.1 446639.7 307446.3 240264.4 78018.61 19912.7 2573.497 138.673 2.187087 0.007627432 4.84283e-06 4.923076e-10 7.358529e-15 1.530322e-20 4.274012e-27 1.566223e-34 
2.854265e-35 3.961531e-27 6.646291e-20 1.347854e-13 3.304106e-08 0.0009790672 3.506859 1518.35 79467 503768 434968.1 331393.4 246999.1 83063.34 19699.82 2251.946 102.0241 1.293437 0.003482333 1.650918e-06 1.226689e-10 1.327487e-15 1.992829e-21 4.012729e-28 1.058425e-35 
2.797729e-35 3.883063e-27 6.514644e-20 1.321157e-13 3.23866e-08 0.0009596742 3.437397 1488.275 77893.98 494050.6 432678.1 330663.1 234906.2 83309.07 19163.31 2004.255 75.69988 0.759913 0.001568427 5.570182e-07 3.0458e-11 2.393265e-16 2.585558e-22 3.728471e-29 7.028704e-37 
3.581816e-40 4.971325e-32 8.340429e-25 1.691422e-18 4.146322e-13 1.228631e-08 4.400757e-05 0.01905377 0.9972419 6.324264 5.502353 4.043044 2.874696 1.005803 0.2326352 0.02412003 0.000837304 7.247787e-06 1.248652e-08 3.651096e-12 1.630883e-16 1.040486e-21 9.078796e-28 1.052568e-34 1.589441e-42 
#survey length counts 
7.230404e-37 1.003532e-28 1.683634e-21 3.414376e-15 8.36994e-10 2.480166e-05 0.08883552 38.46271 2012.985 12734.74 9756.511 1935.757 7138.846 6063.739 1843.052 1480.669 478.1499 161.8325 34.70549 4.513016 0.2587385 0.004693246 1.98841e-05 1.579236e-08 2.038806e-12 
1.058663e-36 1.469355e-28 2.465147e-21 4.999269e-15 1.225512e-09 3.631416e-05 0.1300714 56.31644 2947.378 18645.97 14279.72 2447.229 7344.39 5905.652 1856.206 1407.677 439.3154 138.9476 27.27062 3.085691 0.1457734 0.002066195 6.571314e-06 3.817407e-09 3.547799e-13 
1.497812e-36 2.078864e-28 3.487726e-21 7.073038e-15 1.733872e-09 5.13778e-05 0.1840269 79.67731 4169.993 26380.61 20208.96 3659.232 10965.65 8251.132 2095.094 1336.46 406.8524 120.3838 21.52708 2.106339 0.08124726 0.0008928017 2.121935e-06 8.998481e-10 6.018587e-14 
2.241314e-36 3.110796e-28 5.219005e-21 1.058404e-14 2.594552e-09 7.688132e-05 0.2753764 119.2285 6239.943 39475.75 30245.75 5552.204 15809.91 11207.87 2995.263 1771.605 423.5666 104.4295 16.97393 1.428659 0.04469368 0.0003784216 6.691519e-07 2.066601e-10 9.938374e-15 
2.402862e-36 3.335014e-28 5.595177e-21 1.134691e-14 2.781561e-09 8.242273e-05 0.2952248 127.8222 6689.703 42321.18 32465.13 7491.851 24043.04 15995.36 4241.065 2312.865 538.1211 111.0156 13.70873 0.9548924 0.02409749 0.0001565927 2.054191e-07 4.610893e-11 1.592402e-15 
1.727341e-36 2.397436e-28 4.022196e-21 8.156932e-15 1.999576e-09 5.925109e-05 0.2122278 91.88729 4809.015 30423.53 23393.35 7429.699 26255.08 16651.63 5826.528 3170.524 691.4703 129.5122 13.26307 0.6756678 0.01291491 6.384718e-05 6.205159e-08 1.011634e-11 2.507663e-16 
3.562801e-36 4.944932e-28 8.29615e-21 1.682443e-14 4.12431e-09 0.0001222108 0.4377394 189.526 9919.038 62750.91 48094.29 8570.96 19140.23 11762.02 5812.878 3215.299 832.4897 151.9383 13.4972 0.5367762 0.007251868 2.556543e-05 1.80825e-08 2.136871e-12 3.803574e-17 
5.215953e-36 7.239398e-28 1.214559e-20 2.463102e-14 6.038004e-09 0.0001789171 0.640852 277.4668 14521.51 91867.94 70514.69 15787.77 39763.2 21398.51 4957.246 2277.267 747.0809 149.6087 13.38908 0.4434967 0.004448804 1.084115e-05 5.277055e-09 4.383052e-13 5.547085e-18 
8.267947e-36 1.147537e-27 1.925231e-20 3.904329e-14 9.571003e-09 0.0002836063 1.015832 439.82 23018.43 145622.6 111818.3 25320.47 59419.73 30506.84 9348.15 3567.947 615.1901 116.6132 11.46582 0.3608559 0.002932791 5.194591e-06 1.740745e-09 9.809704e-14 8.503848e-19 
8.220758e-36 1.140987e-27 1.914242e-20 3.882045e-14 9.516376e-09 0.0002819876 1.010034 437.3098 22887.05 144793.3 111588.9 36277.97 94834.91 45390.53 13605.58 4943.509 909.8955 109.4845 7.922678 0.2425302 0.001769008 2.496272e-06 6.115357e-10 2.401985e-14 1.420701e-19 
1.378978e-35 1.913931e-27 3.211016e-20 6.511876e-14 1.59631e-08 0.0004730158 1.694266 733.5585 38391.53 242879.9 186763.3 45736.1 95879.66 45697.47 20222.27 7036.814 1218.945 137.22 7.03449 0.1474303 0.0009070783 1.08706e-06 2.112298e-10 6.187498e-15 2.616019e-20 
1.647258e-35 2.286286e-27 3.835718e-20 7.77876e-14 1.906871e-08 0.0005650409 2.023884 876.2721 45860.6 290136.6 223938.1 73081.34 161614.9 67896.68 21213.97 7339.271 1578.191 166.174 7.304873 0.1088631 0.0004463097 4.015508e-07 6.218175e-11 1.432523e-15 4.604477e-21 
2.310849e-35 3.207306e-27 5.380921e-20 1.09124e-13 2.675046e-08 0.0007926651 2.839198 1229.275 64335.34 407018.4 314194.2 97284.55 193289.2 80833.32 32539.98 9273.834 1550.698 172.6572 7.300318 0.08807206 0.0002563217 1.528302e-07 1.634959e-11 2.772657e-16 6.761705e-22 
2.017084e-35 2.79958e-27 4.696877e-20 9.525171e-14 2.334984e-08 0.0006918983 2.478267 1073.004 56156.79 355291.6 276663.1 130786.4 272348.7 105429.7 38996.08 11221.74 1925.427 166.9452 6.321187 0.06901497 0.0001598552 6.858075e-08 4.963371e-12 5.62589e-17 9.411865e-23 
1.558493e-35 2.163085e-27 3.629025e-20 7.359589e-14 1.804117e-08 0.0005345927 1.914824 829.0528 43389.34 274525 215060 118911.9 235335.2 98801.84 49212.03 12820.77 2030.986 166.9415 5.08277 0.0448077 8.676781e-05 2.947849e-08 1.576397e-12 1.254981e-17 1.430464e-23 
1.76744e-35 2.45309e-27 4.115568e-20 8.346288e-14 2.045994e-08 0.0006062655 2.171545 940.2038 49206.55 311327 242840.5 106238.8 182516.4 78710.02 42746.13 12747.1 2193.474 159.0546 4.185062 0.02916891 4.306399e-05 1.139681e-08 4.738602e-13 2.84942e-18 2.370696e-24 
1.786386e-35 2.479385e-27 4.159683e-20 8.435754e-14 2.067926e-08 0.0006127642 2.194822 950.2821 49734.02 314679.6 247045.5 125204 202305.1 73948.28 32050.09 9775.18 1839.223 138.5922 3.178213 0.01790375 2.035372e-05 3.999928e-09 1.232053e-13 5.544819e-19 3.460538e-25 
1.876665e-35 2.604688e-27 4.369904e-20 8.862078e-14 2.172434e-08 0.000643732 2.305743 998.3072 52247.49 330596.9 260596.4 137011.2 204252.8 76836.22 33204.55 7963.584 1331.908 101.6368 2.227159 0.01062388 9.443404e-06 1.400334e-09 3.177781e-14 1.038888e-19 4.699194e-26 
1.855663e-35 2.575538e-27 4.321e-20 8.762901e-14 2.148122e-08 0.0006365279 2.279939 987.135 51662.81 326922.9 259753.3 152237.1 211695.7 77935.99 32517.69 7552.481 1040.632 65.41246 1.299748 0.005485675 4.016245e-06 4.615153e-10 7.836386e-15 1.882026e-20 6.18063e-27 
2.141072e-35 2.971667e-27 4.985589e-20 1.011067e-13 2.478513e-08 0.0007344286 2.630604 1138.961 59608.81 377218.7 299968.8 164756.2 207441.7 78708.98 32327.98 7067.564 880.9159 44.56882 0.692288 0.002407407 1.460858e-06 1.350081e-10 1.777264e-15 3.211408e-21 7.776025e-28 
2.297195e-35 3.188355e-27 5.349127e-20 1.084792e-13 2.65924e-08 0.0007879815 2.822422 1222.011 63955.43 404774.4 325077.5 197485.2 230211.1 79638.76 29417.99 6233.653 703.8293 29.98097 0.3591979 0.0009352215 4.352741e-07 3.145325e-11 3.233756e-16 4.503617e-22 8.264056e-29 
2.53999e-35 3.525338e-27 5.914486e-20 1.199446e-13 2.940301e-08 0.0008712648 3.120729 1351.168 70715.12 447610.3 362140.9 226845.6 244625.9 87758.74 30477.25 5603.582 561.4973 20.41753 0.1939324 0.0003778692 1.28165e-07 6.776974e-12 5.17569e-17 5.415098e-23 7.492697e-30 
2.818128e-35 3.911376e-27 6.562144e-20 1.33079e-13 3.262274e-08 0.0009666715 3.46246 1499.126 78458.87 496708.1 405652.5 264751.3 263730.9 93487.17 30841.86 5332.149 449.9064 13.41886 0.1018765 0.0001516683 3.790941e-08 1.445853e-12 7.906433e-18 5.940306e-24 5.947576e-31 
3.25478e-35 4.51742e-27 7.57891e-20 1.536988e-13 3.767744e-08 0.001116452 3.998948 1731.407 90615.86 573768.2 471980.1 307718.8 281650.5 98002.99 29929.35 4782.093 353.1899 8.482044 0.04978263 5.64753e-05 1.05468e-08 2.945621e-13 1.161649e-18 6.233042e-25 4.435475e-32 
3.445336e-35 4.781899e-27 8.022628e-20 1.626973e-13 3.988332e-08 0.001181816 4.233072 1832.774 95921.67 607590.5 509708.1 370724 317438.9 107444.7 30156.04 4368.55 278.8342 5.480517 0.02479184 2.097837e-05 2.892716e-09 5.930478e-14 1.703729e-19 6.604729e-26 3.371041e-33 
3.291424e-35 4.568279e-27 7.664237e-20 1.554292e-13 3.810163e-08 0.001129021 4.04397 1750.9 91637.49 580760.7 499266.6 403912 328522.8 115842.9 30408.19 3929.297 212.6681 3.386649 0.01189976 7.548649e-06 7.62537e-10 1.133522e-14 2.353518e-20 6.584664e-27 2.420904e-34 
3.227071e-35 4.478962e-27 7.514387e-20 1.523903e-13 3.735668e-08 0.001106947 3.964903 1716.667 89846.74 569670.9 496766.9 404547.5 312290.3 116821.6 29869.89 3575.403 162.9101 2.06914 0.005602401 2.671797e-06 1.990808e-10 2.151828e-15 3.21813e-21 6.452402e-28 1.696562e-35 
3.408508e-35 4.730785e-27 7.936873e-20 1.609582e-13 3.945701e-08 0.001169183 4.187824 1813.185 94899.34 601954.2 529127.1 413522.9 296169.9 108263.3 26813.05 3059.301 120.9537 1.228973 0.002540956 9.047381e-07 4.966378e-11 3.916696e-16 4.241126e-22 6.118734e-29 1.152076e-36 
3.408508e-35 4.730785e-27 7.936873e-20 1.609582e-13 3.945701e-08 0.001169183 4.187824 1813.185 94899.34 601954.2 529142.9 414286.2 299056.2 106790.2 24980.09 2608.239 90.90007 0.7886671 0.001360608 3.981913e-07 1.779668e-11 1.135857e-16 9.913813e-23 1.149627e-29 1.736303e-37 
