# Number of parameters = 109 Objective function value = 22409.8359092108  Maximum gradient component = 0.00125180536303060
# srv_sel50:
1.99470033012
# srv_sel95:
3.44820144830
# stNatLen:
 11.4067276240 10.8024096404 9.14282845516 7.86758614196 7.01631871659 6.42022550229 5.97419216505 5.62794630866 5.35451344770 5.13789653912 4.96797666509 4.83810887124 4.74387929071 4.68242269570 4.65203885309
# log_avg_fmort_dir:
0.769694025644
# fmort_dir_dev:
 -0.572261214586 -0.553680059728 -0.629609348377 -0.583677618981 -0.465533113914 -0.425889896110 -0.324580517785 -0.204940536311 -0.244969479819 -0.324610793203 -0.201744292192 -0.214352313204 -0.0650513568576 0.0517563268073 0.251547052794 0.330395113365 0.214259801369 9.74921059086e-05 0.154397132870 0.191251995682 0.247656791696 0.282236647137 0.389732546464 0.269221993282 0.391929224867 0.406589940731 0.560602633102 0.454376779681 0.614849069118
# mean_log_rec:
14.6104460238
# rec_dev:
 -2.37789772774 -1.80963549009 -1.62049224735 -1.33938676621 -1.02618505875 -0.884658611971 -0.750652623349 -0.566431153050 0.0838855180111 0.179383748572 0.323386685075 0.695476239351 0.546302080146 0.153453243880 0.143916579047 0.180649022537 0.535512268747 0.567366539053 0.420330581322 0.566950646172 0.653352844832 0.591435681733 0.793571674847 0.956072629153 0.875510264073 0.553958213447 0.523772305124 0.515526479832 0.515526433551
# log_avg_NatM:
0.208236363321
# m_dev:
 -0.954121485067 -0.325416259253 -0.251242742039 -0.276613141462 -0.195405641152 -0.114655815611 -0.0795209312933 0.0148128944382 -0.168684300320 0.0923946899906 0.155845759444 0.0946294942467 0.144003648494 0.0677346672870 -0.121259542893 -0.0233434487899 -0.201857648806 0.154220643230 0.196042841867 0.183806912297 0.170403186191 0.232279927284 0.181285686965 0.170762775901 0.201000673155 0.271536359734 0.132759101455 0.168381491243 0.0802202034640
# log_avg_GrowthK:
-1.18630400000
# log_avg_Linf:
3.44583300000
# GrowthK_dev:
 0.00000000000 0.00000000000 0.00000000000 0.00000000000 0.00000000000 0.00000000000 0.00000000000 0.00000000000 0.00000000000 0.00000000000 0.00000000000 0.00000000000 0.00000000000 0.00000000000 0.00000000000 0.00000000000 0.00000000000 0.00000000000 0.00000000000 0.00000000000 0.00000000000 0.00000000000 0.00000000000 0.00000000000 0.00000000000 0.00000000000 0.00000000000 0.00000000000 0.00000000000
# Linf_dev:
 0.00000000000 0.00000000000 0.00000000000 0.00000000000 0.00000000000 0.00000000000 0.00000000000 0.00000000000 0.00000000000 0.00000000000 0.00000000000 0.00000000000 0.00000000000 0.00000000000 0.00000000000 0.00000000000 0.00000000000 0.00000000000 0.00000000000 0.00000000000 0.00000000000 0.00000000000 0.00000000000 0.00000000000 0.00000000000 0.00000000000 0.00000000000 0.00000000000 0.00000000000
# SelPars50:
1.89548983813
# SelPars95:
2.99237355515
# SelPars_dev50:
 0.00000000000 0.00000000000 0.00000000000 0.00000000000 0.00000000000 0.00000000000 0.00000000000 0.00000000000 0.00000000000 0.00000000000 0.00000000000 0.00000000000 0.00000000000 0.00000000000 0.00000000000 0.00000000000 0.00000000000 0.00000000000 0.00000000000 0.00000000000 0.00000000000 0.00000000000 0.00000000000 0.00000000000 0.00000000000 0.00000000000 0.00000000000 0.00000000000 0.00000000000
# SelPars_dev95:
 0.00000000000 0.00000000000 0.00000000000 0.00000000000 0.00000000000 0.00000000000 0.00000000000 0.00000000000 0.00000000000 0.00000000000 0.00000000000 0.00000000000 0.00000000000 0.00000000000 0.00000000000 0.00000000000 0.00000000000 0.00000000000 0.00000000000 0.00000000000 0.00000000000 0.00000000000 0.00000000000 0.00000000000 0.00000000000 0.00000000000 0.00000000000 0.00000000000 0.00000000000
