# Number of parameters = 77 Objective function value = 23461.6781639577  Maximum gradient component = 33.9090280169892
# srv_sel50:
0.999993588810
# srv_sel95:
1.00004315286
# stNatLen:
 11.3700510546 10.8421303303 9.52906542970 8.40699099352 7.59370385270 6.99989641672 6.55193423973 6.20476209229 5.93154340124 5.71580497660 5.54703894829 5.41834624165 5.32515119459 5.26448122037 5.23457629026
# log_avg_fmort_dir:
0.685879096079
# fmort_dir_dev:
 -0.0946485102679 -0.287400089343 -0.389455647216 -0.263119895571 -0.283892829980 -0.246562203080 -0.311257018411 -0.150611455553 -0.101070427961 -0.215776655814 -0.0225269728807 -0.0647659411875 -0.0732377147468 0.161769949792 0.00113284800562 0.103954925795 0.198248555838 0.0741113883379 0.320871627878 0.262913191197 0.158423419936 0.129957553498 0.246765410243 0.277261999747 0.350352273480 0.409898862001 0.123170729808 -0.314507373546
# mean_log_rec:
13.3342529468
# rec_dev:
 -2.25021108331 -1.87026303972 -1.55464016111 -1.66376106664 -1.45905285783 -1.11086274067 -0.682787518636 -0.455410414682 -0.159651497267 0.122049675996 0.309983446948 0.580086962749 0.644208587435 0.455230498026 0.379046782905 0.400208629808 0.470737760228 0.552722260523 0.418032319448 0.393715169238 0.589000246416 0.742996419137 0.804342086538 0.870016728213 0.798125655990 0.739035425996 0.968550875082 0.968550849181
# log_avg_NatM:
-1.36448700000
# m_dev:
 0.00000000000 0.00000000000 0.00000000000 0.00000000000 0.00000000000 0.00000000000 0.00000000000 0.00000000000 0.00000000000 0.00000000000 0.00000000000 0.00000000000 0.00000000000 0.00000000000 0.00000000000 0.00000000000 0.00000000000 0.00000000000 0.00000000000 0.00000000000 0.00000000000 0.00000000000 0.00000000000 0.00000000000 0.00000000000 0.00000000000 0.00000000000 0.00000000000
# log_avg_GrowthK:
-1.20372700000
# log_avg_Linf:
3.45755400000
# GrowthK_dev:
 0.00000000000 0.00000000000 0.00000000000 0.00000000000 0.00000000000 0.00000000000 0.00000000000 0.00000000000 0.00000000000 0.00000000000 0.00000000000 0.00000000000 0.00000000000 0.00000000000 0.00000000000 0.00000000000 0.00000000000 0.00000000000 0.00000000000 0.00000000000 0.00000000000 0.00000000000 0.00000000000 0.00000000000 0.00000000000 0.00000000000 0.00000000000 0.00000000000
# Linf_dev:
 0.00000000000 0.00000000000 0.00000000000 0.00000000000 0.00000000000 0.00000000000 0.00000000000 0.00000000000 0.00000000000 0.00000000000 0.00000000000 0.00000000000 0.00000000000 0.00000000000 0.00000000000 0.00000000000 0.00000000000 0.00000000000 0.00000000000 0.00000000000 0.00000000000 0.00000000000 0.00000000000 0.00000000000 0.00000000000 0.00000000000 0.00000000000 0.00000000000
# SelPars50:
1.04217315668
# SelPars95:
1.19130250344
# SelPars_dev50:
 0.00000000000 0.00000000000 0.00000000000 0.00000000000 0.00000000000 0.00000000000 0.00000000000 0.00000000000 0.00000000000 0.00000000000 0.00000000000 0.00000000000 0.00000000000 0.00000000000 0.00000000000 0.00000000000 0.00000000000 0.00000000000 0.00000000000 0.00000000000 0.00000000000 0.00000000000 0.00000000000 0.00000000000 0.00000000000 0.00000000000 0.00000000000 0.00000000000
# SelPars_dev95:
 0.00000000000 0.00000000000 0.00000000000 0.00000000000 0.00000000000 0.00000000000 0.00000000000 0.00000000000 0.00000000000 0.00000000000 0.00000000000 0.00000000000 0.00000000000 0.00000000000 0.00000000000 0.00000000000 0.00000000000 0.00000000000 0.00000000000 0.00000000000 0.00000000000 0.00000000000 0.00000000000 0.00000000000 0.00000000000 0.00000000000 0.00000000000 0.00000000000
