# Number of parameters = 78 Objective function value = 23427.6473962975  Maximum gradient component = 0.00727992665622900
# srv_sel50:
1.19693777690
# srv_sel95:
2.14582841702
# stNatLen:
 11.8315485225 10.7830115346 9.26580817215 8.08859723287 7.24734378057 6.63257422971 6.16733069586 5.80571965618 5.52049100520 5.29487413007 5.11813159497 4.98319276299 4.88536417631 4.82160681466 4.79013368185
# log_avg_fmort_dir:
0.540471829492
# fmort_dir_dev:
 -0.776283303324 -0.390905060521 -0.481019844543 -0.336798926527 -0.261787355992 -0.324689135997 -0.171138269222 -0.278686559593 -0.255995892916 -0.0626111670525 -0.100446502073 -0.110510689879 0.156721189359 -0.0987080402088 0.138580376738 0.134638779810 0.193752029943 0.296397181856 0.122669456192 0.114973913620 0.405782772458 0.219528906379 0.170091837300 0.285777530162 0.411257345369 0.428124248817 0.322045389451 0.249239790396
# mean_log_rec:
13.9205941547
# rec_dev:
 -2.11394201601 -1.71973539702 -1.39748073966 -1.54165769352 -1.34949388830 -1.06412117391 -0.711665388233 -0.395425504563 -0.0492185926080 0.137154819922 0.362829371930 0.616004144216 0.645480663448 0.512383967245 0.334528595581 0.329525068463 0.319245822805 0.314071025615 0.443953010602 0.579636228136 0.573209552625 0.670287913152 0.797232089793 0.794343046384 0.709374809655 0.689977438224 0.756751413039 0.756751412992
# log_avg_NatM:
-0.215799055799
# m_dev:
 0.00000000000 0.00000000000 0.00000000000 0.00000000000 0.00000000000 0.00000000000 0.00000000000 0.00000000000 0.00000000000 0.00000000000 0.00000000000 0.00000000000 0.00000000000 0.00000000000 0.00000000000 0.00000000000 0.00000000000 0.00000000000 0.00000000000 0.00000000000 0.00000000000 0.00000000000 0.00000000000 0.00000000000 0.00000000000 0.00000000000 0.00000000000 0.00000000000
# log_avg_GrowthK:
-1.20372700000
# log_avg_Linf:
3.45755400000
# GrowthK_dev:
 0.00000000000 0.00000000000 0.00000000000 0.00000000000 0.00000000000 0.00000000000 0.00000000000 0.00000000000 0.00000000000 0.00000000000 0.00000000000 0.00000000000 0.00000000000 0.00000000000 0.00000000000 0.00000000000 0.00000000000 0.00000000000 0.00000000000 0.00000000000 0.00000000000 0.00000000000 0.00000000000 0.00000000000 0.00000000000 0.00000000000 0.00000000000 0.00000000000
# Linf_dev:
 0.00000000000 0.00000000000 0.00000000000 0.00000000000 0.00000000000 0.00000000000 0.00000000000 0.00000000000 0.00000000000 0.00000000000 0.00000000000 0.00000000000 0.00000000000 0.00000000000 0.00000000000 0.00000000000 0.00000000000 0.00000000000 0.00000000000 0.00000000000 0.00000000000 0.00000000000 0.00000000000 0.00000000000 0.00000000000 0.00000000000 0.00000000000 0.00000000000
# SelPars50:
1.05180581362
# SelPars95:
1.17169738614
# SelPars_dev50:
 0.00000000000 0.00000000000 0.00000000000 0.00000000000 0.00000000000 0.00000000000 0.00000000000 0.00000000000 0.00000000000 0.00000000000 0.00000000000 0.00000000000 0.00000000000 0.00000000000 0.00000000000 0.00000000000 0.00000000000 0.00000000000 0.00000000000 0.00000000000 0.00000000000 0.00000000000 0.00000000000 0.00000000000 0.00000000000 0.00000000000 0.00000000000 0.00000000000
# SelPars_dev95:
 0.00000000000 0.00000000000 0.00000000000 0.00000000000 0.00000000000 0.00000000000 0.00000000000 0.00000000000 0.00000000000 0.00000000000 0.00000000000 0.00000000000 0.00000000000 0.00000000000 0.00000000000 0.00000000000 0.00000000000 0.00000000000 0.00000000000 0.00000000000 0.00000000000 0.00000000000 0.00000000000 0.00000000000 0.00000000000 0.00000000000 0.00000000000 0.00000000000
