# Number of parameters = 79 Objective function value = 20737.5249719610  Maximum gradient component = 0.0105760083018888
# srv_sel50:
0.981421980166
# srv_sel95:
1.04547824563
# stNatLen:
 10.5604240405 9.40520171585 7.96629545299 6.98339434562 6.31998652748 5.83303731599 5.45757573438 5.16055839247 4.92302055119 4.73318144248 4.58333984816 4.46831553220 4.38460460001 4.32989968544 4.30281525038
# log_avg_fmort_dir:
0.327924812166
# fmort_dir_dev:
 -0.0620661821901 0.166779004748 0.144269268755 0.138766728301 0.143831923556 0.274388394567 0.270895516198 0.282844260829 0.230187711570 0.279856859613 0.348173266593 0.332991769535 0.388350786200 0.356191984180 0.515773709331 0.458704194767 0.513371448696 0.517119573395 0.509998410852 0.511978754852 0.581222098814 0.514327942380 0.626019632021 0.593708398163 0.625487269403 0.667875832884 0.620151853499 0.657712010862 -11.2089124224
# mean_log_rec:
13.2983387745
# rec_dev:
 -2.37868403164 -2.04229753120 -1.66592917191 -1.38172190076 -1.42710586864 -1.34415098669 -0.896554708374 -0.518759642007 -0.230399843979 0.0383218184455 0.386056896979 0.669025746532 0.760817758270 0.645392558302 0.534960971762 0.578904801932 0.529010144917 0.460199223276 0.509396251523 0.589866332588 0.608357230159 0.666286340927 0.738536945049 0.880425390432 0.851846435881 0.764007626242 0.548015369295 0.563087932288 0.563087910408
# log_avg_NatM:
-1.36837500000
# m_dev:
 0.00000000000 0.00000000000 0.00000000000 0.00000000000 0.00000000000 0.00000000000 0.00000000000 0.00000000000 0.00000000000 0.00000000000 0.00000000000 0.00000000000 0.00000000000 0.00000000000 0.00000000000 0.00000000000 0.00000000000 0.00000000000 0.00000000000 0.00000000000 0.00000000000 0.00000000000 0.00000000000 0.00000000000 0.00000000000 0.00000000000 0.00000000000 0.00000000000 0.00000000000
# log_avg_GrowthK:
-1.19613400000
# log_avg_Linf:
3.45239700000
# GrowthK_dev:
 0.00000000000 0.00000000000 0.00000000000 0.00000000000 0.00000000000 0.00000000000 0.00000000000 0.00000000000 0.00000000000 0.00000000000 0.00000000000 0.00000000000 0.00000000000 0.00000000000 0.00000000000 0.00000000000 0.00000000000 0.00000000000 0.00000000000 0.00000000000 0.00000000000 0.00000000000 0.00000000000 0.00000000000 0.00000000000 0.00000000000 0.00000000000 0.00000000000 0.00000000000
# Linf_dev:
 0.00000000000 0.00000000000 0.00000000000 0.00000000000 0.00000000000 0.00000000000 0.00000000000 0.00000000000 0.00000000000 0.00000000000 0.00000000000 0.00000000000 0.00000000000 0.00000000000 0.00000000000 0.00000000000 0.00000000000 0.00000000000 0.00000000000 0.00000000000 0.00000000000 0.00000000000 0.00000000000 0.00000000000 0.00000000000 0.00000000000 0.00000000000 0.00000000000 0.00000000000
# SelPars50:
1.00945558294
# SelPars95:
1.12045604022
# SelPars_dev50:
 0.00000000000 0.00000000000 0.00000000000 0.00000000000 0.00000000000 0.00000000000 0.00000000000 0.00000000000 0.00000000000 0.00000000000 0.00000000000 0.00000000000 0.00000000000 0.00000000000 0.00000000000 0.00000000000 0.00000000000 0.00000000000 0.00000000000 0.00000000000 0.00000000000 0.00000000000 0.00000000000 0.00000000000 0.00000000000 0.00000000000 0.00000000000 0.00000000000 0.00000000000
# SelPars_dev95:
 0.00000000000 0.00000000000 0.00000000000 0.00000000000 0.00000000000 0.00000000000 0.00000000000 0.00000000000 0.00000000000 0.00000000000 0.00000000000 0.00000000000 0.00000000000 0.00000000000 0.00000000000 0.00000000000 0.00000000000 0.00000000000 0.00000000000 0.00000000000 0.00000000000 0.00000000000 0.00000000000 0.00000000000 0.00000000000 0.00000000000 0.00000000000 0.00000000000 0.00000000000
