#Simulated generalized assessment 
# 
#start/end year 
69 97 
#number of ages 
15 
#ages 
1 2 3 4 5 6 7 8 9 10 11 12 13 14 15 
#Number of length bins 
25 
#CPUE years 
29 
#years for CPUE 
69 70 71 72 73 74 75 76 77 78 79 80 81 82 83 84 85 86 87 88 89 90 91 92 93 94 95 96 97 
#survey years 
29 
#years for survey 
69 70 71 72 73 74 75 76 77 78 79 80 81 82 83 84 85 86 87 88 89 90 91 92 93 94 95 96 97 
#length freq from catch years 
29 
#years for length freq catch 
69 70 71 72 73 74 75 76 77 78 79 80 81 82 83 84 85 86 87 88 89 90 91 92 93 94 95 96 97 
#catch length sample sizes 
200 200 200 200 200 200 200 200 200 200 200 200 200 200 200 200 200 200 200 200 200 200 200 200 200 200 200 200 200 
#length freq from survey years 
29 
#years for length freq survey 
69 70 71 72 73 74 75 76 77 78 79 80 81 82 83 84 85 86 87 88 89 90 91 92 93 94 95 96 97 
#survey sample sizes 
200 200 200 200 200 200 200 200 200 200 200 200 200 200 200 200 200 200 200 200 200 200 200 200 200 200 200 200 200 
#total survey biomass 
7529.153 6637.806 5790.584 9507.224 12341.09 14312.31 11396.56 15252.12 45459.25 28497.03 34849.92 79423.34 70633.93 88983.63 61463.51 47357.36 46120.57 39700.81 62638.91 45179.26 97310.95 68391.68 74191.95 84633.68 75663.05 61777.66 54735.26 84833.87 72789.41 
#survey CV 
0.2 0.2 0.2 0.2 0.2 0.2 0.2 0.2 0.2 0.2 0.2 0.2 0.2 0.2 0.2 0.2 0.2 0.2 0.2 0.2 0.2 0.2 0.2 0.2 0.2 0.2 0.2 0.2 0.2 
#total CPUE 
3114.501 3805.562 3186.408 7696.281 6156.129 8937.556 7910.733 7157.056 17986.45 23634.89 14029.23 19195.66 52375.27 58896.61 44050.1 21667.22 34963.94 27117.93 26954.71 29532.66 27346.57 33775.11 30161.93 54706.85 56339.3 37651.69 28816.63 39084.19 23219.48 
#CPUE CV 
0.2 0.2 0.2 0.2 0.2 0.2 0.2 0.2 0.2 0.2 0.2 0.2 0.2 0.2 0.2 0.2 0.2 0.2 0.2 0.2 0.2 0.2 0.2 0.2 0.2 0.2 0.2 0.2 0.2 
#total catch biomass 
3499.907 3427.292 3665.818 4913.331 5836.524 7686.564 8813.043 7276.124 8323.09 18325.6 21842.72 18922.94 32696.48 45822.77 43905.64 42307.31 30669.74 38938.82 34280.95 36412.85 32766.43 36411.73 41770.68 40175.8 46790.7 53378.53 43592.69 42756.53 10860.36 
#catch CV 
0.05 0.05 0.05 0.05 0.05 0.05 0.05 0.05 0.05 0.05 0.05 0.05 0.05 0.05 0.05 0.05 0.05 0.05 0.05 0.05 0.05 0.05 0.05 0.05 0.05 0.05 0.05 0.05 0.05 
#Length Bins 
0.6062379 1.818714 3.03119 4.243665 5.456141 6.668617 7.881093 9.093569 10.30604 11.51852 12.731 13.94347 15.15595 16.36842 17.5809 18.79338 20.00585 21.21833 22.4308 23.64328 24.85575 26.06823 27.28071 28.49318 29.70566 
#catch length counts 
7.732056e-36 3.784306e-29 4.258161e-23 1.101546e-17 6.551307e-13 8.957729e-09 2.81587e-05 0.02035035 3.381239 129.159 1134.275 2290.293 1084.24 677.2257 3445.908 4857.991 1934.154 1426.045 1133.871 438.3875 191.0115 58.7096 13.25818 1.856037 0.1334357 
8.019094e-36 3.924791e-29 4.416237e-23 1.142439e-17 6.794512e-13 9.290267e-09 2.920404e-05 0.02110582 3.506762 133.9538 1176.382 2375.312 1124.032 690.1933 3499.471 4932.3 1946.857 1387.017 1093.207 408.4532 172.1846 51.87021 11.37394 1.534027 0.1061881 
1.239803e-35 6.067976e-29 6.827784e-23 1.766283e-17 1.050475e-12 1.436334e-08 4.51513e-05 0.03263094 5.421677 207.1011 1818.762 3672.283 1726.303 761.0511 3541.415 4988.12 1951.819 1341.337 1048.618 380.5244 154.6468 44.83246 9.477381 1.238713 0.08273386 
1.49326e-35 7.308471e-29 8.223608e-23 2.12737e-17 1.265226e-12 1.729969e-08 5.438171e-05 0.03930178 6.530046 249.4394 2190.577 4423.08 2086.273 1104.08 5409.95 7609.473 2788.569 1370.473 1016.961 358.1837 140.4187 39.22754 7.914957 0.991042 0.06385 
2.208864e-35 1.081086e-28 1.216455e-22 3.146854e-17 1.871552e-12 2.559009e-08 8.044268e-05 0.05813609 9.659394 368.9764 3240.351 6542.63 3075.501 1352.622 6289.276 8849.607 3328.934 1898.002 1409.428 411.0101 127.4653 33.41441 6.427487 0.76659 0.04716818 
2.641054e-35 1.292613e-28 1.454468e-22 3.762573e-17 2.237743e-12 3.059709e-08 9.618222e-05 0.06951109 11.54937 441.1709 3874.364 7822.855 3686.872 1872.625 9079.071 12767.21 4641.483 2164.477 1567.3 487.5965 157.656 34.58371 5.404821 0.5921521 0.03457051 
2.117216e-35 1.036231e-28 1.165983e-22 3.016289e-17 1.7939e-12 2.452834e-08 7.710505e-05 0.05572398 9.258619 353.6673 3105.907 6271.423 2976.973 2068.808 10744.69 15121.51 5602.764 2937.615 2145.743 603.4321 171.4953 38.47832 5.755595 0.522414 0.02628472 
1.659981e-35 8.124458e-29 9.14177e-23 2.36489e-17 1.406488e-12 1.923119e-08 6.045341e-05 0.04368981 7.259123 277.2892 2435.154 4917.032 2332.675 1585.13 8199.162 11553.84 4507.506 3053.771 2323.591 684.1677 203.4138 41.90637 5.692641 0.4970245 0.02220842 
6.077152e-35 2.974344e-28 3.34678e-22 8.657804e-17 5.14912e-12 7.040491e-08 0.0002213185 0.1599473 26.57547 1015.149 8915.038 17999.87 8394.195 1933.905 6387.267 8974.36 3470.016 2263.274 1741.402 585.059 206.5723 45.12817 6.151004 0.4952999 0.02047828 
8.764643e-35 4.289685e-28 4.826822e-22 1.248653e-16 7.426209e-12 1.0154e-07 0.0003191918 0.2306806 38.32791 1464.077 12857.53 25960.65 12188.38 4967.886 22516.04 31593.51 10610.31 2232.096 1259.801 408.4887 144.4503 35.72775 5.652578 0.4785424 0.01916703 
3.974155e-35 1.945073e-28 2.188627e-22 5.661773e-17 3.367268e-12 4.604131e-08 0.0001447312 0.1045976 17.37904 663.8568 5829.994 11772.48 5657.768 5737.131 31489.01 44278.42 15668.61 5963.76 3989.911 850.998 120.4298 23.65934 3.888958 0.373731 0.01651729 
1.059824e-34 5.187106e-28 5.836615e-22 1.509877e-16 8.979804e-12 1.227826e-07 0.0003859682 0.27894 46.34628 1770.368 15547.37 31391.04 14658.72 3895.173 14330.87 20191.32 8418.599 7260.841 5579.477 1409.188 304.2222 44.65292 3.474173 0.2549217 0.01189559 
1.831423e-34 8.963546e-28 1.008592e-21 2.609134e-16 1.551749e-11 2.121737e-07 0.0006669698 0.4820205 80.08839 3059.273 26866.54 54245.72 25405.09 8701.133 36792.33 51613.85 17464.33 4116.863 2508.236 946.4287 362.4093 67.77544 6.487366 0.3354005 0.009180405 
1.428227e-34 6.990179e-28 7.865461e-22 2.034721e-16 1.210124e-11 1.654627e-07 0.0005201333 0.3759014 62.45655 2385.76 20951.75 42305.08 20020.9 12333.25 62570.88 87905.32 30398.57 9319.794 5890.232 1284.341 206.3909 47.00512 7.390523 0.5048323 0.01392512 
1.348771e-34 6.601301e-28 7.427889e-22 1.921525e-16 1.142803e-11 1.562576e-07 0.0004911972 0.3549893 58.98197 2253.035 19786.16 39951.04 18846.67 10042.1 49290.42 69364.03 25917.36 14233.38 10292.45 2409.685 435.1321 62.91094 5.552864 0.4399069 0.01732167 
8.001854e-35 3.916353e-28 4.406743e-22 1.139983e-16 6.779905e-12 9.270295e-08 0.0002914125 0.2106045 34.99223 1336.658 11738.54 23702.71 11292.38 8911.628 47281.61 66526.64 24322.75 11763.39 8519.412 2499.441 713.5936 119.4403 10.02747 0.5129805 0.01536046 
1.391062e-34 6.808282e-28 7.660788e-22 1.981773e-16 1.178635e-11 1.61157e-07 0.0005065985 0.3661198 60.83132 2323.678 20406.54 41202.48 19297.72 6641.641 28147.34 39625.23 15503.35 10627.17 8045.155 2232.615 610.786 125.8867 15.33737 0.9099007 0.02300824 
1.092099e-34 5.345066e-28 6.014354e-22 1.555856e-16 9.253261e-12 1.265216e-07 0.0003977218 0.2874344 47.75763 1824.28 16020.83 32348.73 15308.81 9424.008 47804.37 67159.26 23214.65 7101.838 4674.869 1529.416 519.41 106.505 13.46731 1.006421 0.03308792 
1.115712e-34 5.460636e-28 6.144395e-22 1.589497e-16 9.453334e-12 1.292573e-07 0.0004063213 0.2936493 48.79024 1863.724 16367.23 33047.52 15564.6 7630.055 36639.86 51548.66 19152.84 10192.94 7331.577 1713.458 331.6424 70.97094 10.55039 0.8303867 0.03056771 
1.265864e-34 6.195525e-28 6.971304e-22 1.803411e-16 1.072556e-11 1.466526e-07 0.0004610038 0.3331684 55.3564 2114.543 18569.92 37494.82 17634.78 8006.385 37597.55 52849.07 19019.16 8263 5850.334 1678.588 464.1814 78.46603 7.791101 0.6105384 0.02494596 
9.952571e-35 4.871094e-28 5.481032e-22 1.417891e-16 8.432731e-12 1.153024e-07 0.0003624539 0.2619462 43.52274 1662.513 14600.19 29480.23 13952.25 8613.492 43719.64 61466.85 21942.02 8968.937 6215.005 1642.843 411.9611 81.91142 9.797642 0.6200912 0.02027403 
1.59579e-34 7.810287e-28 8.78826e-22 2.27344e-16 1.3521e-11 1.848752e-07 0.0005811568 0.4200033 69.78414 2665.664 23409.87 47266.54 22151.41 7979.141 34487.7 48498.27 18095.68 9867.035 7190.583 1855.835 436.0141 80.24212 9.363945 0.6737614 0.02254351 
1.286751e-34 6.297756e-28 7.086336e-22 1.833168e-16 1.090254e-11 1.490725e-07 0.0004686107 0.3386659 56.26983 2149.435 18876.34 38114.37 18024.86 10770.36 54289.31 76275.62 26489.28 8499.838 5597.329 1624.767 466.7609 86.58657 9.41647 0.6390363 0.02198367 
1.513684e-34 7.408434e-28 8.336088e-22 2.156467e-16 1.282532e-11 1.753631e-07 0.0005512553 0.3983934 66.19362 2528.511 22205.39 44835.22 21083.55 9477.512 44370.7 62413.88 23142.99 12175.8 8754.846 2078.758 410.0036 78.67226 9.930731 0.6821693 0.02220179 
1.809646e-34 8.856962e-28 9.965995e-22 2.578109e-16 1.533298e-11 2.096508e-07 0.000659039 0.4762889 79.13608 3022.896 26547.08 53601.49 25193.97 11013.89 51111.11 71820.51 25552.82 10181.08 7072.905 2017.207 554.645 94.58019 9.157622 0.6310178 0.02222949 
1.452084e-34 7.106945e-28 7.996848e-22 2.068709e-16 1.230339e-11 1.682266e-07 0.0005288217 0.3821806 63.49985 2425.612 21301.73 43011.67 20346.08 12293.49 62115.95 87317.14 30992.23 12105.18 8275.68 2111.824 493.4911 96.29184 11.47101 0.7191897 0.02192897 
1.396623e-34 6.8355e-28 7.691414e-22 1.989696e-16 1.183347e-11 1.618013e-07 0.0005086238 0.3675835 61.07452 2332.968 20488.13 41368.34 19507.09 10179.98 49705.26 69934.52 25957.65 13740.61 9949.207 2518.995 565.0257 99.46325 10.92987 0.7669071 0.02539444 
1.443779e-34 7.066299e-28 7.951112e-22 2.056878e-16 1.223302e-11 1.672645e-07 0.0005257973 0.3799948 63.13668 2411.74 21179.9 42764.9 20138.74 9806.504 47003.11 66090 23980.7 11033.66 7896.904 2261.795 632.6091 114.46 11.84863 0.7600554 0.02495237 
3.061801e-35 1.49854e-28 1.686181e-22 4.36199e-17 2.594239e-12 3.547153e-08 0.0001115051 0.08058495 13.3893 511.4541 4491.591 9069.12 4274.391 2175.255 10551.78 14841.42 5444.018 2686.702 1937.054 528.8218 140.3345 28.33457 3.496377 0.2319126 0.007176751 
#survey length counts 
3.949293e-35 1.932905e-28 2.174936e-22 5.626353e-17 3.346203e-12 4.575328e-08 0.0001438258 0.1039432 17.27031 659.7038 5793.519 11697.45 5462.876 1464.768 5421.108 7623.319 2952.819 1942.777 1516.564 565.8928 238.4521 71.95709 15.81125 2.136062 0.1480474 
5.914812e-35 2.894891e-28 3.257377e-22 8.426527e-17 5.011571e-12 6.852418e-08 0.0002154063 0.1556746 25.86556 988.0311 8676.889 17519 8164.828 1745.932 5384.159 7559.874 2906.861 1849.727 1432.204 519.2068 210.9659 61.26816 12.97977 1.699364 0.1136448 
6.811036e-35 3.33353e-28 3.750941e-22 9.70333e-17 5.770934e-12 7.890709e-08 0.0002480451 0.1792627 29.78476 1137.739 9991.628 20173.6 9413.073 2305.177 7999.465 11225.53 4067.635 1857.194 1359.766 478.6052 187.6597 52.52229 10.6213 1.332242 0.08594481 
9.744321e-35 4.76917e-28 5.366346e-22 1.388223e-16 8.256282e-12 1.128897e-07 0.0003548699 0.2564652 42.61206 1627.726 14294.69 28861.58 13452.65 2917.713 9122.692 12799.39 4753.238 2525.968 1855.747 541.0077 167.8535 44.08625 8.499976 1.015584 0.06257285 
1.130634e-34 5.533668e-28 6.226572e-22 1.610755e-16 9.579765e-12 1.30986e-07 0.0004117555 0.2975766 49.44277 1888.65 16586.13 33488.21 15623.61 3770.417 12935.98 18148.6 6533.915 2848.696 2036.253 633.4099 204.9183 45.02661 7.055547 0.7745401 0.04528142 
8.629359e-35 4.223473e-28 4.752319e-22 1.22938e-16 7.311584e-12 9.99727e-08 0.0003142651 0.22712 37.73631 1441.479 12659.07 25559.55 11955.31 3697.499 14879.65 20906.75 7666.088 3775.6 2729.298 767.7367 218.4533 49.10693 7.363024 0.6696057 0.03374545 
6.609067e-35 3.23468e-28 3.639714e-22 9.415596e-17 5.599807e-12 7.656725e-08 0.0002406898 0.173947 28.90155 1104.002 9695.345 19575.58 9155.194 2801.179 11209.05 15767.84 6069.383 3874.655 2926.712 862.2189 256.6927 52.97595 7.215385 0.6311986 0.0282453 
2.327631e-34 1.139214e-27 1.281862e-21 3.316056e-16 1.972183e-11 2.696604e-07 0.0008476797 0.6126199 101.7877 3888.158 34145.8 68941.11 32053.07 4808.529 8594.323 11995.36 4582.469 2826.775 2159.638 726.318 256.87 56.22158 7.682385 0.6197858 0.02566526 
3.266808e-34 1.598876e-27 1.799081e-21 4.654053e-16 2.76794e-11 3.784657e-07 0.00118971 0.8598062 142.858 5456.992 47923.31 96759.13 45095.25 9645.782 29752.45 41638.6 13946.01 2807.211 1546.89 501.9035 177.8568 44.08863 6.992058 0.592953 0.02378375 
1.465229e-34 7.171282e-28 8.069241e-22 2.087436e-16 1.241477e-11 1.697495e-07 0.000533609 0.3856404 64.07469 2447.571 21494.57 43399.91 20398.49 8904.637 41303.49 58023.42 20410.19 7379.83 4876.12 1040.2 147.5796 29.0808 4.793029 0.4614357 0.02041961 
3.789122e-34 1.854513e-27 2.086727e-21 5.398166e-16 3.210492e-11 4.389767e-07 0.001379927 0.9972763 165.6989 6329.483 55585.52 112228.6 52207.06 8578.655 18577.18 26041.43 10701.77 8809.26 6740.278 1704.068 368.7898 54.203 4.230131 0.3113898 0.01455375 
6.501343e-34 3.181957e-27 3.580389e-21 9.262127e-16 5.508534e-11 7.531925e-07 0.002367667 1.711118 284.3047 10860.07 95373.16 192561.7 89672.48 17270.43 47450.77 66353.11 22386.16 5059.542 3024.306 1142.874 438.4961 82.12778 7.880325 0.408172 0.01119588 
5.126583e-34 2.509107e-27 2.823287e-21 7.303578e-16 4.343711e-11 5.939241e-07 0.001867005 1.349289 224.1862 8563.626 75205.77 151845.4 70979.3 20757.11 81010.79 113635 39127.48 11447.81 7127.894 1554.606 250.6008 57.25308 9.020205 0.6169503 0.01703978 
4.887746e-34 2.392213e-27 2.691756e-21 6.963319e-16 4.141346e-11 5.662543e-07 0.001780025 1.286428 213.7418 8164.663 71702.08 144770.5 67591.78 17645.81 64144.67 90089.64 33361.16 17417.77 12496.36 2927.51 529.9054 76.73605 6.795368 0.5398013 0.02127886 
2.8803e-34 1.409707e-27 1.586225e-21 4.103414e-16 2.440454e-11 3.33688e-07 0.001048951 0.7580792 125.9559 4811.354 42253.32 85313.05 39975.92 14243.35 61279.3 86113.01 31245.21 14376.39 10319.28 3031.198 867.3426 145.3767 12.23525 0.6273199 0.01882384 
4.89726e-34 2.396869e-27 2.696996e-21 6.976874e-16 4.149408e-11 5.673566e-07 0.00178349 1.288932 214.1579 8180.556 71841.65 145050.8 67549.99 13075.43 36149.7 50719.31 19629.58 12839.07 9665.729 2685.952 736.8883 152.2084 18.58857 1.104439 0.02796845 
3.789185e-34 1.854543e-27 2.086762e-21 5.398256e-16 3.210545e-11 4.38984e-07 0.00137995 0.9972928 165.7016 6329.588 55586.44 112232.7 52468.58 15501.93 60853.15 85362.52 29389.59 8608.525 5589.543 1831.647 623.6551 128.1396 16.24892 1.216575 0.04004655 
3.909613e-34 1.913484e-27 2.153083e-21 5.569823e-16 3.312582e-11 4.529358e-07 0.001423808 1.028989 170.9679 6530.755 57353.09 115798.9 54038.12 13391.41 46891.86 65833.89 24264.07 12318.57 8793.586 2056.779 399.3937 85.71345 12.77406 1.007165 0.03712926 
4.515855e-34 2.210198e-27 2.48695e-21 6.433505e-16 3.826246e-11 5.231701e-07 0.00164459 1.188548 197.479 7543.443 66246.52 133754.9 62382.98 14550.54 48559.88 68102.32 24347.82 10075.64 7063.318 2029.071 562.43 95.22223 9.484705 0.7451314 0.03048756 
3.542163e-34 1.733643e-27 1.950723e-21 5.046337e-16 3.001245e-11 4.103661e-07 0.001289989 0.9322781 154.8993 5916.954 51962.7 104916.1 49044.85 14405.28 56361.33 79114.92 28070.76 10934.52 7497.097 1983.742 498.8173 99.39529 11.91812 0.755651 0.02475253 
5.616529e-34 2.748901e-27 3.093108e-21 8.001578e-16 4.758838e-11 6.506851e-07 0.002045434 1.47824 245.6116 9382.048 82393.14 166354.8 77488.55 15457.62 44278.12 62073.1 22967.7 11941.74 8638.338 2231.911 525.86 96.98089 11.3497 0.8182603 0.02741606 
4.553633e-34 2.228688e-27 2.507755e-21 6.487325e-16 3.858255e-11 5.275467e-07 0.001658347 1.198491 199.131 7606.548 66800.71 134874.9 63033.25 18082.77 69792.26 97900.94 33849.21 10374.64 6739.127 1958.53 564.0684 104.8283 11.43197 0.7774496 0.02678756 
5.29427e-34 2.591178e-27 2.915635e-21 7.542473e-16 4.485791e-11 6.133509e-07 0.001928074 1.393423 231.5192 8843.735 77665.69 156810.7 73135.03 17028.4 56746.28 79636.94 29296.21 14706.25 10493.8 2493.777 493.3989 94.91345 12.01211 0.8266246 0.0269454 
6.398643e-34 3.131692e-27 3.52383e-21 9.115817e-16 5.421517e-11 7.412946e-07 0.002330266 1.684088 279.8136 10688.52 93866.58 189520.9 88373.25 20112.97 65727.04 92140.68 32592.5 12385.05 8512.222 2430.701 670.0026 114.4344 11.11282 0.7675649 0.0270791 
5.110158e-34 2.501068e-27 2.814242e-21 7.280178e-16 4.329795e-11 5.920212e-07 0.001861024 1.344966 223.468 8536.189 74964.82 151358.8 70744.97 20506.92 79630.48 111759 39445.41 14702.63 9942.473 2539.605 595.1998 116.3989 13.90096 0.8730648 0.02666674 
4.881954e-34 2.389378e-27 2.688566e-21 6.955068e-16 4.136439e-11 5.655833e-07 0.001777916 1.284904 213.4886 8154.988 71617.11 144598.9 67508.35 17536.11 63526.23 89206.65 32848.19 16591.71 11923.21 3021.984 679.8227 119.9175 13.21601 0.929247 0.03081246 
5.129086e-34 2.510332e-27 2.824666e-21 7.307143e-16 4.345832e-11 5.94214e-07 0.001867917 1.349947 224.2957 8567.806 75242.47 151918.4 70887.67 17413.11 60569.1 84985.69 30622.41 13423.76 9519.603 2729.998 765.4711 138.7421 14.40144 0.9257594 0.03044202 
8.102858e-34 3.965787e-27 4.462367e-21 1.154372e-15 6.865484e-11 9.387309e-07 0.002950909 2.132628 354.3392 13535.3 118867 239996.9 111792.5 22332.59 64074.61 89753.88 32107.5 13341.42 9299.939 2518.277 659.7035 132.8373 16.38368 1.086992 0.03365836 
8.102858e-34 3.965787e-27 4.462367e-21 1.154372e-15 6.865484e-11 9.387309e-07 0.002950909 2.132628 354.3392 13535.3 118867 239996.9 111792.5 22332.59 64074.61 89753.88 32107.5 13341.42 9299.939 2518.277 659.7035 132.8373 16.38368 1.086992 0.03365836 
