# Number of parameters = 79 Objective function value = 19375.5685530962  Maximum gradient component = 717.150845235133
# srv_sel50:
0.999999860681
# srv_sel95:
1.00000056030
# stNatLen:
 10.7940545971 9.42149240090 8.03506115433 7.09768754869 6.44986628829 5.96710436846 5.59144540662 5.29250917453 5.05247709762 4.86010231124 4.70794611755 4.59096395194 4.50572806842 4.44998094761 4.42237534816
# log_avg_fmort_dir:
0.640911483508
# fmort_dir_dev:
 -0.529598948279 -0.345235266935 -0.173199335670 -0.222087029480 -0.572766153854 -0.179652792385 -0.0959072910906 -0.125854405938 -0.0713584355126 -0.189514508100 -0.00312799217571 -0.0136497593799 -0.0585143002739 0.00912252536406 0.206606566817 0.164875035678 0.156022170085 0.131949620279 0.181248466551 0.245498654228 0.225102408801 0.172265593804 0.268984197462 0.303699292436 0.255869407161 0.340990572249 0.368819662020 0.170025608944 -0.620613562802
# mean_log_rec:
13.6802408601
# rec_dev:
 -2.33134669701 -2.05050225023 -1.90581635367 -1.17525824992 -1.02622280489 -1.09557510654 -0.717354512261 -0.515673036703 -0.300970799169 0.0145035558311 0.260775950658 0.478568272925 0.646610558319 0.597696950367 0.411201936261 0.364786564310 0.346708547884 0.377759719538 0.394331749392 0.430596434366 0.545098076089 0.652173345547 0.700625235140 0.728544230958 0.785510798065 0.772842112473 0.734986869294 0.937699484288 0.937699418678
# log_avg_NatM:
-1.06669500000
# m_dev:
 0.00000000000 0.00000000000 0.00000000000 0.00000000000 0.00000000000 0.00000000000 0.00000000000 0.00000000000 0.00000000000 0.00000000000 0.00000000000 0.00000000000 0.00000000000 0.00000000000 0.00000000000 0.00000000000 0.00000000000 0.00000000000 0.00000000000 0.00000000000 0.00000000000 0.00000000000 0.00000000000 0.00000000000 0.00000000000 0.00000000000 0.00000000000 0.00000000000 0.00000000000
# log_avg_GrowthK:
-1.19613400000
# log_avg_Linf:
3.45239700000
# GrowthK_dev:
 0.00000000000 0.00000000000 0.00000000000 0.00000000000 0.00000000000 0.00000000000 0.00000000000 0.00000000000 0.00000000000 0.00000000000 0.00000000000 0.00000000000 0.00000000000 0.00000000000 0.00000000000 0.00000000000 0.00000000000 0.00000000000 0.00000000000 0.00000000000 0.00000000000 0.00000000000 0.00000000000 0.00000000000 0.00000000000 0.00000000000 0.00000000000 0.00000000000 0.00000000000
# Linf_dev:
 0.00000000000 0.00000000000 0.00000000000 0.00000000000 0.00000000000 0.00000000000 0.00000000000 0.00000000000 0.00000000000 0.00000000000 0.00000000000 0.00000000000 0.00000000000 0.00000000000 0.00000000000 0.00000000000 0.00000000000 0.00000000000 0.00000000000 0.00000000000 0.00000000000 0.00000000000 0.00000000000 0.00000000000 0.00000000000 0.00000000000 0.00000000000 0.00000000000 0.00000000000
# SelPars50:
1.00812520023
# SelPars95:
1.14134977774
# SelPars_dev50:
 0.00000000000 0.00000000000 0.00000000000 0.00000000000 0.00000000000 0.00000000000 0.00000000000 0.00000000000 0.00000000000 0.00000000000 0.00000000000 0.00000000000 0.00000000000 0.00000000000 0.00000000000 0.00000000000 0.00000000000 0.00000000000 0.00000000000 0.00000000000 0.00000000000 0.00000000000 0.00000000000 0.00000000000 0.00000000000 0.00000000000 0.00000000000 0.00000000000 0.00000000000
# SelPars_dev95:
 0.00000000000 0.00000000000 0.00000000000 0.00000000000 0.00000000000 0.00000000000 0.00000000000 0.00000000000 0.00000000000 0.00000000000 0.00000000000 0.00000000000 0.00000000000 0.00000000000 0.00000000000 0.00000000000 0.00000000000 0.00000000000 0.00000000000 0.00000000000 0.00000000000 0.00000000000 0.00000000000 0.00000000000 0.00000000000 0.00000000000 0.00000000000 0.00000000000 0.00000000000
