#Simulated generalized assessment 
# 
#start/end year 
72 100 
#number of ages 
15 
#ages 
1 2 3 4 5 6 7 8 9 10 11 12 13 14 15 
#Number of length bins 
25 
#CPUE years 
29 
#years for CPUE 
72 73 74 75 76 77 78 79 80 81 82 83 84 85 86 87 88 89 90 91 92 93 94 95 96 97 98 99 100 
#survey years 
29 
#years for survey 
72 73 74 75 76 77 78 79 80 81 82 83 84 85 86 87 88 89 90 91 92 93 94 95 96 97 98 99 100 
#length freq from catch years 
29 
#years for length freq catch 
72 73 74 75 76 77 78 79 80 81 82 83 84 85 86 87 88 89 90 91 92 93 94 95 96 97 98 99 100 
#catch length sample sizes 
200 200 200 200 200 200 200 200 200 200 200 200 200 200 200 200 200 200 200 200 200 200 200 200 200 200 200 200 200 
#length freq from survey years 
29 
#years for length freq survey 
72 73 74 75 76 77 78 79 80 81 82 83 84 85 86 87 88 89 90 91 92 93 94 95 96 97 98 99 100 
#survey sample sizes 
200 200 200 200 200 200 200 200 200 200 200 200 200 200 200 200 200 200 200 200 200 200 200 200 200 200 200 200 200 
#total survey biomass 
6077.841 4381.184 3535.181 6530.865 9392.458 15497.16 14213.78 21834 39489.75 38508.6 79245.32 94655.17 83665.9 80860.07 86299.62 80715.88 86172.63 71329.31 91874.82 89223.27 98152.54 85959.81 86920.13 114640.1 126280.8 118364.4 65555.53 139150.8 76524.62 
#survey CV 
0.2 0.2 0.2 0.2 0.2 0.2 0.2 0.2 0.2 0.2 0.2 0.2 0.2 0.2 0.2 0.2 0.2 0.2 0.2 0.2 0.2 0.2 0.2 0.2 0.2 0.2 0.2 0.2 0.2 
#total CPUE 
6313.834 8201.286 2768.427 7239.57 6964.803 15536.48 14516.27 23989.98 25283.82 49804.69 42905.97 62613.13 129198.6 91921.86 70597.33 72163.14 76965.98 118259.4 98203.39 120629.4 76466.17 127402.9 117337.1 123767.8 120871.4 99699.6 87431.52 111175.7 89144.69 
#CPUE CV 
0.2 0.2 0.2 0.2 0.2 0.2 0.2 0.2 0.2 0.2 0.2 0.2 0.2 0.2 0.2 0.2 0.2 0.2 0.2 0.2 0.2 0.2 0.2 0.2 0.2 0.2 0.2 0.2 0.2 
#total catch biomass 
4397.207 3861.517 3399.035 3344.295 3840.454 6599.397 9606.508 13704.41 23283.04 30387.1 40469.73 55343.81 65644.13 102317.8 95067.32 83994.53 68266.34 69573.65 91687.29 81050.37 84406.36 98087.91 78689.74 83747.16 107806.8 97737.84 100008.2 77325.05 83799.09 
#catch CV 
0.1 0.1 0.1 0.1 0.1 0.1 0.1 0.1 0.1 0.1 0.1 0.1 0.1 0.1 0.1 0.1 0.1 0.1 0.1 0.1 0.1 0.1 0.1 0.1 0.1 0.1 0.1 0.1 0.1 
#Length Bins 
0.7268801 2.18064 3.634401 5.088161 6.541921 7.995682 9.449442 10.9032 12.35696 13.81072 15.26448 16.71824 18.172 19.62576 21.07952 22.53328 23.98704 25.44081 26.89457 28.34833 29.80209 31.25585 32.70961 34.16337 35.61713 
#catch length counts 
9.111562e-07 8.802919e-05 0.005014171 0.1683878 3.333978 38.91948 267.9064 1088.267 2619.243 3815.68 3723.384 3310.037 3390.134 3153.306 2336.805 1529.199 929.8208 501.7455 235.5452 94.45732 30.86652 7.751946 1.414713 0.1789234 0.0151071 
1.342006e-06 0.0001250553 0.006870505 0.2225431 4.24992 47.85213 317.7193 1245.015 2892.494 4080.724 3908.503 3493.495 3546.885 3139.319 2133.294 1260.928 717.2371 375.701 170.7982 64.60858 19.46246 4.456206 0.7387043 0.08473172 0.006480309 
6.73935e-07 6.046819e-05 0.003198708 0.09976143 1.834421 19.88966 127.2283 481.5456 1095.252 1614.646 2000.453 2784.041 3558.083 3233.634 2108.999 1156.404 594.0426 279.007 115.728 40.81197 11.48391 2.424865 0.3660758 0.03799529 0.002624657 
3.901503e-06 0.0003365046 0.01711152 0.5130086 9.067764 94.49729 580.637 2104.157 4503.968 5740.723 4542.836 2670.498 1723.567 1341.843 1021.26 700.6734 399.4462 181.3755 67.64523 21.11826 5.329008 1.023302 0.141076 0.01333105 0.0008346453 
6.351814e-06 0.0005258194 0.02566339 0.7384663 12.52823 125.3163 739.2209 2574.377 5324.425 6743.097 5986.313 5187.942 4868.059 3591.419 1757.949 613.6059 204.4378 80.48087 30.78467 9.39604 2.163058 0.3687803 0.0452292 0.003837002 0.0002170145 
1.856366e-05 0.001472823 0.06889316 1.899943 30.89199 296.1437 1674.045 5583.952 11031.58 13160.78 10393.61 7240.264 5695.27 3997.382 2056.267 815.9576 273.3384 76.16317 17.80285 3.859648 0.766303 0.1203301 0.01344054 0.001020611 5.142171e-05 
3.818855e-05 0.002899838 0.1298234 3.426662 53.32518 489.2761 2647.482 8458.321 16055.89 18700.49 15373.56 12435.57 10832.81 7429.637 3455.149 1166.555 335.2321 87.02247 18.97559 3.287714 0.4521913 0.05032411 0.004456513 0.0002924409 1.316638e-05 
9.252675e-05 0.006715874 0.2873931 7.250856 107.8561 945.9316 4892.444 14939.26 27091.68 30073.35 23338.51 17564.39 14358.85 9417.957 4266.395 1428.849 401.0586 95.50493 18.12817 2.700572 0.3163086 0.02834886 0.00188102 9.077114e-05 3.1364e-06 
0.0001818578 0.01260193 0.5148502 12.40121 176.1131 1474.648 7282.587 21246.14 36925.29 39878.17 31776.19 26141.06 22114.01 14025.64 5955.585 1825.385 465.4616 102.8862 18.41517 2.545235 0.2663134 0.02059421 0.001148711 4.528438e-05 1.236826e-06 
0.0004853555 0.03207326 1.249583 28.70293 388.7152 3103.872 14617.27 40659.97 67327.74 69015.52 51485.18 39062.09 30936.57 18782.96 7823.248 2425.961 628.2832 134.9883 22.41869 2.816339 0.2677451 0.01882968 0.0009447226 3.281398e-05 7.721518e-07 
0.0008269489 0.05205707 1.932055 42.27656 545.4153 4148.986 18618.74 49412.31 78559.3 79634.16 64361.72 56298.72 46314.24 26574.28 9751.178 2420.853 471.2479 81.27941 12.08731 1.42929 0.1274429 0.008236895 0.0003742616 1.170218e-05 2.471527e-07 
0.001951484 0.1169106 4.129351 85.99032 1055.756 7642.893 32636.81 82381.87 124271.2 118149.5 86511.97 67212.95 50959.27 27801.12 9944.88 2490.595 494.8032 81.22184 10.29529 0.9686206 0.06904727 0.003771499 0.000152535 4.341025e-06 8.353941e-08 
0.00421707 0.240208 8.066829 159.7198 1864.507 12834.05 52118.71 125221.8 180589.4 167406.2 126181.4 103183.7 77531.07 40294.69 13489.42 3105.879 561.8492 85.63959 10.38785 0.9403433 0.06220931 0.002962956 9.951516e-05 2.323095e-06 3.736019e-08 
0.008748181 0.4733811 15.1023 284.0639 3150.22 20600.28 79487.97 181600.4 249965.7 224708 170572.8 141071.8 102811 50659.13 15895.9 3375.806 551.7535 75.30113 8.195637 0.6673871 0.04002762 0.001752224 5.442878e-05 1.16126e-06 1.661476e-08 
0.01036256 0.5322794 16.1195 287.811 3029.904 18811.76 68975.39 150389.1 201725.8 191745.5 177264.4 171035.3 126161.2 59328.61 17371.74 3356.483 483.5899 57.56045 5.524558 0.3979958 0.020991 0.0008069238 2.216002e-05 4.221984e-07 5.446322e-09 
0.01641871 0.7999965 22.98141 389.232 3886.906 22891.14 79603.75 164485.5 208296.8 184181.8 154999.7 137678.5 95780.6 43401.22 12733.33 2647.132 435.5424 57.00075 5.449746 0.3619664 0.01685261 0.0005622181 1.339633e-05 2.224349e-07 2.510099e-09 
0.02585554 1.194304 32.52487 522.2285 4943.947 27604.36 91032.47 178603.7 215999.6 186073.4 156215 135511.1 89363.58 37683.89 10014.38 1803.247 250.4928 29.04417 2.678948 0.1829401 0.008937397 0.0003045937 7.032648e-06 1.076452e-07 1.082995e-09 
0.04951802 2.167268 55.92442 850.8142 7631.967 40376.59 126164.5 234529 268605.1 218558.8 172391.2 140546.1 87618.14 35276.75 9145.593 1666.566 239.1197 27.50035 2.350046 0.1422122 0.00613039 0.0001903882 4.18975e-06 6.313986e-08 6.315703e-10 
0.07336072 3.041007 74.32102 1070.912 9098.748 45602.47 135127.9 239380.9 267147.4 227317.7 199790.8 169080.6 102194 39230.25 9752.818 1732.661 245.7013 27.94053 2.360374 0.1415701 0.005990837 0.000177357 3.592318e-06 4.873285e-08 4.376563e-10 
0.1050307 4.122224 95.38665 1301.351 10468.91 49688.71 139543.5 235181.9 253809.3 218262.1 197920.5 165251.8 96315.14 36174.75 9224.291 1786.259 278.3198 32.94925 2.765972 0.1621477 0.006693049 0.0001931746 3.803574e-06 4.984864e-08 4.277178e-10 
0.2270779 8.436216 184.7825 2386.286 18170.71 81622 216777.1 344223.4 344199.7 261441.2 203554.4 152760 82785.28 29199.42 7019.276 1291.267 194.5221 22.86828 1.962567 0.1197009 0.005105966 0.0001485454 2.875202e-06 3.646279e-08 3.004645e-10 
0.3200771 11.25435 233.3072 2851.626 20553.5 87431.11 220395 335770.5 336930.9 286747.9 258270.6 199204.3 102731.4 33184.87 6970.305 1060.188 131.1149 13.31296 1.038086 0.05945033 0.002440876 6.974299e-05 1.343617e-06 1.703166e-08 1.395956e-10 
0.4841525 16.11053 316.0678 3656.033 24939.16 100415.9 239755.1 347002.9 334498.6 279188.8 245742 181653.1 89817.93 28491.86 6185.972 1024.018 134.7044 13.23241 0.9143057 0.04428315 0.001534161 3.805918e-05 6.595463e-07 7.737083e-09 5.986893e-11 
0.9538462 30.03772 557.6965 6105.021 39410.48 150158.2 339110.3 463199.1 417440.5 318986.3 256290.4 176128.1 81851.7 24568 5095.255 816.7029 105.5645 10.36791 0.7291508 0.0359931 0.001232214 2.864591e-05 4.430301e-07 4.509676e-09 3.010712e-11 
1.647142 49.09115 862.62 8937.215 54608.4 197023.3 422201.5 552313.6 493370.5 396799.5 330500.8 220797.3 96772.24 26987.15 5110.251 736.8963 86.21113 7.82743 0.5191572 0.02457137 0.0008179671 1.867618e-05 2.845128e-07 2.83238e-09 1.816386e-11 
2.753708 77.6805 1291.968 12669.63 73279.07 250341.5 508695.7 635010.7 552940.8 446103.1 366158.9 233455.3 96476.91 25263.05 4469.433 596.5652 63.86014 5.247047 0.3118257 0.01317485 0.0003945746 8.234788e-06 1.165782e-07 1.093028e-09 6.666452e-12 
2.803664 74.86775 1178.736 10943.25 59944.31 194306.4 377858.1 468242.9 451093.8 441585.2 396909.1 249586.8 98842.98 24940.24 4342.458 579.5331 61.11351 4.790575 0.264643 0.01020918 0.0002757142 5.149892e-06 6.505136e-08 5.448521e-10 2.984423e-12 
5.714975 144.4805 2153.532 18926.64 98114.21 300519.3 548295.1 618142.4 494658.3 373111 281360.2 162558.9 61939.96 15766.6 2938.252 429.9132 47.81992 3.769037 0.2043486 0.007645798 0.0001974769 3.46453e-06 4.040041e-08 3.081926e-10 1.523233e-12 
7.721958 184.8456 2608.834 21712.15 106630.4 310031.9 541869 607746.5 537426.9 482273.6 389391.5 218216.8 77425.89 17817.9 2921.296 378.8756 39.38627 3.077949 0.1718344 0.006673732 0.0001759018 3.068315e-06 3.479333e-08 2.540271e-10 1.187061e-12 
#survey length counts 
1.64606e-06 0.0001590302 0.009058412 0.3042029 6.023035 70.31023 483.981 1965.832 4729.365 6874.338 6639.653 5735.798 5675.202 5075.931 3499.404 2078.594 1189.021 630.9835 292.448 113.5734 35.40852 8.465092 1.477925 0.1798833 0.01468567 
7.321711e-07 6.822766e-05 0.003748411 0.1214154 2.318713 26.10977 173.4353 681.2501 1603.015 2410.104 2932.211 3969.594 5128.569 4785.284 3183.927 1760.737 911.7263 433.9141 183.2731 66.35682 19.35811 4.275863 0.6806207 0.07499481 0.005530825 
3.887805e-06 0.0003488296 0.01845273 0.5755017 10.5821 114.7202 733.2792 2764.16 6152.814 8142.764 6639.719 3909.882 2441.007 1873.426 1432.629 996.1101 580.2564 269.5372 102.7643 32.94543 8.613462 1.730317 0.2516848 0.02526439 0.00168927 
5.959417e-06 0.0005139997 0.02613728 0.7836049 13.85082 144.3476 887.1071 3217.995 6925.271 9077.917 8172.373 6963.655 6536.569 4965.81 2515.115 895.8043 296.5793 116.4273 45.54077 14.38593 3.446534 0.6152537 0.07958901 0.007170818 0.0004331291 
1.680818e-05 0.001391424 0.06791051 1.954129 33.15202 331.6013 1955.783 6805.868 14018.43 17382.25 14076.46 9756.311 7638.613 5485.728 2902.142 1175.295 401.2757 114.4493 27.26064 6.004645 1.228732 0.2020633 0.02384991 0.001924767 0.0001035564 
3.199958e-05 0.002538817 0.1187564 3.275077 53.25107 510.4967 2886.025 9631.676 19081.15 23090.52 19393.65 15657.59 13821.18 9809.908 4726.34 1635.486 476.9495 126.1897 28.29189 5.06192 0.7202508 0.08324022 0.007725208 0.000536898 2.579467e-05 
7.534193e-05 0.005721071 0.2561276 6.760436 105.2046 965.2772 5222.842 16681.27 31615.41 36532.14 29067.21 21932.95 18206.66 12366.62 5802.529 1992.545 570.2412 139.3044 27.27468 4.198906 0.5103403 0.04776336 0.003328279 0.0001695584 6.222007e-06 
0.0001451282 0.01053385 0.4507761 11.37297 169.1729 1483.724 7674.637 23445.82 42623.31 47902.92 39041.76 32318.87 28021.33 18496.68 8161.998 2571.814 668.6024 151.4114 27.98148 4.010606 0.4370761 0.03538078 0.002075748 8.647659e-05 2.507693e-06 
0.0003460515 0.02397982 0.9796922 23.59787 335.1192 2806.018 13856.66 40410.99 70103.6 75023 57748.22 44682.44 36535.11 23126.69 10002.17 3185.858 843.9405 186.8258 32.15796 4.195049 0.4155441 0.03062036 0.001618509 5.94957e-05 1.487464e-06 
0.0005777489 0.0381788 1.487457 34.16696 462.7167 3694.938 17404.95 48474.76 80789.39 85437.42 71135.26 63866.74 54729.1 32938.65 12648.86 3255.732 648.6986 114.2418 17.49743 2.147585 0.1999707 0.01357069 0.0006503682 2.153313e-05 4.833794e-07 
0.00135147 0.0850761 3.157529 69.09186 891.3581 6780.385 30422.61 80674.3 127736.5 126995.4 96214.3 76950.51 60812.77 34799.26 13011.29 3372.534 688.0668 116.5092 15.35004 1.503407 0.1115537 0.006367982 0.0002710074 8.165687e-06 1.671237e-07 
0.002787301 0.1669833 5.897947 122.82 1507.946 10916.76 46624.7 117792.2 178477.6 173246.2 135695.2 115301.3 90877.29 49684.01 17427.21 4163.22 773.7994 121.4402 15.2969 1.444852 0.1000315 0.005005107 0.0001772715 4.377909e-06 7.472716e-08 
0.005555284 0.3164338 10.6267 210.4044 2456.192 16907.3 68670.18 165114.7 239043.5 225501.7 178925.2 155044.6 119056.4 61844.16 20374.7 4501.715 757.8341 106.5993 12.05599 1.024747 0.06429217 0.002955441 9.688463e-05 2.190856e-06 3.333443e-08 
0.006518824 0.3527463 11.2537 211.6759 2347.536 15354.21 59304.19 136178.9 192223.2 191868.5 186152.5 189355.4 147636.3 73330.78 22597.64 4558.495 678.5403 83.27855 8.305741 0.6252309 0.03452823 0.001393954 4.03839e-05 8.15145e-07 1.117979e-08 
0.009993981 0.513347 15.54615 277.5735 2922.107 18141.79 66505.67 144857.6 193353.6 180298.7 160457.7 151065.8 111254.7 53198.24 16363.4 3530.901 600.0338 81.67823 8.188691 0.5715348 0.0279421 0.000979767 2.462565e-05 4.331254e-07 5.195678e-09 
0.0157761 0.7686859 22.08196 373.9991 3734.833 21996.88 76517.95 158360.8 202084.1 184054.4 164140.3 151413.1 105912.3 47242.32 13215.19 2481.623 355.986 42.65994 4.1008 0.2934793 0.0150803 0.0005427977 1.328699e-05 2.161928e-07 2.316325e-09 
0.03021068 1.395474 38.0034 610.1934 5776.716 32254.18 106368 208706.9 252494.4 217807.8 183370 159509.4 105592 44955.03 12245.88 2321.869 344.6713 41.2492 3.696068 0.2350156 0.01064357 0.0003480012 8.098649e-06 1.296562e-07 1.382665e-09 
0.04487723 1.964154 50.68334 771.086 6917.143 36604.32 114527.6 214298.2 253070.6 229405.3 216345.2 195618 125581.6 50976.43 13308.48 2458.218 360.7762 42.73537 3.787266 0.2388888 0.01064836 0.0003331135 7.156017e-06 1.032563e-07 9.884657e-10 
0.06224644 2.58029 63.06139 908.6769 7720.716 38704.87 114823.9 204594.8 234362.7 216454.9 212334.7 189902.3 117529.3 46565.91 12412.31 2492.021 403.4985 50.05921 4.422358 0.2729534 0.01187622 0.0003625265 7.57911e-06 1.057963e-07 9.691668e-10 
0.1304956 5.121663 118.5132 1616.854 13006.66 61724.98 173223.6 290938.5 309169.1 253358.9 215485.6 174388.6 100585.9 37459.64 9417.987 1796.016 280.8194 34.52781 3.11338 0.2000115 0.009017114 0.0002783511 5.734558e-06 7.7577e-08 6.831834e-10 
0.1825318 6.781281 148.5345 1918.23 14608.62 65665.8 174988.3 282440.1 303080.2 281716.9 278005.9 230650.2 126618.7 43304.84 9562.56 1514.126 194.046 20.52403 1.676933 0.1009754 0.004375841 0.0001325733 2.718889e-06 3.67996e-08 3.228265e-10 
0.2716348 9.551054 197.9978 2420.084 17444.25 74229 187415.2 287712.1 297882.4 273907.5 265579.5 211385.1 111160.2 37232.31 8463.052 1457.638 200.1942 20.68122 1.506798 0.07689659 0.002807815 7.365018e-05 1.355569e-06 1.695692e-08 1.403575e-10 
0.5251369 17.47432 342.8238 3965.536 27050.77 108925.5 260158.7 377121.6 365842.5 310088 276837.8 205667.8 101758.2 32253.61 7002.038 1167.524 157.4832 16.24807 1.204366 0.06277712 0.002276065 5.623061e-05 9.266517e-07 1.006934e-08 7.18815e-11 
0.8697798 27.39041 508.5489 5567.208 35944.93 137071 310838.9 432857.3 420744.1 381334.2 354197.3 255601.9 119292.4 35175.55 6987.507 1049.856 128.1523 12.21214 0.8529652 0.04259797 0.001501174 3.642948e-05 5.918588e-07 6.300038e-09 4.328941e-11 
1.439792 42.91139 754.0359 7812.498 47744.26 172400.5 370909.2 494109.2 471992.1 433274.9 397216.1 273459.5 120343.6 33337.45 6195.136 863.415 96.65299 8.350963 0.5233026 0.02333506 0.0007392554 1.638109e-05 2.471373e-07 2.476727e-09 1.618547e-11 
1.429914 40.33728 670.9021 6580.12 38084.77 130544 269496.7 360410.9 390880.9 438841.4 434920.6 293416.8 123487.6 32922.35 6016.675 839.5897 92.90089 7.681014 0.4483707 0.0182849 0.0005229538 1.037801e-05 1.397336e-07 1.250819e-09 7.338569e-12 
2.928562 78.20278 1231.229 11429.97 62594.1 202642.3 391763.3 473319.8 421047.8 367431.7 311376.2 194316.4 78686.22 21107.81 4120.632 631.9117 74.07789 6.17464 0.3542136 0.01402961 0.0003844549 7.179187e-06 8.936124e-08 7.292123e-10 3.862423e-12 
3.695013 93.41453 1392.429 12239.78 63504.72 195309 363174.3 443645.2 451359.4 473385.9 424175 255382.5 96289.09 23400.98 4026.493 546.6534 59.69064 4.919274 0.2903519 0.01195635 0.0003352755 6.240525e-06 7.567141e-08 5.917616e-10 2.966506e-12 
4.104367 98.24978 1386.712 11543.19 56740.99 165679.7 295227.5 357429.1 382420.8 417099.2 365187.6 209023.2 74581.09 17204.56 2816.087 359.6681 35.98316 2.649218 0.1383913 0.005117794 0.0001332387 2.384535e-06 2.846615e-08 2.211144e-10 1.097562e-12 
