# Number of parameters = 77 Objective function value = 19550.6913470920  Maximum gradient component = 0.000959378611065426
# srv_sel50:
0.993778802047
# srv_sel95:
1.01891638703
# stNatLen:
 10.8154301265 9.91034358219 8.55067915383 7.60665469576 6.96886663221 6.50107168201 6.14068848678 5.85580471913 5.62810196368 5.44621038337 5.30270465734 5.19259242686 5.11249399245 5.06017634170 5.03428548826
# log_avg_fmort_dir:
0.755620335270
# fmort_dir_dev:
 -0.129540233047 -0.225393704642 -0.309894102541 -0.293845452204 -0.181638016668 -0.0651339040383 -0.145540887025 -0.180945131458 -0.216811031643 -0.0773007522620 -0.0146257121599 -0.0792686482490 -0.0733196059600 -0.0598574045801 0.0675835141876 0.126566135201 -0.00417744544112 0.123013414489 0.110653437596 0.136503057381 0.139172450372 0.156629156301 0.222463249328 0.281879451855 0.195063819341 0.303558330452 0.164293207008 0.0299128084089
# mean_log_rec:
13.3035821837
# rec_dev:
 -2.35469887530 -2.04858179118 -1.65241787061 -1.34814230584 -1.43822414310 -1.37794932087 -0.943348334927 -0.551663542529 -0.273195352412 0.00171913897597 0.326426432281 0.635506483862 0.779848625525 0.681794971297 0.539077834137 0.502137561896 0.516381601389 0.482020969979 0.535522428290 0.562223102991 0.624572019059 0.712532941634 0.803936362282 0.846907061345 0.874229501872 0.778605178058 0.892389661219 0.892389660666
# log_avg_NatM:
-1.36837500000
# m_dev:
 0.00000000000 0.00000000000 0.00000000000 0.00000000000 0.00000000000 0.00000000000 0.00000000000 0.00000000000 0.00000000000 0.00000000000 0.00000000000 0.00000000000 0.00000000000 0.00000000000 0.00000000000 0.00000000000 0.00000000000 0.00000000000 0.00000000000 0.00000000000 0.00000000000 0.00000000000 0.00000000000 0.00000000000 0.00000000000 0.00000000000 0.00000000000 0.00000000000
# log_avg_GrowthK:
-1.19613400000
# log_avg_Linf:
3.45239700000
# GrowthK_dev:
 0.00000000000 0.00000000000 0.00000000000 0.00000000000 0.00000000000 0.00000000000 0.00000000000 0.00000000000 0.00000000000 0.00000000000 0.00000000000 0.00000000000 0.00000000000 0.00000000000 0.00000000000 0.00000000000 0.00000000000 0.00000000000 0.00000000000 0.00000000000 0.00000000000 0.00000000000 0.00000000000 0.00000000000 0.00000000000 0.00000000000 0.00000000000 0.00000000000
# Linf_dev:
 0.00000000000 0.00000000000 0.00000000000 0.00000000000 0.00000000000 0.00000000000 0.00000000000 0.00000000000 0.00000000000 0.00000000000 0.00000000000 0.00000000000 0.00000000000 0.00000000000 0.00000000000 0.00000000000 0.00000000000 0.00000000000 0.00000000000 0.00000000000 0.00000000000 0.00000000000 0.00000000000 0.00000000000 0.00000000000 0.00000000000 0.00000000000 0.00000000000
# SelPars50:
1.01222176127
# SelPars95:
1.13048879047
# SelPars_dev50:
 0.00000000000 0.00000000000 0.00000000000 0.00000000000 0.00000000000 0.00000000000 0.00000000000 0.00000000000 0.00000000000 0.00000000000 0.00000000000 0.00000000000 0.00000000000 0.00000000000 0.00000000000 0.00000000000 0.00000000000 0.00000000000 0.00000000000 0.00000000000 0.00000000000 0.00000000000 0.00000000000 0.00000000000 0.00000000000 0.00000000000 0.00000000000 0.00000000000
# SelPars_dev95:
 0.00000000000 0.00000000000 0.00000000000 0.00000000000 0.00000000000 0.00000000000 0.00000000000 0.00000000000 0.00000000000 0.00000000000 0.00000000000 0.00000000000 0.00000000000 0.00000000000 0.00000000000 0.00000000000 0.00000000000 0.00000000000 0.00000000000 0.00000000000 0.00000000000 0.00000000000 0.00000000000 0.00000000000 0.00000000000 0.00000000000 0.00000000000 0.00000000000
