# Number of parameters = 79 Objective function value = 20792.3424765034  Maximum gradient component = 0.0197503306983033
# srv_sel50:
0.997404031297
# srv_sel95:
1.00713201630
# stNatLen:
 10.6584509389 9.48401653854 8.06498242198 7.10315703681 6.45539555653 5.98070841441 5.61513417678 5.32617753138 5.09522150318 4.91072276929 4.76514704579 4.65343095836 4.57214867918 4.51903970139 4.49273739779
# log_avg_fmort_dir:
0.254121805187
# fmort_dir_dev:
 0.0457442803873 0.198593299327 0.0701032795268 0.234509497149 0.203258452650 0.404396310928 0.268837940376 0.129443798006 0.243047892130 0.297930084159 0.156243181734 0.297684075873 0.292112254075 0.393841470301 0.489130224642 0.572968497958 0.476421329693 0.502806348740 0.552853334955 0.511963307401 0.524954184457 0.679170658287 0.499811957709 0.547406417858 0.655885376800 0.689654853483 0.658337463026 0.626271801739 -11.2233815734
# mean_log_rec:
13.3155468528
# rec_dev:
 -2.37906810748 -2.08410572151 -1.68917055624 -1.44403865394 -1.47066664200 -1.41982389096 -0.938368613020 -0.470215052276 -0.244267233765 -0.0236710405816 0.337055764207 0.581529813418 0.761723037075 0.665750402226 0.545530982813 0.515279475567 0.552246444052 0.525537337264 0.500199077121 0.557870803604 0.644073486924 0.608148423883 0.779274635788 0.905907247378 0.873179852266 0.793555777258 0.640480522021 0.688026215053 0.688026213842
# log_avg_NatM:
-1.36837500000
# m_dev:
 0.00000000000 0.00000000000 0.00000000000 0.00000000000 0.00000000000 0.00000000000 0.00000000000 0.00000000000 0.00000000000 0.00000000000 0.00000000000 0.00000000000 0.00000000000 0.00000000000 0.00000000000 0.00000000000 0.00000000000 0.00000000000 0.00000000000 0.00000000000 0.00000000000 0.00000000000 0.00000000000 0.00000000000 0.00000000000 0.00000000000 0.00000000000 0.00000000000 0.00000000000
# log_avg_GrowthK:
-1.19613400000
# log_avg_Linf:
3.45239700000
# GrowthK_dev:
 0.00000000000 0.00000000000 0.00000000000 0.00000000000 0.00000000000 0.00000000000 0.00000000000 0.00000000000 0.00000000000 0.00000000000 0.00000000000 0.00000000000 0.00000000000 0.00000000000 0.00000000000 0.00000000000 0.00000000000 0.00000000000 0.00000000000 0.00000000000 0.00000000000 0.00000000000 0.00000000000 0.00000000000 0.00000000000 0.00000000000 0.00000000000 0.00000000000 0.00000000000
# Linf_dev:
 0.00000000000 0.00000000000 0.00000000000 0.00000000000 0.00000000000 0.00000000000 0.00000000000 0.00000000000 0.00000000000 0.00000000000 0.00000000000 0.00000000000 0.00000000000 0.00000000000 0.00000000000 0.00000000000 0.00000000000 0.00000000000 0.00000000000 0.00000000000 0.00000000000 0.00000000000 0.00000000000 0.00000000000 0.00000000000 0.00000000000 0.00000000000 0.00000000000 0.00000000000
# SelPars50:
1.00380662263
# SelPars95:
1.11628993336
# SelPars_dev50:
 0.00000000000 0.00000000000 0.00000000000 0.00000000000 0.00000000000 0.00000000000 0.00000000000 0.00000000000 0.00000000000 0.00000000000 0.00000000000 0.00000000000 0.00000000000 0.00000000000 0.00000000000 0.00000000000 0.00000000000 0.00000000000 0.00000000000 0.00000000000 0.00000000000 0.00000000000 0.00000000000 0.00000000000 0.00000000000 0.00000000000 0.00000000000 0.00000000000 0.00000000000
# SelPars_dev95:
 0.00000000000 0.00000000000 0.00000000000 0.00000000000 0.00000000000 0.00000000000 0.00000000000 0.00000000000 0.00000000000 0.00000000000 0.00000000000 0.00000000000 0.00000000000 0.00000000000 0.00000000000 0.00000000000 0.00000000000 0.00000000000 0.00000000000 0.00000000000 0.00000000000 0.00000000000 0.00000000000 0.00000000000 0.00000000000 0.00000000000 0.00000000000 0.00000000000 0.00000000000
