# Number of parameters = 80 Objective function value = 28079.0041980185  Maximum gradient component = 0.00281115879476932
# srv_sel50:
0.920600338180
# srv_sel95:
1.00877275768
# stNatLen:
 11.0287665630 10.4385428108 9.82033716131 9.14411238943 8.51199023514 7.97504501363 7.53474296575 7.17764382494 6.88953593622 6.65889451174 6.47708281478 6.33784959347 6.23680628758 6.17101023784 6.13862803738
# log_avg_fmort_dir:
-0.545216122229
# fmort_dir_dev:
 -0.900869467704 -0.792592504089 -0.756434805901 -0.746912913775 -0.628907045527 -0.752038501676 -0.228432367902 -0.447019917400 -0.0161057803131 0.0793710896016 0.0389945121800 0.136734321253 0.0152845205327 0.380468277499 0.518401734426 0.399996244637 0.205611399501 0.228863315192 0.284043283482 0.311855888065 0.258315202059 0.175922377384 0.147208421753 0.270722398532 0.237665286572 0.257754955384 0.431578417286 0.332538564933 0.557983094014
# mean_log_rec:
13.2107652155
# rec_dev:
 -3.30580284390 -3.86783591525 -2.41177054806 -1.32549175516 -1.08187219553 -0.892275261522 -0.693151540322 -0.224181471212 -0.0963358052094 0.210171471225 0.445360775512 0.656093329636 0.890440362246 0.773829920657 0.728489966572 0.727328669514 0.650579649730 0.579591444283 0.611078953480 0.613346324738 0.665984557725 0.783019319626 0.931862310056 0.884677112182 0.825146350962 0.819896207116 0.720758140295 0.690531197443 0.690531273161
# log_avg_NatM:
-0.846531755858
# m_dev:
 0.00000000000 0.00000000000 0.00000000000 0.00000000000 0.00000000000 0.00000000000 0.00000000000 0.00000000000 0.00000000000 0.00000000000 0.00000000000 0.00000000000 0.00000000000 0.00000000000 0.00000000000 0.00000000000 0.00000000000 0.00000000000 0.00000000000 0.00000000000 0.00000000000 0.00000000000 0.00000000000 0.00000000000 0.00000000000 0.00000000000 0.00000000000 0.00000000000 0.00000000000
# log_avg_GrowthK:
-1.02151300000
# log_avg_Linf:
3.36611700000
# GrowthK_dev:
 0.00000000000 0.00000000000 0.00000000000 0.00000000000 0.00000000000 0.00000000000 0.00000000000 0.00000000000 0.00000000000 0.00000000000 0.00000000000 0.00000000000 0.00000000000 0.00000000000 0.00000000000 0.00000000000 0.00000000000 0.00000000000 0.00000000000 0.00000000000 0.00000000000 0.00000000000 0.00000000000 0.00000000000 0.00000000000 0.00000000000 0.00000000000 0.00000000000 0.00000000000
# Linf_dev:
 0.00000000000 0.00000000000 0.00000000000 0.00000000000 0.00000000000 0.00000000000 0.00000000000 0.00000000000 0.00000000000 0.00000000000 0.00000000000 0.00000000000 0.00000000000 0.00000000000 0.00000000000 0.00000000000 0.00000000000 0.00000000000 0.00000000000 0.00000000000 0.00000000000 0.00000000000 0.00000000000 0.00000000000 0.00000000000 0.00000000000 0.00000000000 0.00000000000 0.00000000000
# SelPars50:
0.479877594514
# SelPars95:
3.02675284913
# SelPars_dev50:
 0.00000000000 0.00000000000 0.00000000000 0.00000000000 0.00000000000 0.00000000000 0.00000000000 0.00000000000 0.00000000000 0.00000000000 0.00000000000 0.00000000000 0.00000000000 0.00000000000 0.00000000000 0.00000000000 0.00000000000 0.00000000000 0.00000000000 0.00000000000 0.00000000000 0.00000000000 0.00000000000 0.00000000000 0.00000000000 0.00000000000 0.00000000000 0.00000000000 0.00000000000
# SelPars_dev95:
 0.00000000000 0.00000000000 0.00000000000 0.00000000000 0.00000000000 0.00000000000 0.00000000000 0.00000000000 0.00000000000 0.00000000000 0.00000000000 0.00000000000 0.00000000000 0.00000000000 0.00000000000 0.00000000000 0.00000000000 0.00000000000 0.00000000000 0.00000000000 0.00000000000 0.00000000000 0.00000000000 0.00000000000 0.00000000000 0.00000000000 0.00000000000 0.00000000000 0.00000000000
