#Simulated generalized assessment 
# 
#start/end year 
73 100 
#number of ages 
15 
#ages 
1 2 3 4 5 6 7 8 9 10 11 12 13 14 15 
#Number of length bins 
25 
#CPUE years 
28 
#years for CPUE 
73 74 75 76 77 78 79 80 81 82 83 84 85 86 87 88 89 90 91 92 93 94 95 96 97 98 99 100 
#survey years 
28 
#years for survey 
73 74 75 76 77 78 79 80 81 82 83 84 85 86 87 88 89 90 91 92 93 94 95 96 97 98 99 100 
#length freq from catch years 
28 
#years for length freq catch 
73 74 75 76 77 78 79 80 81 82 83 84 85 86 87 88 89 90 91 92 93 94 95 96 97 98 99 100 
#catch length sample sizes 
200 200 200 200 200 200 200 200 200 200 200 200 200 200 200 200 200 200 200 200 200 200 200 200 200 200 200 200 
#length freq from survey years 
28 
#years for length freq survey 
73 74 75 76 77 78 79 80 81 82 83 84 85 86 87 88 89 90 91 92 93 94 95 96 97 98 99 100 
#survey sample sizes 
200 200 200 200 200 200 200 200 200 200 200 200 200 200 200 200 200 200 200 200 200 200 200 200 200 200 200 200 
#total survey biomass 
21140.86 36420.37 9511.94 18325.73 19347.73 51784.36 80247.73 111356.5 112608.5 166713.8 160124.8 147536.3 311575 270887.9 233884 207415.8 156755.4 208931.4 211543.1 198722.7 271634.9 277116.8 310944.7 262200.5 261754.9 246015.9 225933.3 194596.7 
#survey CV 
0.2 0.2 0.2 0.2 0.2 0.2 0.2 0.2 0.2 0.2 0.2 0.2 0.2 0.2 0.2 0.2 0.2 0.2 0.2 0.2 0.2 0.2 0.2 0.2 0.2 0.2 0.2 0.2 
#total CPUE 
24781.04 25162.34 13324.03 20691.04 36419.19 53074.16 82085.27 128988.1 182139.9 168960.6 171341.7 190306 210323.7 211189.5 220011.6 183642.2 236893.7 230314.7 163293.6 194186.7 241945.5 321450.4 294389.5 242853.4 190082.8 194909.1 183509.4 156084.3 
#CPUE CV 
0.2 0.2 0.2 0.2 0.2 0.2 0.2 0.2 0.2 0.2 0.2 0.2 0.2 0.2 0.2 0.2 0.2 0.2 0.2 0.2 0.2 0.2 0.2 0.2 0.2 0.2 0.2 0.2 
#total catch biomass 
16186.26 18197.54 13474.74 7567.31 11878.66 24149.65 42233.24 52436.05 97571.46 125622 167488.9 128784.1 169647.5 235450.6 218461 222094.9 166786.7 206697.7 182599.8 212725.2 163803.3 183766.9 200537.9 233082.5 196644.2 220186.1 205137.8 200877.1 
#catch CV 
0.1 0.1 0.1 0.1 0.1 0.1 0.1 0.1 0.1 0.1 0.1 0.1 0.1 0.1 0.1 0.1 0.1 0.1 0.1 0.1 0.1 0.1 0.1 0.1 0.1 0.1 0.1 0.1 
#Length Bins 
0.7268035 2.18041 3.634017 5.087624 6.541231 7.994838 9.448445 10.90205 12.35566 13.80927 15.26287 16.71648 18.17009 19.62369 21.0773 22.53091 23.98451 25.43812 26.89173 28.34534 29.79894 31.25255 32.70616 34.15976 35.61337 
#catch length counts 
4.174617e-06 0.000386889 0.02114185 0.6812197 12.94259 144.9967 958.0069 3736.19 8640.618 12138.47 11580.72 10354.98 10855.24 10787.38 9260.255 7010.799 4415.674 2238.025 937.7223 325.2779 89.31931 18.40536 2.719957 0.2775688 0.01894841 
6.675282e-06 0.000596674 0.0314479 0.977313 17.90878 193.5104 1233.191 4639.615 10360.6 14117.76 13304.58 12108.07 12698.34 12163.29 9930.816 7239.749 4498.607 2274.69 936.669 310.9321 80.42253 15.5285 2.141439 0.2027045 0.01276085 
3.381733e-06 0.0002910433 0.01476941 0.4419343 7.79741 81.13153 498.1205 1810.333 3959.457 5641.562 6824.972 9322.937 11931.28 11704.81 9266.748 6330.189 3557.362 1595.502 591.4374 182.5317 44.54803 8.079339 1.037669 0.09097911 0.005287696 
9.173156e-07 7.588971e-05 0.003701986 0.1064824 1.806056 18.06744 106.7365 374.8191 808.9733 1240.764 1908.111 3289.134 4939.961 6067.32 6239.39 4970.383 2842.714 1185.635 387.2922 103.7461 22.37763 3.679781 0.4351552 0.03527041 0.001892115 
5.280512e-05 0.004192961 0.1963146 5.419648 88.22194 846.7782 4792.403 15993.49 31479.27 36581.11 25248.8 10744.04 3596.01 2113.272 2184.29 1970.306 1312.83 647.969 237.6019 64.10173 12.68401 1.837246 0.191392 0.01386957 0.0006743009 
4.671273e-05 0.00355496 0.1595223 4.22082 65.85201 605.8718 3288.949 10562.9 20356.53 25199.51 25402.38 27969.94 28298.33 19544.18 8426.548 2420.065 638.8046 233.5246 92.38837 28.17291 5.986219 0.8648245 0.08418552 0.005483163 0.0002365023 
0.0002640607 0.01923394 0.8260756 20.91985 312.382 2750.49 14281.48 43751.92 79295.65 86222.68 60281.02 35120.17 25232.78 21200.57 16363.7 9823.394 3992.977 1026.484 169.9532 21.16704 2.61526 0.3227952 0.03081119 0.001966032 8.039481e-05 
0.0004578013 0.0318752 1.308627 31.67868 452.1809 3806.108 18898.62 55459.88 97134.2 106539.3 88288.44 76979.68 67914.81 45547.63 22149.96 8857.186 3146.875 923.4329 202.7487 31.23992 3.269533 0.2367831 0.01289063 0.0005689206 1.950867e-05 
0.001172177 0.07792207 3.054322 70.59224 962.0365 7731.105 36646.14 102608.5 170994.1 176110.2 131232.7 100002.4 84628.3 62591.75 38052.89 18663.52 6664.921 1600.975 260.3766 30.97638 2.906782 0.2113406 0.01096978 0.0003835094 8.93859e-06 
0.002396071 0.1519047 5.678452 125.1633 1626.748 12467.99 56376.93 150746.9 241233.3 244780.4 194885.5 168356.8 145649 99559.58 53775.05 24053.86 8370.068 2095.019 370.4924 46.67752 4.172719 0.2617087 0.01149901 0.0003542849 7.537658e-06 
0.002564629 0.1548975 5.516354 115.8378 1434.348 10474.8 45158.62 115501.9 179676.2 189832.1 184210.3 197768 183809.8 128099.4 70502.52 31124.12 10067.26 2215.311 332.359 35.83799 2.902756 0.1746773 0.007443275 0.0002150006 4.104268e-06 
0.0054241 0.3117961 10.5682 211.2129 2489.076 17298.26 70935.1 172143.5 250941.1 235807 182369.8 159475.6 141963.5 106849.5 66052.51 31082.9 10018.64 2110.843 295.0819 28.69099 2.020979 0.1038186 0.003816849 9.805525e-05 1.717851e-06 
0.011342 0.6199536 19.98096 379.7197 4255.11 28120.16 109668.9 253302.6 352685.4 321193.3 248168.7 212875.4 170674.7 106317 52814.99 21150.11 6271.702 1287.263 182.3326 18.24513 1.297111 0.06429885 0.002174714 4.956464e-05 7.555958e-07 
0.0173145 0.8991653 27.53321 497.1249 5292.78 33235.74 123227.6 271280.9 364519.9 336696.3 290202.1 273289.6 219455 132315.2 62888.93 23581.63 6342.516 1134.783 134.1935 10.9694 0.6552371 0.02908559 0.0009294175 2.04137e-05 2.973523e-07 
0.02756463 1.358965 39.50501 677.1554 6844.453 40805.16 143676.4 300757.9 386562.9 349125.5 304625.9 289461.6 234579.6 147914.9 74770.1 28766.28 7602.823 1307.431 146.9551 11.21229 0.6031031 0.02310904 0.0006219438 1.155322e-05 1.461231e-07 
0.04179192 1.954681 53.90729 876.6227 8406.184 47549.34 158909.2 316315.6 389896.5 347669.8 309908.4 292873.7 228494.4 137627.7 66274.21 24204.92 6072.958 996.4918 107.8193 7.98008 0.4159371 0.01523857 0.0003835466 6.48849e-06 7.276857e-08 
0.06945706 3.080109 80.53859 1241.756 11289.99 60552.08 191916.8 362647.1 426138.4 367140.4 320481.5 293914.9 221940 130492.4 61186.76 21424.06 5087.907 785.5244 79.81307 5.550725 0.2727041 0.009460276 0.0002262581 3.637519e-06 3.858904e-08 
0.11491 4.828954 119.6566 1748.302 15063.61 76569.95 230103.8 413114.5 465407.4 395124.8 347243.1 311233.7 223937.3 124504.8 55004.33 18104.56 4040.155 586.5359 56.07317 3.666212 0.1688326 0.005469031 0.0001218257 1.823398e-06 1.803297e-08 
0.1803021 7.177287 168.4648 2331.615 19030.54 91649.29 261137.2 446108.2 485631.7 416032.1 378701.3 337808.8 236822.9 128630 55222.8 17407.07 3684.464 506.2419 45.87288 2.84563 0.1239995 0.003778626 7.868738e-05 1.095512e-06 1.004212e-08 
0.2922811 11.01753 244.8822 3209.456 24806.39 113144.5 305508.5 495957 518931.4 439787.2 400787 350339.9 240360.3 128949.3 54241.52 16446.09 3313.049 432.7916 37.42511 2.222086 0.09249707 0.002676044 5.255235e-05 6.861918e-07 5.872951e-09 
0.4626303 16.50973 347.4053 4310.598 31543.75 136241.1 348664.7 538663.7 545245.1 463884.8 426753.5 363314.7 239380.7 123176.2 49407.97 14181.74 2697.561 333.3454 27.37473 1.548103 0.06136033 0.001685557 3.132588e-05 3.85899e-07 3.105843e-09 
0.8888102 30.02437 598.039 7024.09 48654.89 198922.9 481892.6 704654 674439.5 540848.6 469092.7 380439.4 242349.6 121463.5 47016.25 12846.21 2310.378 269.8005 20.98119 1.125047 0.04222708 0.001095333 1.917226e-05 2.220121e-07 1.676886e-09 
1.517678 48.52603 914.8753 10170.93 66690.81 258190.8 593222.6 828727.4 778991.6 646598.4 575266.8 449794.7 266912.5 123043.7 43902.29 11150.44 1877.371 206.2745 15.14543 0.7676233 0.02718599 0.0006633375 1.089141e-05 1.180576e-07 8.332734e-10 
1.948311 58.96368 1052.22 11072.78 68737.55 252164.5 551293.3 746524.7 725371.8 682246.7 662332.8 524243.9 311896.4 144639.2 50892.95 12429.43 1985.545 206.2143 14.31228 0.6853629 0.0228733 0.0005240305 8.053207e-06 8.150674e-08 5.361236e-10 
3.327977 95.33671 1610.403 16041.08 94253.81 327199.3 676105.7 860560.3 771459.2 656549.1 595224.2 465491.8 286529.7 138223.8 48830.79 11584.7 1774.125 176.6717 11.80557 0.5443361 0.0173769 0.0003772205 5.449526e-06 5.15722e-08 3.160887e-10 
5.177319 140.4038 2245.176 21171.98 117790.3 387465.6 761287.8 935023.4 846404.8 759563 689409.4 505659.5 283249.6 124328.1 40844.08 9263.567 1396.254 140.8847 9.719419 0.4611414 0.01482268 0.0003160265 4.401051e-06 3.966467e-08 2.295891e-10 
7.120147 182.8138 2767.777 24712.25 130203.2 406002.7 759516.4 904361.6 834167.6 789593.7 724845.5 523907.8 289763.2 124330.5 38864.74 8170.325 1118.312 101.1041 6.260375 0.2725627 0.008307308 0.0001725783 2.373532e-06 2.11305e-08 1.198022e-10 
9.448024 229.701 3292.993 27841.67 138933.8 410658.4 730891.2 839969.7 774206.9 743061.7 672887.2 475942.5 259003.4 108376.9 32403.04 6419.652 820.3328 68.59928 3.880787 0.1523187 0.004149333 7.705614e-05 9.559098e-07 7.792997e-09 4.116157e-11 
#survey length counts 
7.158969e-06 0.0006634684 0.03625575 1.16821 22.195 248.6524 1642.879 6407.358 14820.54 20836.82 19944.38 17938.56 18727.88 18157.94 14980.28 11050.38 6992.448 3610.188 1521.719 519.9341 139.4337 28.13537 4.085247 0.40978 0.02747951 
3.392301e-06 0.0003032229 0.01598147 0.4966612 9.101237 98.35134 627.0885 2365.73 5359.029 7830.871 9480.311 12899.09 16800.92 16831.6 13514.71 9376.644 5384.409 2468.284 935.0467 296.7187 75.15519 14.26701 1.931815 0.1796523 0.01113052 
8.90451e-07 7.663523e-05 0.003888969 0.1163674 2.05322 21.3667 131.2852 479.075 1069.86 1670.508 2555.81 4429.957 6773.903 8446.317 8849.823 7253.387 4282.435 1837.718 615.622 169.5646 37.90188 6.5185 0.8128842 0.06993427 0.004002111 
4.879171e-05 0.004036547 0.1969069 5.663677 96.0557 960.5838 5664.186 19694.46 40386.06 48889.16 35125.08 15481.41 5199.419 2899.937 2988.919 2770.937 1903.855 969.8859 368.1973 103.1896 21.28077 3.227938 0.3543974 0.02724484 0.001412893 
4.131246e-05 0.003280393 0.1535882 4.240124 69.02317 662.5905 3752.596 12569.65 25222.54 32273.28 32989.65 36646.31 38212.85 27499.73 12351.28 3648.273 953.6214 342.4588 138.7081 44.14092 9.850433 1.500462 0.1545668 0.01069526 0.000492104 
0.0002181532 0.01660202 0.7449845 19.71155 307.5266 2829.049 15347.31 49120.16 92979.65 105437.4 76354.4 45141.97 32417.06 27483.24 21647.43 13450.55 5715.363 1539.788 265.6667 33.86968 4.234641 0.5410655 0.05459376 0.003711386 0.0001622567 
0.0003645681 0.02655482 1.140499 28.8825 431.2884 3797.703 19725.91 60542.99 110788.9 126379.4 107372.9 94958.58 86210.48 59934.59 29975.22 12192.1 4416.7 1336.252 305.1563 49.19488 5.400698 0.4095583 0.02328504 0.001078483 3.925624e-05 
0.0009364717 0.06520344 2.676908 64.80136 924.9679 7785.417 38650.92 113327.8 197610.6 212165.4 162674.6 125517.2 108393.7 82215.14 51122.55 25833.84 9609.963 2414.093 409.2809 50.46631 4.910189 0.3733716 0.02044401 0.0007574693 1.875511e-05 
0.001742884 0.1158606 4.541404 104.9622 1430.444 11495.78 54502.46 152772.6 256023.9 270870.8 222110 196312.3 175449.9 123821.9 68496.79 31436.25 11334.59 2955.505 545.0609 71.72422 6.717667 0.4427133 0.02048999 0.0006672427 1.507231e-05 
0.001795359 0.1138211 4.254828 93.78456 1218.949 9343.703 42278.73 113451.7 184832.3 203146.8 202782.8 224684.1 216900.2 156077.3 88115.77 40147.58 13544.55 3120.976 489.2591 54.94594 4.640229 0.2928645 0.01317345 0.0004035706 8.197239e-06 
0.003704727 0.2237568 7.968626 167.3322 2071.922 15128.99 65181.21 166156.6 254187.1 249679.8 199836.4 179929.5 165252.8 127705.7 81190.77 39750.9 13444.08 2977.058 436.3543 44.35947 3.267403 0.1761151 0.006824271 0.0001855889 3.456279e-06 
0.007535188 0.4331488 14.6814 293.4184 3457.858 24031.59 98559.34 239340.8 350054.8 333717.3 267971.7 238738.3 199337.3 128435 65545.78 27121.09 8392.895 1804.609 267.6154 28.03732 2.092952 0.1093807 0.003913517 9.461281e-05 1.534082e-06 
0.01154724 0.6311726 20.34256 386.5931 4332.224 28632.87 111730.4 258795.2 365398.6 353073 316408.1 310642.1 260346.5 162522.3 79520.78 30919.71 8716.215 1641.567 204.0319 17.46244 1.090516 0.05079122 0.001713469 3.994668e-05 6.200045e-07 
0.01774213 0.9213727 28.21323 509.404 5423.565 34058.7 126311.1 278428.7 376486.4 356711.2 325527.1 323720.1 273373.3 177969.6 92818.51 37240.88 10357.75 1879.039 222.4241 17.82481 1.006609 0.04059865 0.001154368 2.273105e-05 3.057348e-07 
0.02658455 1.310646 38.10041 653.0811 6601.224 39358.27 138638.8 290812.8 377478 353862.2 331330 328819.6 267685.9 166607.6 82873.64 31599.21 8348.116 1445.298 164.6882 12.8089 0.7019605 0.02713189 0.000723284 1.300025e-05 1.553017e-07 
0.04343415 2.03149 56.02561 911.0717 8736.601 49420.49 165199 329197.3 407878.7 370632 341635.7 329981.1 260062.3 158046.6 76706.78 28108.71 7040.798 1148.2 122.9578 8.990722 0.464571 0.01700805 0.00043107 7.369512e-06 8.336763e-08 
0.07184975 3.186214 83.3131 1284.539 11679.21 62646.08 198656.7 376347.6 447509.9 401700.2 374137.4 353944.4 266088.3 153069.3 70073.2 24160.34 5690.75 873.215 88.04539 6.05759 0.2936776 0.01004841 0.0002373636 3.779751e-06 3.987735e-08 
0.1117317 4.695391 116.3473 1699.962 14647.67 74470.01 224008 404067.6 464985.7 422868.1 409836.1 386421.1 282968.8 159080.6 70915.84 23464.84 5248.597 762.6966 72.92664 4.763808 0.2187713 0.007049841 0.0001558399 2.310218e-06 2.260589e-08 
0.1777813 7.076943 166.1098 2299.037 18765.28 90387.41 257761.6 442168.5 490185.2 443571.3 432908.6 400560 286874.1 159386.2 69797.64 22265.64 4745.235 655.8441 59.85851 3.744816 0.1644614 0.005037769 0.000105132 1.462991e-06 1.337665e-08 
0.2794099 10.53235 234.0989 3068.163 23715.6 108198.5 292541.2 477936.7 513810.3 469292.2 464196.5 418688.2 288032.2 153637.7 64259.09 19428.33 3911.789 511.5493 44.34795 2.643874 0.1106475 0.003221019 6.366688e-05 8.36525e-07 7.197941e-09 
0.5280342 18.84378 396.5196 4920.022 36003.84 155515.3 398122.8 616045.2 627719.1 543633.6 510005.6 439002.6 292000.3 151885.9 61442.93 17712.54 3374.599 417.1786 34.2596 1.937712 0.07685463 0.002114326 3.938834e-05 4.867901e-07 3.933255e-09 
0.912572 30.82709 614.0305 7212.07 49962.3 204374.1 496342.9 734382.1 737157 663931.4 639373.4 530654.6 329197.7 157639.6 58779.98 15747.5 2808.399 326.6719 25.33563 1.355224 0.05075805 0.001314542 2.298697e-05 2.660833e-07 2.010147e-09 
1.14828 36.71504 692.2072 7695.897 50475.82 195674.2 452451 650697.4 681230.2 702113.8 737218.8 617468 383386.1 184960.9 68242.13 17621.31 2984.728 328.3208 24.08005 1.217781 0.04301633 0.001046843 1.71451e-05 1.854127e-07 1.306019e-09 
1.984995 60.0739 1072.031 11281.21 70030.1 256882.2 561360.7 758706.3 732724.2 684588.8 672295.5 555189.7 356085.8 179222.7 66673.24 16762.39 2723.599 287.2544 20.2878 0.9887666 0.03345226 0.0007723268 1.190183e-05 1.204327e-07 7.908839e-10 
2.977689 85.3022 1440.921 14353.72 84363.16 293260.5 609849.9 798364.4 787287.6 784488.1 773501.8 600231.5 350932.5 160662.2 55484.73 13306.85 2122.969 226.4657 16.51436 0.8300343 0.02835968 0.0006446183 9.591871e-06 9.253955e-08 5.744266e-10 
3.935063 106.7154 1706.502 16093.67 89573.76 295220.8 585305.7 747118.8 761458.1 808139.8 805612.9 615231.3 355402.1 159560.2 52612.37 11725.45 1701.934 162.8029 10.64535 0.4898352 0.01583475 0.000350372 5.150446e-06 4.913812e-08 2.991753e-10 
5.109701 131.195 1986.315 17736.59 93491.47 292135.8 551759.6 683406.2 703803.5 761417.6 747981.1 558439.7 317697.7 139453.3 44077.17 9269.578 1257.392 111.3949 6.665156 0.2768549 0.008003916 0.0001582785 2.09702e-06 1.830474e-08 1.037588e-10 
8.177422 198.8105 2850.175 24098.86 120283.2 355897.9 636403.7 745392.4 723049.7 735836.9 685563 491348.9 270334.7 114124.2 34310.91 6822.112 874.5262 73.34519 4.153177 0.1623062 0.00436622 7.932699e-05 9.54612e-07 7.504314e-09 3.813333e-11 
