# Number of parameters = 77 Objective function value = 22984.0289651090  Maximum gradient component = 1616.51339945449
# srv_sel50:
0.999977666448
# srv_sel95:
1.00010566824
# stNatLen:
 10.2219493725 9.13766490652 7.85192413093 6.85160139654 6.12780107951 5.59234490923 5.18280343687 4.86179459129 4.60703363248 4.40455460850 4.24544060470 4.12380232465 4.03554257384 3.97796269242 3.94951234961
# log_avg_fmort_dir:
0.461733211617
# fmort_dir_dev:
 -0.476935448836 -0.454925358677 -0.588134707075 -0.397974621443 -0.586800920441 -0.182717676809 -0.0216773884395 -0.258919042769 -0.208172832998 -0.246206663421 0.0192310122623 -0.0333818504120 0.0103683153958 -0.00304204375872 0.167357318704 0.231684765491 0.185887017081 0.114834559306 0.264197880468 0.283939469467 0.289060654773 0.358937793284 0.368241793524 0.425841933902 0.352169164363 0.281501150093 0.281376209785 -0.175740482821
# mean_log_rec:
13.5661663551
# rec_dev:
 -2.85957277680 -2.26516162120 -1.74984108268 -1.20765584732 -1.29211561951 -1.44684494850 -0.876555169632 -0.338883317279 -0.0821502229906 0.0777240387437 0.293601463009 0.674360053615 0.740437544053 0.636506291167 0.497621723712 0.400262280706 0.397708638859 0.512787941867 0.553783498480 0.566960904211 0.630499487612 0.784900997249 0.870660314057 0.918445176583 0.883624568778 0.833593685044 0.922654220514 0.922647777642
# log_avg_NatM:
-1.07516900000
# m_dev:
 0.00000000000 0.00000000000 0.00000000000 0.00000000000 0.00000000000 0.00000000000 0.00000000000 0.00000000000 0.00000000000 0.00000000000 0.00000000000 0.00000000000 0.00000000000 0.00000000000 0.00000000000 0.00000000000 0.00000000000 0.00000000000 0.00000000000 0.00000000000 0.00000000000 0.00000000000 0.00000000000 0.00000000000 0.00000000000 0.00000000000 0.00000000000 0.00000000000
# log_avg_GrowthK:
-1.20372700000
# log_avg_Linf:
3.45755400000
# GrowthK_dev:
 0.00000000000 0.00000000000 0.00000000000 0.00000000000 0.00000000000 0.00000000000 0.00000000000 0.00000000000 0.00000000000 0.00000000000 0.00000000000 0.00000000000 0.00000000000 0.00000000000 0.00000000000 0.00000000000 0.00000000000 0.00000000000 0.00000000000 0.00000000000 0.00000000000 0.00000000000 0.00000000000 0.00000000000 0.00000000000 0.00000000000 0.00000000000 0.00000000000
# Linf_dev:
 0.00000000000 0.00000000000 0.00000000000 0.00000000000 0.00000000000 0.00000000000 0.00000000000 0.00000000000 0.00000000000 0.00000000000 0.00000000000 0.00000000000 0.00000000000 0.00000000000 0.00000000000 0.00000000000 0.00000000000 0.00000000000 0.00000000000 0.00000000000 0.00000000000 0.00000000000 0.00000000000 0.00000000000 0.00000000000 0.00000000000 0.00000000000 0.00000000000
# SelPars50:
1.04546252971
# SelPars95:
1.29985158294
# SelPars_dev50:
 0.00000000000 0.00000000000 0.00000000000 0.00000000000 0.00000000000 0.00000000000 0.00000000000 0.00000000000 0.00000000000 0.00000000000 0.00000000000 0.00000000000 0.00000000000 0.00000000000 0.00000000000 0.00000000000 0.00000000000 0.00000000000 0.00000000000 0.00000000000 0.00000000000 0.00000000000 0.00000000000 0.00000000000 0.00000000000 0.00000000000 0.00000000000 0.00000000000
# SelPars_dev95:
 0.00000000000 0.00000000000 0.00000000000 0.00000000000 0.00000000000 0.00000000000 0.00000000000 0.00000000000 0.00000000000 0.00000000000 0.00000000000 0.00000000000 0.00000000000 0.00000000000 0.00000000000 0.00000000000 0.00000000000 0.00000000000 0.00000000000 0.00000000000 0.00000000000 0.00000000000 0.00000000000 0.00000000000 0.00000000000 0.00000000000 0.00000000000 0.00000000000
