#Simulated generalized assessment 
# 
#start/end year 
69 96 
#number of ages 
15 
#ages 
1 2 3 4 5 6 7 8 9 10 11 12 13 14 15 
#Number of length bins 
25 
#CPUE years 
28 
#years for CPUE 
69 70 71 72 73 74 75 76 77 78 79 80 81 82 83 84 85 86 87 88 89 90 91 92 93 94 95 96 
#survey years 
28 
#years for survey 
69 70 71 72 73 74 75 76 77 78 79 80 81 82 83 84 85 86 87 88 89 90 91 92 93 94 95 96 
#length freq from catch years 
28 
#years for length freq catch 
69 70 71 72 73 74 75 76 77 78 79 80 81 82 83 84 85 86 87 88 89 90 91 92 93 94 95 96 
#catch length sample sizes 
200 200 200 200 200 200 200 200 200 200 200 200 200 200 200 200 200 200 200 200 200 200 200 200 200 200 200 200 
#length freq from survey years 
28 
#years for length freq survey 
69 70 71 72 73 74 75 76 77 78 79 80 81 82 83 84 85 86 87 88 89 90 91 92 93 94 95 96 
#survey sample sizes 
200 200 200 200 200 200 200 200 200 200 200 200 200 200 200 200 200 200 200 200 200 200 200 200 200 200 200 200 
#total survey biomass 
7797.182 10320.13 16628.76 25002.79 23567.6 27821.41 29536.91 24059.53 51571.69 65759.46 50712.01 93094.89 98215.91 94231.3 106413.8 99352.17 78717.7 77287.36 101120.3 71386.64 99664.11 105085.7 128591.6 114912.8 141485.5 74512.57 97418.9 80384.52 
#survey CV 
0.2 0.2 0.2 0.2 0.2 0.2 0.2 0.2 0.2 0.2 0.2 0.2 0.2 0.2 0.2 0.2 0.2 0.2 0.2 0.2 0.2 0.2 0.2 0.2 0.2 0.2 0.2 0.2 
#total CPUE 
5864.673 9441.985 11263.86 20478.3 30273.15 14919.09 29818.55 43100.98 57744 61368.99 61390.34 91719.54 114205.2 109131.9 119564.7 95685.22 85203.69 94461.98 101596.5 91096.76 110134.6 93153.46 126412.2 133649.8 183766.7 132432.7 123456.2 162088.6 
#CPUE CV 
0.2 0.2 0.2 0.2 0.2 0.2 0.2 0.2 0.2 0.2 0.2 0.2 0.2 0.2 0.2 0.2 0.2 0.2 0.2 0.2 0.2 0.2 0.2 0.2 0.2 0.2 0.2 0.2 
#total catch biomass 
5745.493 5678.851 6629.783 10596.87 14985.88 18626.03 21740.77 25890.31 26815.01 39275.74 52472.22 62140.21 77457.69 93699.34 108998 91035.44 79163.56 82282.37 94709.56 78230.77 75268.57 89996.71 95018.53 91859.21 108362.8 113668.7 115553.9 97602.83 
#catch CV 
0.05 0.05 0.05 0.05 0.05 0.05 0.05 0.05 0.05 0.05 0.05 0.05 0.05 0.05 0.05 0.05 0.05 0.05 0.05 0.05 0.05 0.05 0.05 0.05 0.05 0.05 0.05 0.05 
#Length Bins 
0.7268035 2.18041 3.634017 5.087624 6.541231 7.994838 9.448445 10.90205 12.35566 13.80927 15.26287 16.71648 18.17009 19.62369 21.0773 22.53091 23.98451 25.43812 26.89173 28.34534 29.79894 31.25255 32.70616 34.15976 35.61337 
#catch length counts 
1.319558e-37 1.83146e-29 3.072654e-22 6.231281e-16 1.527525e-10 4.526336e-06 0.0162126 7.019496 367.3725 2324.137 1793.767 1050.605 5758.957 4913.827 3771.934 3755.917 1675.076 674.5058 158.2184 20.68259 1.116321 0.0179436 6.407445e-05 4.125178e-08 4.192617e-12 
1.606254e-37 2.229375e-29 3.740239e-22 7.585129e-16 1.859405e-10 5.509757e-06 0.01973505 8.544597 447.1902 2829.097 2183.709 1224.692 6258.319 5091.979 4013.976 3676.851 1588.873 583.5891 122.9288 13.84268 0.607635 0.00750277 1.979999e-05 9.218199e-09 6.696214e-13 
4.006221e-37 5.560371e-29 9.328675e-22 1.891837e-15 4.637615e-10 1.37421e-05 0.04922197 21.31141 1115.355 7056.103 5420.64 1672.016 6716.763 5208.286 4213.822 3538.134 1466.903 488.0713 91.09377 8.656191 0.3055644 0.002889177 5.627057e-06 1.89126e-09 9.801516e-14 
7.01577e-37 9.737426e-29 1.633655e-21 3.31302e-15 8.121478e-10 2.406543e-05 0.08619844 37.32095 1953.23 12356.84 9512.3 3655.43 14859.57 10260.27 4794.157 3389.069 1338.257 399.4269 65.19068 5.145929 0.1435702 0.001030708 1.479552e-06 3.592083e-10 1.32847e-14 
6.508073e-37 9.032777e-29 1.515436e-21 3.073273e-15 7.533767e-10 2.232393e-05 0.07996069 34.62022 1811.884 11462.8 8876.401 5367.486 22674.13 15272.75 9593.564 5860.314 1371.889 312.0567 43.59177 2.813441 0.06110772 0.0003289658 3.458681e-07 6.058879e-11 1.600704e-15 
1.397646e-36 1.939841e-28 3.254485e-21 6.60003e-15 1.61792e-09 4.794192e-05 0.1717202 74.3489 3891.126 24616.67 18932.27 5857.22 19074.79 13509.46 13817.74 8323.443 2195.186 368.3468 31.27975 1.521517 0.0253116 0.0001010492 7.71467e-08 9.699961e-12 1.826932e-16 
1.430988e-36 1.986117e-28 3.332123e-21 6.757479e-15 1.656516e-09 4.908561e-05 0.1758167 76.12255 3983.951 25204.38 19510.88 10167.12 35888.31 21160.73 11784.17 6916.846 2496.122 432.1184 29.94613 0.8766596 0.00970519 2.79394e-05 1.535018e-08 1.376458e-12 1.83932e-17 
2.273322e-36 3.155221e-28 5.293538e-21 1.073519e-14 2.631605e-09 7.797928e-05 0.2793091 120.9312 6329.057 40040.34 30882.7 11448.42 34204.72 22027.36 20706.87 9676.708 2100.981 369.9325 28.43525 0.6770175 0.004651929 8.340582e-06 3.117354e-09 1.963595e-13 1.850276e-18 
2.380862e-36 3.304479e-28 5.543949e-21 1.124302e-14 2.756094e-09 8.166809e-05 0.2925218 126.6518 6628.454 41935.24 32519.44 16561.63 49658.8 27869.94 19621.37 9560.917 2689.124 335.1825 19.50589 0.4507873 0.002543493 2.990732e-06 6.861414e-10 2.780779e-14 1.773432e-19 
4.315432e-36 5.989535e-28 1.004869e-20 2.037854e-14 4.995559e-09 0.0001480275 0.5302106 229.5629 12014.41 76008.74 58647.11 19854.12 48872.62 29633.23 26825.92 10704.61 2324.575 300.9174 15.17238 0.2509347 0.001171895 1.119888e-06 1.822803e-10 4.751383e-15 1.910354e-20 
6.504166e-36 9.027353e-28 1.514526e-20 3.071428e-14 7.529244e-09 0.0002231053 0.7991268 345.9943 18107.97 114561 88657.35 34830.57 82523.91 41243.85 25869.32 10266.42 2364.86 236.5894 10.00794 0.1397264 0.0004743337 3.371021e-07 4.261512e-11 8.338193e-16 2.35174e-21 
5.380967e-36 7.468427e-28 1.252984e-20 2.541025e-14 6.229025e-09 0.0001845774 0.6611262 286.2448 14980.92 94782.78 74277.13 48502.35 118512.6 60235.71 40537.41 12254.69 1985.783 183.0692 6.448219 0.06909759 0.0001840402 9.651546e-08 8.691441e-12 1.237769e-16 2.592739e-22 
1.160383e-35 1.610535e-27 2.702006e-20 5.479613e-14 1.343263e-08 0.0003980333 1.425691 617.2748 32305.71 204384.5 157981.8 50350.52 94469.6 60738.33 53940.4 15558.79 2282.266 146.4119 3.846354 0.03282375 6.536963e-05 2.541287e-08 1.683447e-12 1.717065e-17 2.539534e-23 
1.202305e-35 1.66872e-27 2.799625e-20 5.677583e-14 1.391793e-08 0.0004124136 1.477198 639.5759 33472.88 211786.1 166343.5 100128 201401.2 84881.86 44198.38 14595.12 2556.827 146.8799 2.840579 0.01663345 2.42255e-05 6.920454e-09 3.311149e-13 2.433697e-18 2.588653e-24 
1.074319e-35 1.491083e-27 2.501602e-20 5.073198e-14 1.243635e-08 0.0003685117 1.319949 571.4924 29909.66 189253.4 150041.8 107405.9 206860.8 119111 82156.18 17035.88 1936.091 116.7755 2.157236 0.009592606 9.483876e-06 1.854871e-09 6.284005e-14 3.29907e-19 2.497782e-25 
7.177284e-36 9.961597e-28 1.671265e-20 3.389291e-14 8.308448e-09 0.0002461945 0.8818287 381.8014 19982 126454.6 102377.3 100248.5 185631.2 118087.3 84056.78 21388.92 2527.453 95.96988 1.375208 0.005509669 4.350321e-06 6.011114e-10 1.373608e-14 4.897122e-20 2.570245e-26 
1.20792e-35 1.676514e-27 2.812699e-20 5.704098e-14 1.398292e-08 0.0004143396 1.484097 642.5628 33629.21 212784.5 167128.7 79550.68 123512 97053.49 70149.36 18088.73 2246.503 88.98929 0.9741098 0.002668438 1.645896e-06 1.824653e-10 3.139217e-15 7.905768e-21 2.833585e-27 
7.866423e-36 1.091808e-27 1.831734e-20 3.714719e-14 9.106197e-09 0.0002698333 0.9664989 418.4607 21900.65 138631.4 114906 127611.3 195898.5 88889.27 47601.36 13571.06 1697.406 66.5739 0.7045159 0.001599253 6.934233e-07 5.377755e-11 6.877398e-16 1.317382e-21 3.526635e-28 
1.348997e-35 1.87232e-27 3.141204e-20 6.370299e-14 1.561604e-08 0.0004627318 1.65743 717.61 37556.93 237664.3 188509.2 98319.42 135518.1 112222.5 61243.95 10184.71 993.1848 37.95704 0.3745198 0.0007647318 2.785222e-07 1.635591e-11 1.467985e-16 1.948449e-22 3.704871e-29 
9.084389e-36 1.260853e-27 2.115343e-20 4.289873e-14 1.051612e-08 0.0003116118 1.116143 483.2514 25291.66 160154.9 136076.5 159287.9 206822.9 93458.75 44130.56 10054.49 796.3097 19.77946 0.159389 0.0002837089 8.78515e-08 4.251885e-12 3.01517e-17 3.002788e-23 4.091766e-30 
1.238175e-35 1.718506e-27 2.88315e-20 5.846969e-14 1.433316e-08 0.0004247177 1.52127 658.6572 34471.7 218211 177604.4 121770 154683.9 125287 53437.56 7392.326 538.2048 12.62233 0.07105157 8.982171e-05 2.187043e-08 8.543991e-13 4.844481e-18 3.797094e-24 3.997168e-31 
1.611411e-35 2.236532e-27 3.752246e-20 7.609479e-14 1.865374e-08 0.0005527445 1.979841 857.2028 44862.97 284050.5 234270.8 172236.2 185388.9 96841.2 40970.41 7277.554 407.8417 6.832678 0.03220207 3.084697e-05 5.188218e-09 1.43787e-13 6.084166e-19 3.649342e-25 2.952297e-32 
1.372249e-35 1.904591e-27 3.195347e-20 6.480099e-14 1.58852e-08 0.0004707075 1.685998 729.979 38204.92 242086.3 210762.6 224215 235926.1 121755.2 38890.84 4899.824 268.9296 4.083955 0.01389184 9.811235e-06 1.252093e-09 2.511227e-14 7.385973e-20 3.082357e-26 1.775825e-33 
1.926683e-35 2.674108e-27 4.486372e-20 9.098271e-14 2.230334e-08 0.0006608888 2.367196 1024.914 53640.82 339777.3 285276.4 211290.3 218987.1 144736.4 43934.91 4597.051 178.4613 2.12717 0.006175599 3.355743e-06 3.054162e-10 4.400567e-15 9.437696e-21 2.843112e-27 1.157482e-34 
2.241591e-35 3.11118e-27 5.21965e-20 1.058534e-13 2.594873e-08 0.0007689082 2.754104 1192.433 62408.92 395585.5 343459 298910.8 266860.7 129471.6 37833.61 4183.415 137.6112 1.181059 0.00244261 1.017649e-06 7.186613e-11 7.674745e-16 1.173118e-21 2.495678e-28 7.226894e-36 
2.145894e-35 2.978359e-27 4.996815e-20 1.013344e-13 2.484094e-08 0.0007360824 2.636527 1141.526 59745.84 379120.4 345143.4 359082.6 322009.9 163425.5 37636.98 3200.725 96.16726 0.7229964 0.001121704 3.254482e-07 1.623752e-11 1.27147e-16 1.44702e-22 2.268779e-29 4.744257e-37 
1.844896e-35 2.560594e-27 4.295927e-20 8.712054e-14 2.135658e-08 0.0006328344 2.26671 981.4085 51366.92 326354.7 309762.9 353807.5 324248.8 176811.1 38385.31 2806.568 62.68784 0.3675953 0.0004686828 1.058929e-07 3.812775e-12 2.07442e-17 1.64088e-23 1.819993e-30 2.739676e-38 
1.620516e-35 2.24917e-27 3.773449e-20 7.652478e-14 1.875915e-08 0.0005558679 1.991028 862.0477 45119.49 286632.3 270808.4 306179.6 295075.1 167667.2 37438.17 2762.454 56.26701 0.2709583 0.0002753624 5.164204e-08 1.579825e-12 7.178196e-18 4.586084e-24 3.999406e-31 4.674382e-39 
#survey length counts 
5.289519e-37 7.341503e-29 1.231689e-21 2.497841e-15 6.123164e-10 1.814406e-05 0.06498906 28.13802 1472.632 9316.328 7148.467 1959.836 8459.163 7158.542 5072.38 4971.501 2157.171 843.3191 189.8038 23.90905 1.237616 0.01901391 6.509214e-05 4.04331e-08 3.989735e-12 
1.094465e-36 1.519045e-28 2.548513e-21 5.168334e-15 1.266956e-09 3.754223e-05 0.1344702 58.22094 3047.052 19276.56 14768.92 2776.972 8649.522 6981.557 5192.965 4694.604 1964.949 700.0388 140.7304 15.09326 0.6344003 0.007523623 1.910611e-05 8.592581e-09 6.058834e-13 
1.590668e-36 2.207742e-28 3.703945e-21 7.511525e-15 1.841362e-09 5.456292e-05 0.1954355 84.61683 4428.508 28016.13 21491.56 5171.386 18259.73 13310.11 5838.236 4403.877 1765.696 567.6615 100.6202 9.049183 0.3033295 0.002750579 5.172489e-06 1.684956e-09 8.491094e-14 
1.265451e-36 1.756362e-28 2.946662e-21 5.975771e-15 1.46489e-09 4.340736e-05 0.1554781 67.31666 3523.086 22288.32 17158.6 6639.658 27059.52 19157.11 11458.03 7683.82 1846.952 445.5492 68.0911 5.053727 0.1330221 0.0009101908 1.258772e-06 2.966188e-10 1.069342e-14 
2.319212e-36 3.218914e-28 5.400396e-21 1.095189e-14 2.684728e-09 7.95534e-05 0.2849473 123.3724 6456.818 40847.92 31343.84 7296.949 21994.28 16108.92 16075.64 10667.62 2917.217 540.3478 49.74901 2.775907 0.05638473 0.0002877429 2.900043e-07 4.915788e-11 1.26515e-15 
2.123417e-36 2.947163e-28 4.944478e-21 1.00273e-14 2.458075e-09 7.283726e-05 0.2608912 112.9569 5911.714 37399.86 28831.35 11487.86 40866.39 25436.64 13784.85 8694.553 3288.442 638.1838 49.69585 1.681801 0.0225684 8.326072e-05 6.057115e-08 7.336469e-12 1.341233e-16 
3.005254e-36 4.171095e-28 6.997877e-21 1.419155e-14 3.478892e-09 0.0001030859 0.3692371 159.8669 8366.798 52931.52 40728.07 12623.94 38127.63 25392.43 23909.89 12396.13 2782.831 535.2005 47.34378 1.343926 0.01132331 2.588722e-05 1.279885e-08 1.090245e-12 1.40692e-17 
2.865336e-36 3.976898e-28 6.672071e-21 1.353083e-14 3.316923e-09 9.828649e-05 0.3520462 152.4239 7977.258 50467.89 39014.4 17340.47 54540.17 32012.24 22542.17 11909.77 3574.656 500.9608 32.6558 0.9074962 0.006426384 9.729888e-06 2.947521e-09 1.612681e-13 1.409005e-18 
4.771977e-36 6.623189e-28 1.111177e-20 2.253445e-14 5.524056e-09 0.0001636879 0.5863034 253.8491 13285.45 84049.35 64750.63 20328.65 52715.74 32897.1 30585.32 13445.5 3076.104 445.7409 26.09871 0.5167257 0.003027268 3.768029e-06 8.149387e-10 2.866017e-14 1.575559e-19 
6.75435e-36 9.374593e-28 1.572782e-20 3.189571e-14 7.818858e-09 0.0002316871 0.8298654 359.3031 18804.49 118966.5 91920.73 34621.46 88086.4 46037.41 29426.65 12674.79 3158.892 357.313 17.42497 0.2965651 0.001271612 1.176609e-06 1.984438e-10 5.255492e-15 2.02523e-20 
5.32497e-36 7.390707e-28 1.239944e-20 2.514582e-14 6.164203e-09 0.0001826566 0.6542462 283.266 14825.02 93794.77 73321.37 47194.88 125355.4 66084.71 46241.83 15466.44 2675.553 278.7455 11.54072 0.1509786 0.0005112802 3.51327e-07 4.227913e-11 8.165211e-16 2.342416e-21 
1.15178e-35 1.598595e-27 2.681975e-20 5.438991e-14 1.333305e-08 0.0003950826 1.415122 612.6987 32066.22 202867.5 156634.6 49265.43 100060.9 65075.03 62014 19755.72 3167.45 232.1215 7.112196 0.07477719 0.000190403 9.726115e-08 8.637503e-12 1.19669e-16 2.426273e-22 
1.172861e-35 1.627854e-27 2.731063e-20 5.53854e-14 1.357708e-08 0.0004023137 1.441022 623.9129 32653.13 206594.8 161860.8 97044.34 213283.6 93839.74 50775.82 18115.42 3567.336 238.126 5.465852 0.0394149 7.34861e-05 2.768869e-08 1.779846e-12 1.779866e-17 2.598383e-23 
1.042859e-35 1.44742e-27 2.428347e-20 4.924639e-14 1.207217e-08 0.0003577206 1.281297 554.7573 29033.81 183705.3 145188 104350.6 219332.7 128278.8 96465.25 22249.23 2738.744 191.2507 4.295793 0.02388837 3.03477e-05 7.827626e-09 3.567237e-13 2.551637e-18 2.654003e-24 
6.857875e-36 9.518279e-28 1.596889e-20 3.238458e-14 7.938699e-09 0.0002352382 0.8425849 364.8102 19092.74 120820.3 97385.99 96849.51 195626.6 125705.4 98101.65 27348.97 3689.324 163.0651 2.79002 0.01412208 1.450389e-05 2.655093e-09 8.165203e-14 3.967333e-19 2.863345e-25 
1.15546e-35 1.603702e-27 2.690543e-20 5.456368e-14 1.337564e-08 0.0003963448 1.419643 614.6562 32168.69 203537.5 159553.4 77268.49 130552 103210.3 82835.83 23309.76 3310.597 155.5249 2.085378 0.007180208 5.758882e-06 8.509448e-10 1.977316e-14 6.788929e-20 3.343504e-26 
7.414314e-36 1.029058e-27 1.726458e-20 3.501222e-14 8.582834e-09 0.0002543251 0.910951 394.4104 20641.93 130651.9 107742.6 123592.5 208072.3 96819.4 55824.01 17377.25 2512.42 117.2387 1.539145 0.004467972 2.532073e-06 2.61632e-10 4.529568e-15 1.186332e-20 4.367967e-27 
1.261085e-35 1.750303e-27 2.936496e-20 5.955154e-14 1.459836e-08 0.0004325761 1.549417 670.8441 35109.37 222166.3 175845.5 94781.06 141744.5 119653 74039.52 13521.68 1483.747 67.9117 0.8383412 0.002207963 1.060925e-06 8.345215e-11 1.014964e-15 1.843289e-21 4.831918e-28 
8.430237e-36 1.170061e-27 1.963021e-20 3.980966e-14 9.75887e-09 0.0002891732 1.035771 448.4532 23470.4 148601.9 125605.5 154230.5 219470 101927.2 52413.51 13342.97 1244.06 36.58737 0.3668005 0.0008477028 3.485084e-07 2.271544e-11 2.190748e-16 2.988324e-22 5.609253e-29 
1.139222e-35 1.581165e-27 2.652733e-20 5.379689e-14 1.318767e-08 0.0003907749 1.399692 606.0184 31716.73 200754.8 162948.7 117246.6 160682.6 134967.4 65602.38 10027.01 842.3982 24.12555 0.1706772 0.0002788954 9.034162e-08 4.773782e-12 3.695183e-17 3.97853e-23 5.779268e-30 
1.470588e-35 2.04108e-27 3.424335e-20 6.944482e-14 1.702358e-08 0.0005044398 1.806821 782.2913 40942.29 259198.3 213168.7 165775.9 194905.1 105283 49287.15 9953.589 662.9208 13.39478 0.07988613 0.0001000082 2.240144e-08 8.402074e-13 4.867337e-18 4.023486e-24 4.503572e-31 
1.250814e-35 1.736048e-27 2.91258e-20 5.906654e-14 1.447947e-08 0.0004290531 1.536798 665.3807 34823.89 220616.6 191288.2 217178.1 248405.3 134247.6 48358.97 6814.615 442.4722 8.31946 0.0360076 3.323536e-05 5.674662e-09 1.543777e-13 6.216699e-19 3.579085e-25 2.860429e-32 
1.745093e-35 2.422074e-27 4.063532e-20 8.240762e-14 2.020126e-08 0.0005986002 2.144089 928.3165 48585.02 307704.1 257703.3 203697 227206.7 159532.8 55108.71 6567.675 302.7924 4.438674 0.01655134 1.185159e-05 1.445397e-09 2.829468e-14 8.325248e-20 3.461463e-26 1.953183e-33 
2.030786e-35 2.818597e-27 4.728781e-20 9.589872e-14 2.350844e-08 0.0006965981 2.495101 1080.293 56539.49 358298 310232.3 290298.6 281307.8 144409.4 47466.76 6080.146 241.6717 2.572339 0.006825464 3.755627e-06 3.570319e-10 5.190345e-15 1.088705e-20 3.199213e-27 1.285996e-34 
1.92952e-35 2.678046e-27 4.492978e-20 9.111669e-14 2.233618e-08 0.000661862 2.370682 1026.424 53721.03 340770 309350.9 347981.6 336319.6 183713.1 48176.26 4708.893 171.3157 1.621153 0.003254279 1.249019e-06 8.397639e-11 8.975251e-16 1.405111e-21 3.045214e-28 8.833375e-36 
1.655169e-35 2.297265e-27 3.854138e-20 7.816115e-14 1.916029e-08 0.0005677543 2.033604 880.481 46083.67 292648.4 277057.5 343234.1 336635.2 199957.8 49641.15 4243.122 115.2404 0.8499603 0.001411277 4.242904e-07 2.062166e-11 1.531563e-16 1.668193e-22 2.563287e-29 5.366065e-37 
1.455095e-35 2.019575e-27 3.388257e-20 6.871317e-14 1.684422e-08 0.0004991252 1.787785 774.0504 40514.11 257514.6 249266.9 307501.4 300558.1 182138.8 43851.61 3596.118 83.50018 0.469642 0.0005693497 1.293507e-07 4.837751e-12 2.701899e-17 2.13118e-23 2.303854e-30 3.349673e-38 
1.761283e-35 2.444545e-27 4.101231e-20 8.317214e-14 2.038867e-08 0.0006041536 2.16398 936.9296 49038.15 311294.3 284114.7 277544.5 267548.6 157599.9 37825.5 3098.712 70.09158 0.363084 0.0003725708 6.768651e-08 2.007657e-12 9.069629e-18 5.889576e-24 5.256152e-31 6.247215e-39 
