#Simulated generalized assessment 
# 
#start/end year 
73 100 
#number of ages 
15 
#ages 
1 2 3 4 5 6 7 8 9 10 11 12 13 14 15 
#Number of length bins 
25 
#CPUE years 
28 
#years for CPUE 
73 74 75 76 77 78 79 80 81 82 83 84 85 86 87 88 89 90 91 92 93 94 95 96 97 98 99 100 
#survey years 
28 
#years for survey 
73 74 75 76 77 78 79 80 81 82 83 84 85 86 87 88 89 90 91 92 93 94 95 96 97 98 99 100 
#length freq from catch years 
28 
#years for length freq catch 
73 74 75 76 77 78 79 80 81 82 83 84 85 86 87 88 89 90 91 92 93 94 95 96 97 98 99 100 
#catch length sample sizes 
200 200 200 200 200 200 200 200 200 200 200 200 200 200 200 200 200 200 200 200 200 200 200 200 200 200 200 200 
#length freq from survey years 
28 
#years for length freq survey 
73 74 75 76 77 78 79 80 81 82 83 84 85 86 87 88 89 90 91 92 93 94 95 96 97 98 99 100 
#survey sample sizes 
200 200 200 200 200 200 200 200 200 200 200 200 200 200 200 200 200 200 200 200 200 200 200 200 200 200 200 200 
#total survey biomass 
58453.41 81874 37307.43 97689.65 116894.6 158273.6 205712.2 206578.9 379016.1 288853.9 350923.2 469778.6 435693.9 324784.6 546884.7 500505.4 342904.2 609326.1 547641.8 394960.8 482394.5 362826.7 349678.8 612652.3 432484.3 219397.9 555708 667027.9 
#survey CV 
0.2 0.2 0.2 0.2 0.2 0.2 0.2 0.2 0.2 0.2 0.2 0.2 0.2 0.2 0.2 0.2 0.2 0.2 0.2 0.2 0.2 0.2 0.2 0.2 0.2 0.2 0.2 0.2 
#total CPUE 
65253.59 54891.79 32936.44 59712.96 80060.48 136803.7 201052.7 222446.6 441115.8 200431.6 371022.9 383413.7 423498.4 336604.6 293502.3 457761 560809.2 321422.6 384971.1 396635.4 456665.6 391375.9 567858 342194.3 428013.6 474955.1 439990.5 486743.3 
#CPUE CV 
0.2 0.2 0.2 0.2 0.2 0.2 0.2 0.2 0.2 0.2 0.2 0.2 0.2 0.2 0.2 0.2 0.2 0.2 0.2 0.2 0.2 0.2 0.2 0.2 0.2 0.2 0.2 0.2 
#total catch biomass 
16491.9 13724.15 14200.52 9320.631 17539.16 29540.62 48438.16 75928.68 83894.29 122043.1 114856.9 153259.1 169436.3 133892.5 218052.3 217472.4 219194.7 130838.2 152167.1 185049.7 187765.7 215126.4 166836.8 198910.6 198835.2 226565 201051.5 229559.1 
#catch CV 
0.1 0.1 0.1 0.1 0.1 0.1 0.1 0.1 0.1 0.1 0.1 0.1 0.1 0.1 0.1 0.1 0.1 0.1 0.1 0.1 0.1 0.1 0.1 0.1 0.1 0.1 0.1 0.1 
#Length Bins 
0.6062379 1.818714 3.03119 4.243665 5.456141 6.668617 7.881093 9.093569 10.30604 11.51852 12.731 13.94347 15.15595 16.36842 17.5809 18.79338 20.00585 21.21833 22.4308 23.64328 24.85575 26.06823 27.28071 28.49318 29.70566 
#catch length counts 
1.872249e-06 8.806158e-05 0.002868108 0.06468312 1.010121 10.92307 81.79268 424.1483 1523.687 3796.718 6595.717 8146.251 7662.799 6557.001 6211.41 6213.927 5810.578 5143.012 4510.193 3885.392 3211.878 2500.471 1773.917 1092.672 555.0005 
1.822177e-06 8.570644e-05 0.002791403 0.06295322 0.983106 10.63095 79.60543 412.8096 1483.005 3695.845 6423.878 7949.967 7528.619 6542.265 6297.73 6322.068 5860.047 5107.299 4417.048 3775.144 3107.063 2406.901 1695.552 1036.447 523.081 
2.72367e-07 1.281083e-05 0.0004172408 0.009409875 0.1469511 1.589171 11.90267 61.78195 222.7812 563.4094 1035.345 1545.032 2302.89 3699.414 5421.728 6419.649 6269.79 5568.238 4832.187 4096.905 3330.206 2551.911 1782.965 1082.262 542.6811 
4.408592e-10 2.073639e-08 6.754348e-07 1.523851e-05 0.0002383279 0.002592497 0.01986812 0.1124104 0.5377435 2.665918 13.75347 60.73641 203.7266 514.4873 1036.722 1806.515 2805.37 3744.286 4165.384 3933.384 3300.424 2530.537 1752.317 1053.468 524.0597 
7.235184e-06 0.0003403082 0.01108361 0.2499635 3.903533 42.21097 316.0669 1638.773 5883.624 14627.07 25180.02 30015.41 24777 14172.61 5658.776 1717.71 762.7192 1011.576 1621.91 2164.271 2333.079 2056.974 1506.857 917.728 455.2562 
6.59231e-06 0.0003100705 0.01009879 0.2277535 3.556703 38.46099 288.0017 1493.544 5366.284 13381.14 23310.18 29088.3 28278.6 25853.82 25467.93 23573.42 17025.54 8943.697 3644.237 1744.801 1556.066 1628.339 1409.739 950.6679 494.9059 
1.377938e-05 0.0006481154 0.02110869 0.4760545 7.434271 80.39105 601.961 3121.304 11209.15 27894.81 48212.85 58387.5 51228.78 36346.39 26218.48 22133.48 19548.72 16171.4 11738.97 6987.29 3408.837 1637.876 992.5249 659.3392 368.1817 
1.766159e-05 0.0008307162 0.02705588 0.6101787 9.528819 103.0409 771.5686 4000.918 14370.29 35784.23 62003.42 75815.68 68849.56 53712.02 44362.91 38888.8 30916.05 21697.04 14754 10080.58 6367.124 3428.135 1583.096 687.8901 297.9164 
2.28497e-05 0.00107474 0.03500357 0.789419 12.32791 133.3089 998.2097 5176.032 18589.31 46273.51 80064.08 97363.61 86711.32 64169.17 49199.13 41821.58 34258.82 25516.24 17836.75 11770.33 7187.224 4000.391 1973.122 834.0093 300.2539 
2.926086e-05 0.00137629 0.04482485 1.010914 15.78688 170.7131 1278.299 6628.562 23808.53 59290.89 102760.8 125782.3 114650.9 90384.32 75977.41 67902.79 55252.91 39712.23 26983.82 17841.48 11073 6209.235 3066.739 1299.816 459.9667 
3.24298e-05 0.001525342 0.04967938 1.120396 17.49659 189.2011 1416.732 7346.311 26385.22 65694.57 113770.1 138838.8 125222.1 96036.77 77922.35 69032.85 57736.45 43760.06 31236.93 21009.83 12942.17 7196.829 3556.861 1514.593 536.2034 
4.161246e-05 0.00195725 0.06374634 1.437641 22.45084 242.7742 1817.883 9426.384 33855.33 84286.51 145917.5 177832.3 159618.3 120739.5 95736.98 83011.66 68065.33 50611.8 35964.38 24703.22 15759.12 9013.53 4509.048 1923.428 680.5178 
5.350152e-05 0.002516454 0.08195924 1.848388 28.86524 312.1369 2337.266 12119.52 43527.12 108358.2 187540.7 228323.4 204172.8 152793.1 118999.9 101531.1 81993.66 59659.31 41247.34 27694.1 17520.03 10114.45 5167.577 2252.607 808.7949 
5.034706e-05 0.002368083 0.07712692 1.739407 27.16334 293.7333 2199.463 11405 40961.41 101975.8 176527.4 215069.9 192816.4 145319.5 114343.8 97950.86 78602.05 56243.94 37931.95 24769.9 15253.44 8621.075 4363.806 1909.854 694.4584 
5.157233e-05 0.002425714 0.07900391 1.781738 27.82441 300.882 2252.997 11682.71 41960.45 104479.2 180971.6 221007 199825.7 154186.3 125797.9 110616 89965.18 64971.59 44001.08 28532.99 17234.53 9484.215 4676.361 2008.001 723.7063 
5.682718e-05 0.002672877 0.08705385 1.963285 30.65951 331.5394 2482.552 12872.89 46233.09 115096.9 199219.7 242618.6 217208.9 163123 127909.2 110068.9 89907.82 66359.43 46210.95 30603.43 18647.91 10221 4963.244 2085.556 735.767 
6.202446e-05 0.002917332 0.09501558 2.142842 33.46355 361.8611 2709.598 14050.18 50460.94 125618.3 217405.1 264641.5 236514.4 176685.4 137123.2 116420.7 93305.61 67059.85 45638.79 30104.82 18597.75 10380.24 5095.197 2138.966 746.5633 
4.081283e-05 0.001919639 0.06252138 1.410016 22.01942 238.1091 1782.952 9245.275 33205.18 82670.91 143141.2 174545.1 156969.4 119319.5 95101.74 82089.22 65853.97 46824.1 31225.71 20091.04 12147.09 6708.101 3299.335 1396.79 490.7458 
4.82402e-05 0.002268986 0.0738994 1.666619 26.02665 281.4417 2107.429 10927.87 39249.26 97727.84 169273 206700.1 186828.6 144051.5 117493.3 103549.5 84760.69 61862.93 42319.32 27514.77 16504.16 8947.028 4319.62 1808.056 633.3094 
4.928293e-05 0.002318031 0.07549676 1.702643 26.58922 287.5252 2152.981 11164.07 40097.48 99838.54 172920.1 211112.6 190688.9 146783.7 119530.3 105537.8 87072.55 64588.46 45250.29 30211.67 18552.59 10199.94 4927.912 2042.967 706.6558 
4.396557e-05 0.002067928 0.06735108 1.518937 23.72039 256.5028 1920.687 9959.55 35771.51 89069.75 154285.2 188439.9 170460 131733.7 107885.1 95561.49 78870.14 58518.86 41175.09 27825.23 17434.1 9819.669 4848.15 2037.477 707.5246 
5.510573e-05 0.002591908 0.08441675 1.903811 29.73075 321.4963 2407.352 12483.01 44833.56 111620.2 193252.5 235590.1 211687.8 160620.6 128019.4 111525.2 91784.51 68381.11 48400.62 32888.12 20755.54 11835.78 5948.772 2550.603 901.5161 
4.859604e-05 0.002285724 0.07444452 1.678912 26.21863 283.5176 2122.97 11008.39 39537.54 98436.43 170437.4 207825.2 186888.7 142075.5 113394.2 98380.09 79918.46 58242.45 40297.81 27049.74 17058.08 9785.204 4966.79 2157.704 774.5586 
5.475539e-05 0.00257543 0.08388005 1.891708 29.54173 319.4521 2392.041 12403.52 44546.74 110892.9 191903.3 233519.9 208450.7 155219.4 119958.2 101862.5 82218.77 59834.73 41179.97 27273.19 16894.51 9553.155 4822.156 2101.097 760.6767 
5.580193e-05 0.002624654 0.08548325 1.927864 30.10637 325.5581 2437.77 12640.8 45401.17 113042.1 195774 238944.1 215588.7 165367 133626.9 116449.6 93853.49 67036.33 45047.66 29299.53 17922.54 10005.89 4981.242 2146.212 772.8555 
5.340793e-05 0.002512052 0.08181588 1.845155 28.81475 311.5909 2333.179 12098.35 43451.39 108172.6 187240.1 228054.5 204249.6 153547.1 120543.4 103666.6 84352.23 61764.07 42529.16 27850.27 16843.8 9227.04 4510.096 1913.637 680.65 
5.295612e-05 0.002490801 0.08112374 1.829546 28.57099 308.9552 2313.45 11996.18 43086.34 107282.6 185827.6 226937.8 205188.9 158322.2 129154.1 113527.9 92320.74 66806.73 45599.9 30002.35 18393.81 10172.39 4960.544 2079.531 728.3191 
5.59764e-05 0.00263286 0.08575053 1.933892 30.2005 326.5762 2445.398 12680.45 45544.89 113413 196505.9 240261 218154.8 170320.3 141603.9 126740.1 105097.7 78035.64 54563.33 36303.86 22285.45 12340.48 6045.913 2544.314 889.7765 
#survey length counts 
9.308667e-06 0.0004378348 0.01425999 0.321599 5.022235 54.30859 406.6659 2108.82 7575.507 18875.58 32783.85 40457.1 37946.82 32236.66 30229.28 29943.18 27654.82 24097.57 20851.38 17828.52 14677.08 11371.31 8011.218 4897.266 2471.643 
1.239387e-06 5.829481e-05 0.001898626 0.04281898 0.6686897 7.231363 54.16079 281.1035 1013.308 2559.382 4681.329 6888.471 10010.21 15750.9 22891.29 27045.87 26412.14 23470.42 20380.7 17286.8 14055.26 10772.04 7526.823 4568.996 2291.097 
1.86259e-09 8.760921e-08 2.853626e-06 6.437899e-05 0.001006767 0.01094673 0.08375242 0.471038 2.216448 10.7141 54.32679 238.3913 798.2873 2015.572 4062.963 7084.099 11007.11 14696.36 16352.96 15445.02 12961.73 9939.401 6883.271 4138.314 2058.702 
3.103783e-05 0.00145987 0.047547 1.072305 16.74556 181.0786 1355.879 7030.086 25239.85 62747.87 108018.4 128761.4 106288.9 60794.52 24258.58 7313.166 3128.235 4043.151 6465.606 8627.028 9300.421 8200.184 6007.374 3658.812 1815.06 
2.232523e-05 0.001050071 0.03420014 0.7712999 12.04497 130.2502 975.3298 5057.884 18172.01 45303.95 78858.86 98119.15 94488.32 84652.36 81684.69 74862.71 53901.92 28293.53 11530.56 5528.155 4936.345 5167.083 4473.625 3016.872 1570.564 
4.355856e-05 0.002048785 0.06672757 1.504876 23.50078 254.1274 1902.881 9866.829 35432.93 88171.9 152355.9 184325.3 161129.2 113014.5 79767.76 66138.11 58039.86 47967.33 34829.3 20737.14 10119.16 4863.52 2948.096 1958.685 1093.786 
5.020334e-05 0.002361323 0.07690674 1.734442 27.0858 292.895 2193.19 11372.58 40846.43 101704 176155.5 215080.1 194301.8 149467.5 120962.9 104669.3 82858.52 58121.41 39548.45 27039.19 17084.71 9200.211 4249.088 1846.505 799.7572 
7.019926e-05 0.003301835 0.1075386 2.425268 37.87403 409.5539 3066.713 15901.79 57108.88 142147.1 245870.4 298629.3 264773.2 193416.3 145124.1 121432.6 98930.47 73626.05 51491.39 33996.5 20766.18 11560.92 5702.974 2410.749 867.9425 
7.623064e-05 0.003585522 0.1167781 2.633642 41.12811 444.743 3330.228 17268.65 62024.24 154445.8 267581.1 327062.3 296627.7 230748.3 190345 168141.6 136318.5 97946.21 66596.08 44060.7 27356.01 15343.32 7579.035 3212.57 1136.888 
8.478113e-05 0.003987696 0.1298766 2.929047 45.74128 494.6276 3703.752 19205.3 68976.86 171726.1 297298.4 362347.8 325332.2 246394.9 196146 171599.7 142946.6 108305.3 77356.37 52058.04 32079.03 17842.17 8819.248 3755.738 1329.687 
9.979035e-05 0.004693657 0.1528693 3.44759 53.83907 582.1936 4359.438 22605.16 81186.11 202107.1 349790.9 425830.7 380715.9 284813.9 221954.1 190189 155345.3 115475.2 82109.85 56433.87 36014.29 20602.83 10307.89 4397.374 1555.882 
0.0001148084 0.005400033 0.1758755 3.966439 61.94163 669.8112 5015.51 26007.03 93402.57 232506.5 402317 489365.4 436186.2 323418.3 248181.5 209564.3 168663.3 122696.5 84890.9 57034.92 36096.26 20843.32 10650.45 4643.002 1667.135 
0.0001163228 0.005471265 0.1781955 4.01876 62.7587 678.6468 5081.673 26350.17 94635.87 235585.7 407707 496213.2 443222 330562.7 255841.8 216682.8 173225.8 123910.7 83623.4 54642.74 33662.98 19030.38 9634.096 4216.772 1533.366 
0.0001131075 0.005320031 0.1732699 3.907675 61.02397 659.8885 4941.224 25622.14 92024.73 229120.5 396757.6 484016.2 435976.3 332940.9 267500 232892 188826.5 136349.2 92406.07 59961.13 36232.41 19943.53 9834.919 4223.413 1522.24 
0.0001184613 0.005571848 0.1814714 4.09264 63.91245 691.1229 5175.092 26834.55 96375.11 239911.4 415166.6 505169.2 450847.2 335587.1 259449 221091.8 180031.1 132863.7 92589.33 61356.84 37401.6 20504.63 9958.284 4184.828 1476.447 
0.0001199862 0.005643574 0.1838075 4.145325 64.7352 700.0197 5241.709 27179.95 97615.05 242992.8 420463.3 511443.4 455875 337992.8 259148.6 218164.9 174374.1 125323.7 85359.11 56345.74 34823.21 19440.93 9543.978 4006.889 1398.592 
0.0001051773 0.004947033 0.1611216 3.633701 56.74546 613.6221 4594.775 23825.51 85569.59 213025.7 368730 449083.1 402115.8 301988.5 236232.1 201343.1 160843.9 114309.7 76276.12 49108.06 29702.68 16406.78 8070.678 3417.037 1200.592 
0.0001122047 0.005277566 0.1718869 3.876484 60.53688 654.6213 4901.782 25417.6 91289.82 227288 393565.6 480035 432118.1 329471.3 264281.1 230407.5 187958 137152 93885.67 61079.57 36651.38 19873.54 9596.294 4017.05 1407.126 
0.0001113481 0.005237279 0.1705747 3.846893 60.07476 649.6241 4864.363 25223.55 90592.65 225550.1 390541.6 476278.4 428525.6 326340.3 261514.1 228501 187908.6 139365.6 97705.97 65274.21 40098.91 22050.57 10654.75 4417.505 1528.077 
0.0001063476 0.005002079 0.1629144 3.674133 57.37687 620.4502 4645.912 24090.83 86524.81 215426.5 373041.4 455071.9 409880 313046.8 251923.3 220635.8 181451.7 134598.6 94768.98 64081.57 40165.45 22627.77 11173.16 4695.976 1630.777 
0.0001156092 0.005437701 0.1771023 3.994106 62.37371 674.4837 5050.504 26188.63 94056.79 234155 405305.8 493646.1 442100.5 332363.9 261138.5 225314.6 184874.6 137726.1 97554.99 66330.68 41876.91 23885.39 12006.57 5148.347 1819.776 
0.0001100803 0.005177647 0.1686326 3.803091 59.39073 642.2271 4808.969 24936.19 89558.83 222959 385937.6 470108.2 421171.5 316856.8 248851.8 213576.8 172893.2 125971 87219.58 58583.74 36958.44 21205.54 10764.93 4676.922 1678.965 
0.0001241495 0.005839394 0.1901852 4.289158 66.98136 724.3086 5423.581 28122.94 101000.8 251411.9 434968.8 528794.3 470404.4 346835.6 263769.6 221433.6 178047.8 129531.9 89206.79 59118.6 36635.62 20720.66 10460.61 4558.23 1650.327 
0.0001217122 0.005724754 0.1864515 4.204953 65.66639 710.0896 5317.126 27571.27 99024.34 246539.1 426859.8 520451.2 467860 355262 282735.9 243939.4 195981.6 139959.8 94119.09 61257.89 37487.06 20933.41 10422.74 4491.097 1617.33 
0.0001272893 0.005987075 0.1949951 4.397633 68.67536 742.627 5560.752 28834.31 103557 257788.5 446094.1 542759.9 484257 360132.9 277907.2 236165.2 191408.6 140102 96531.43 63252.04 38269.15 20968.61 10250.71 4349.748 1547.212 
0.0001277593 0.006009182 0.1957151 4.413872 68.92895 745.3698 5581.305 28941.19 103945.2 258797.4 448131.9 546614.3 492118.3 375292.8 300859.1 261480 211868.7 153272.7 104687.7 68922.74 42271.41 23382.67 11404.03 4781.117 1674.584 
0.0001226299 0.005767922 0.1878574 4.236661 66.16156 715.4445 5357.232 27779.44 99774.73 248434.6 430328.3 525563.7 475332.3 367191.2 300637.4 266505.5 220357 163608.2 114478.2 76215.92 46803.56 25923.06 12702.1 5345.884 1869.608 
0.0001450464 0.006822282 0.2221973 5.011111 78.25567 846.224 6336.466 32856.34 117997.6 293692.5 507929.1 616599.9 545651.8 396332.2 294382.6 244251 198363.8 148408.7 105927.9 72272.09 45434.45 25611.47 12676.51 5362.434 1880.863 
