#Simulated generalized assessment 
# 
#start/end year 
73 100 
#number of ages 
15 
#ages 
1 2 3 4 5 6 7 8 9 10 11 12 13 14 15 
#Number of length bins 
25 
#CPUE years 
28 
#years for CPUE 
73 74 75 76 77 78 79 80 81 82 83 84 85 86 87 88 89 90 91 92 93 94 95 96 97 98 99 100 
#survey years 
28 
#years for survey 
73 74 75 76 77 78 79 80 81 82 83 84 85 86 87 88 89 90 91 92 93 94 95 96 97 98 99 100 
#length freq from catch years 
28 
#years for length freq catch 
73 74 75 76 77 78 79 80 81 82 83 84 85 86 87 88 89 90 91 92 93 94 95 96 97 98 99 100 
#catch length sample sizes 
200 200 200 200 200 200 200 200 200 200 200 200 200 200 200 200 200 200 200 200 200 200 200 200 200 200 200 200 
#length freq from survey years 
28 
#years for length freq survey 
73 74 75 76 77 78 79 80 81 82 83 84 85 86 87 88 89 90 91 92 93 94 95 96 97 98 99 100 
#survey sample sizes 
200 200 200 200 200 200 200 200 200 200 200 200 200 200 200 200 200 200 200 200 200 200 200 200 200 200 200 200 
#total survey biomass 
16953.69 10912.03 11618.47 12426.01 17478.89 17778.69 34264.02 40269.85 41921.41 78172.35 63164.44 154397.3 177007.2 184743.8 148783.3 106271.2 79784.46 94338.73 111739.9 83023.12 116886 143554.5 122869.1 207589.6 143413.8 164722.7 161114.5 148672.4 
#survey CV 
0.2 0.2 0.2 0.2 0.2 0.2 0.2 0.2 0.2 0.2 0.2 0.2 0.2 0.2 0.2 0.2 0.2 0.2 0.2 0.2 0.2 0.2 0.2 0.2 0.2 0.2 0.2 0.2 
#total CPUE 
10150.64 11174.57 11291.88 11888.03 14277.33 20818.37 24750.02 51484.51 52912.4 65379.73 52926.69 92364.74 129911.8 191827.3 137080.3 157504.9 69927.85 119577.3 119038 82635.47 77282.63 160860.6 184580.6 117430.5 138775.2 160212.3 157446.3 172002.5 
#CPUE CV 
0.2 0.2 0.2 0.2 0.2 0.2 0.2 0.2 0.2 0.2 0.2 0.2 0.2 0.2 0.2 0.2 0.2 0.2 0.2 0.2 0.2 0.2 0.2 0.2 0.2 0.2 0.2 0.2 
#total catch biomass 
9715.253 7585.438 7866.759 10845.87 12200.01 13646.64 13229.54 18163.94 21497.91 38634.59 55723.01 60629.69 70298.6 95654.26 97020.95 85980.84 90633.91 76016.98 90228.98 72487.79 85602.79 96629.41 87652.44 88520.76 102823.5 107930.3 96226.48 107715.4 
#catch CV 
0.1 0.1 0.1 0.1 0.1 0.1 0.1 0.1 0.1 0.1 0.1 0.1 0.1 0.1 0.1 0.1 0.1 0.1 0.1 0.1 0.1 0.1 0.1 0.1 0.1 0.1 0.1 0.1 
#Length Bins 
0.7268035 2.18041 3.634017 5.087624 6.541231 7.994838 9.448445 10.90205 12.35566 13.80927 15.26287 16.71648 18.17009 19.62369 21.0773 22.53091 23.98451 25.43812 26.89173 28.34534 29.79894 31.25255 32.70616 34.15976 35.61337 
#catch length counts 
4.715383e-07 5.118105e-05 0.003275582 0.1236105 2.750513 36.08948 279.2819 1275.945 3458.483 5695.524 6312.792 6240.185 6746.108 6548.756 5076.194 3356.515 1918.207 895.1706 333.4652 98.33589 22.32399 3.763906 0.4555392 0.0383346 0.002179901 
4.924844e-07 5.345456e-05 0.003421087 0.1291015 2.872698 37.69283 291.6948 1332.742 3613.165 5952.766 6594.474 6471.788 6893.638 6605.787 5067.413 3303.644 1847.414 838.058 301.3596 85.10775 18.36165 2.921037 0.3313618 0.02598457 0.00137019 
2.90752e-07 3.15584e-05 0.002019736 0.07621892 1.696005 22.25474 172.2736 788.1945 2150.67 3646.547 4482.615 5388.753 6616.579 6580.016 5045.017 3246.211 1776.539 783.9206 272.378 73.71988 15.11768 2.268903 0.2412458 0.01763656 0.000863233 
1.282134e-06 0.0001391636 0.008906456 0.3361021 7.478692 98.12358 759.1687 3464.453 9336.958 14949.47 14617.56 9796.142 6166.519 4728.649 3842.652 2790.854 1623.593 718.5449 243.1335 63.1674 12.32169 1.745885 0.1741011 0.01187145 0.0005395977 
5.864827e-07 6.365721e-05 0.004074061 0.1537437 3.42112 44.89451 347.6307 1592.535 4368.869 7562.698 9848.171 12624.68 15220.09 13381.19 7901.702 3468.599 1394.875 556.1513 192.7042 51.11527 9.810285 1.329973 0.1249612 0.007962205 0.0003364635 
1.153724e-06 0.0001252259 0.008014442 0.3024407 6.729732 88.29969 683.2595 3120.027 8432.691 13673.03 14096.06 11271.81 9680.682 9180.707 7932.609 5475.242 2714.631 924.8985 227.4332 44.85135 7.393034 0.945853 0.08567106 0.005209249 0.0002071754 
1.098589e-06 0.0001192416 0.007631455 0.2879889 6.408255 84.08722 650.8554 2975.941 8089.532 13439.63 15152.01 14869.46 14782.1 12484.7 8064.739 4390.299 2185.667 912.5903 281.5542 60.03271 8.753354 0.8950042 0.06594501 0.003479001 0.0001262844 
2.535239e-06 0.0002751763 0.01761126 0.6645957 14.78821 194.0341 1501.434 6855.971 18524.79 29973.6 30514.2 23072.34 17252.69 13442.27 9313.622 5377.03 2474.026 875.3735 240.8323 51.54973 8.126363 0.8816722 0.06328506 0.002971639 9.15239e-05 
2.883616e-06 0.0003129895 0.02003131 0.7559241 16.82066 220.7169 1708.406 7810.811 21216.35 35078.6 38630.77 35422.23 32191.09 25199.61 14867.96 6938.195 2778.087 935.1239 246.773 48.7193 7.010254 0.7180873 0.05075601 0.002388237 7.255334e-05 
4.228495e-06 0.0004589636 0.02937365 1.108476 24.6655 323.6502 2504.948 11448.41 31043.45 50929.72 54438.14 46448.05 39612.85 31662.66 20693.71 10817.66 4400.633 1331.273 298.3972 50.71468 6.509831 0.6068368 0.03931189 0.001712591 4.896872e-05 
5.862522e-06 0.0006363219 0.04072459 1.53683 34.19729 448.7312 3473.291 15878.27 43095.38 70913.7 76388.44 65803.45 55575.2 42686.05 26318.92 13117.81 5310.895 1659.718 381.6731 62.93765 7.326715 0.5962425 0.03361917 0.001293342 3.318826e-05 
6.474727e-06 0.0007027712 0.04497739 1.697325 37.76914 495.628 3837.108 17555.97 47798.24 79552.44 88805.36 82232.55 74036.38 58062.33 35690.26 17413.99 6760.029 2007.208 442.6382 71.2468 8.154475 0.6428442 0.03401343 0.001187534 2.705236e-05 
9.331295e-06 0.001012825 0.06482082 2.44616 54.43207 714.2714 5529.214 25285.12 68687.69 113244.2 122179.5 104491.7 86770.76 66648.72 42106.49 21293.58 8363.902 2440.278 517.446 79.04826 8.557561 0.6405356 0.0323248 0.001075416 2.314178e-05 
1.165447e-05 0.001264984 0.08095911 3.055187 67.98518 892.1675 6907.686 31611.39 86089.3 143135.8 158184.1 141135.2 119741.8 89282.25 52934.62 25099.88 9507.6 2752.498 583.8415 88.14903 9.241125 0.6581633 0.03127426 0.0009757481 1.968785e-05 
1.036383e-05 0.001124899 0.07199381 2.716886 60.45931 793.5082 6146.708 28177.22 77209 131074.7 153742.2 152789.5 142206.5 110728.7 66880.51 31559.66 11511.69 3136.035 624.5244 89.60768 9.041636 0.6222654 0.02842687 0.000844456 1.606615e-05 
7.137814e-06 0.0007747447 0.04958406 1.871217 41.64253 546.6384 4236.975 19464.34 53728.04 93391.64 116463.6 127529.7 129078.2 107614.1 69941.96 35143.72 13221.93 3595.906 695.8629 94.92282 8.9866 0.5785876 0.0248161 0.0006954795 1.251462e-05 
8.959546e-06 0.0009724763 0.06223878 2.348755 52.26719 685.9768 5313.073 24339.27 66478.98 111350.2 124914.4 113993.4 100779.1 82528.86 56288.1 30031.4 11895.24 3371.819 670.1221 91.76899 8.500183 0.5235937 0.02114577 0.000552868 9.246762e-06 
8.764067e-06 0.0009512599 0.06088117 2.297553 51.13016 671.1587 5201.023 23867.37 65557.86 111686.6 130535.9 125575.9 110230.5 81878.36 48720.89 23470.68 8982.446 2582.204 529.0266 74.35078 6.973649 0.4278548 0.01691537 0.0004258696 6.761949e-06 
1.024676e-05 0.001112194 0.07118107 2.686259 59.78071 784.7098 6080.721 27896.49 76516.67 129584.5 148579.3 137789.9 117539 87143.18 51769.42 23910.48 8371.612 2172.481 410.9735 55.23853 5.085844 0.3096065 0.01213466 0.0003007355 4.655785e-06 
1.000103e-05 0.001085524 0.06947454 2.621902 58.35161 766.0802 5939.49 27292.86 75226.02 129129.9 152585.3 147117 126947 91604.15 51973.35 22901.59 7660.524 1878.802 329.0532 40.34456 3.39209 0.1911652 0.007055778 0.0001669527 2.487548e-06 
1.089599e-05 0.001182665 0.07569184 2.856555 63.57492 834.6851 6471.802 29739.88 81933.53 140226.6 163878.7 154517.9 130904.9 94385.89 53805.74 23444.29 7570.313 1760.966 289.5092 33.0464 2.563912 0.1323054 0.004455592 9.63743e-05 1.320679e-06 
1.330138e-05 0.00144375 0.09240183 3.487201 77.61172 1019.012 7901.447 36309.42 99973.05 170489.8 196499.2 179116.6 144807.5 99970.11 54968.34 23267.86 7333.954 1660.869 262.9217 28.47407 2.068365 0.0989612 0.003068924 6.082876e-05 7.613427e-07 
1.384604e-05 0.001502872 0.0961867 3.630147 80.80011 1061.141 8234.063 37915.75 104988.9 181641.3 215631 203829.4 166742.4 112283.8 58784.22 23458.46 6973.974 1496.622 225.3796 23.23158 1.600738 0.07218617 0.002094042 3.854877e-05 4.454814e-07 
1.684722e-05 0.001828628 0.1170359 4.417034 98.31548 1291.168 10018.23 46110.37 127423.2 218845.1 254497.2 231956.9 183816.2 122434.6 63860.28 25024 7137.937 1443.475 203.0375 19.51442 1.255794 0.0529883 0.001438994 2.47703e-05 2.670117e-07 
1.795617e-05 0.001949007 0.1247425 4.708099 104.8073 1376.906 10693.71 49346.69 137288.9 239622.3 287393.9 271333.4 217111.9 141234.5 70839.2 26709.93 7366.673 1438.759 193.6348 17.57761 1.056578 0.04136639 0.001039618 1.655867e-05 1.652943e-07 
2.005535e-05 0.002176865 0.1393274 5.258691 117.0705 1538.204 11949.54 55167.45 153565.1 267897.8 319792.3 298539.5 236132.7 152574.3 75715.69 27800.15 7335.98 1356.544 172.2752 14.74613 0.8342843 0.03062121 0.0007176657 1.060554e-05 9.78408e-08 
1.758483e-05 0.001908733 0.1221702 4.611556 102.6897 1350.162 10507.42 48735.31 137254.9 245961.7 308476.9 305095.4 248888.1 160082.3 77576.11 27631.11 7048.713 1252.504 151.469 12.23161 0.6483646 0.02220822 0.0004847668 6.663202e-06 5.709134e-08 
1.707178e-05 0.001853055 0.1186082 4.477239 99.70537 1311.092 10205.45 47342.83 133269.7 238107.6 296267.5 290414.7 237569.6 155382.3 76502 27228.2 6800.263 1165.113 134.59 10.31592 0.5161453 0.01659842 0.0003385012 4.329667e-06 3.442206e-08 
#survey length counts 
8.830911e-07 9.585125e-05 0.006134469 0.2314961 5.151106 67.58655 522.9826 2388.366 6460.797 10538.24 11221.75 10008.89 9777.91 9116.36 6961.544 4552.359 2575.518 1189.497 437.7347 127.3295 28.49181 4.733022 0.564278 0.04677429 0.002620148 
4.995003e-07 5.421607e-05 0.003469824 0.1309408 2.913639 38.23094 295.8936 1352.699 3677.475 6137.668 7150.174 7832.433 9107.77 8959.798 6870.95 4444.391 2464.962 1109.128 395.0256 110.3037 23.4983 3.688101 0.4126674 0.03192518 0.001661469 
2.122368e-06 0.0002303631 0.01474321 0.556363 12.37976 162.4268 1256.645 5734.075 15446.42 24678.82 23908.87 15475.04 9004.656 6472.906 5176.021 3788.574 2243.802 1015.378 352.8381 94.73182 19.22684 2.853159 0.2997934 0.02165566 0.001047531 
9.395096e-07 0.000101975 0.006526393 0.2462872 5.480346 71.91359 556.7222 2547.892 6960.071 11846.08 14675.68 17573.45 20597.48 18158.64 10818.27 4776.144 1932.142 783.496 279.3867 76.85286 15.38573 2.188154 0.2169052 0.01465644 0.0006596864 
1.803808e-06 0.0001957864 0.01253031 0.4728555 10.52167 138.0514 1068.18 4876.611 13167.46 21262.76 21573.46 16471.72 13297.01 12276.32 10633.07 7470.322 3798.056 1328.785 335.3842 68.15457 11.69295 1.571965 0.1505369 0.009720782 0.0004121343 
1.656873e-06 0.000179838 0.01150962 0.4343389 9.664735 126.8144 981.4648 4485.508 12169.57 20065.94 22066.85 20639.02 19849.68 16706.61 10842.87 5939.437 3003.434 1289.56 412.393 91.52538 13.93068 1.493008 0.1160685 0.00650638 0.0002522322 
3.74768e-06 0.0004067755 0.02603359 0.9824282 21.86037 286.8238 2219.336 10132.18 27356.07 44129.45 44435.78 32602.81 23424.15 17957.92 12487.35 7312.792 3439.192 1248.643 354.1342 78.80035 13.0206 1.488642 0.1130027 0.005631581 0.0001848679 
4.150999e-06 0.000450552 0.0288353 1.088159 24.21335 317.7142 2458.949 11237.93 30479.65 50117.36 54252.25 48150.3 42819.25 33578.79 20003.99 9446.939 3853.386 1332.804 363.927 74.79012 11.27 1.216564 0.09113317 0.004563881 0.0001479966 
5.936742e-06 0.0006443777 0.04124013 1.556281 34.62975 454.3875 3516.536 16066.87 43517.9 71108.48 75058.88 62419.77 52168.13 41700.02 27537.4 14655.17 6116.321 1906.836 441.971 78.12367 10.50777 1.033252 0.07098371 0.003293866 0.0001006889 
8.122414e-06 0.0008816119 0.05642312 2.129244 47.37933 621.6894 4811.616 21989.46 59613.22 97708.87 104049.1 87750 73123.26 56394.7 35166.69 17824.23 7398.871 2387.612 570.1417 98.14017 11.986 1.028555 0.06148363 0.002520295 6.919315e-05 
8.8236e-06 0.0009577193 0.06129403 2.313065 51.47027 675.4007 5228.296 23911.34 65009.81 107707.8 118806.5 108069 96706.16 76477.74 47652.27 23695.28 9445.479 2897.474 663.6908 111.6488 13.4364 1.119357 0.06285003 0.002337451 5.692564e-05 
1.265715e-05 0.001373815 0.08792415 3.318009 73.83197 968.8163 7498.968 34281.87 93028.2 152862.6 163487.4 137890.8 113882.6 88173.51 56519.5 29200.97 11807.46 3565.952 786.5712 125.718 14.32301 1.134173 0.06082281 0.002158317 4.968808e-05 
1.556053e-05 0.001688951 0.1080929 4.079135 90.7696 1191.127 9221.35 42183.28 114741.1 190098.3 208359.4 184052.9 156311.6 117951.4 71039.37 34396.58 13409.84 4023.316 889.6769 140.8426 15.56375 1.173905 0.05932417 0.001975816 4.269012e-05 
1.373007e-05 0.001490272 0.09537768 3.599324 80.09514 1051.168 8141.214 37299.92 102037.3 172453.7 200513.7 197949.5 185388.8 146456.1 90042.9 43504.47 16365.54 4624.046 960.277 144.5741 15.39866 1.124187 0.05469314 0.001735969 3.538695e-05 
9.323842e-06 0.001012018 0.0647695 2.444273 54.39422 713.976 5532.694 25398.32 69961.57 120984.2 149612.8 163327.2 166850.6 141245.8 93596.03 48292.48 18786.99 5310.765 1073.686 153.8778 15.38973 1.051843 0.04809347 0.00144184 2.783056e-05 
1.166307e-05 0.001265918 0.08101904 3.057467 68.03731 892.9103 6914.867 31664.02 86385.5 144280 161022.5 146492.3 130406.8 108376.8 75462.47 41421.5 16995.3 5018.179 1044.608 150.6432 14.76464 0.9664287 0.04163222 0.00116496 2.091172e-05 
1.145927e-05 0.001243799 0.07960363 3.004087 66.85209 877.4753 6798.524 31181.11 85523.02 145234.1 169014.1 162817.9 144744.1 109404.9 66363.25 32791.19 12986.31 3893.767 837.5141 124.2569 12.35922 0.8072048 0.03408364 0.0009190499 1.566683e-05 
1.31217e-05 0.001424241 0.09115211 3.43991 76.55106 1004.783 7784.688 35696.42 97791.97 165201 188878.2 175702.5 152001.7 114917.8 69857.05 33215.45 12048.14 3258.089 646.5768 91.80434 8.980042 0.5832007 0.02445941 0.0006501954 1.081791e-05 
1.290337e-05 0.001400545 0.08963593 3.382741 75.28229 988.2774 7660.474 35180.19 96829.89 165784.6 195517.3 189606.9 166358.7 122568.1 71197.78 32322.77 11220.78 2873.905 528.7255 68.49726 6.118886 0.3681229 0.0145594 0.0003701763 5.938189e-06 
1.407582e-05 0.001527805 0.09778087 3.69014 82.12457 1078.137 8357.556 38383.83 105613.6 180361.2 210549.3 199859.2 172300.4 127014 74293.94 33427.73 11219.78 2728.572 471.7423 56.95939 4.698924 0.258948 0.009346567 0.0002173289 3.209214e-06 
1.704706e-05 0.001850308 0.1184216 4.469125 99.46246 1305.794 10122.94 46493.23 127869.3 217689.8 250881.6 230567.2 189988.6 134279.7 75827.52 33174.73 10884.17 2581.542 430.4697 49.37119 3.816199 0.1950844 0.00648622 0.0001382278 1.864428e-06 
1.783675e-05 0.001936027 0.1239087 4.67632 104.0815 1366.741 10602.48 48790.44 134929.6 233057.9 276944.8 264563 221025.2 152560.3 82102.07 33886.88 10493.74 2360.748 374.9111 40.97829 3.007997 0.1450553 0.004513653 8.935675e-05 1.112866e-06 
2.182959e-05 0.002369418 0.1516468 5.723181 127.3826 1672.723 12975.35 59686.28 164758.6 282603.7 329095.4 303161.1 245486.3 167868.7 90213.76 36642.01 10902.58 2313.212 343.3479 35.0174 2.402718 0.1085149 0.003163768 5.860676e-05 6.811461e-07 
2.292229e-05 0.002488033 0.1592404 6.01 133.7813 1757.301 13643.54 62914.94 174826.1 304815.9 366591 350680.2 287216.3 191941.6 99228.22 38807.9 11180.05 2294.788 326.3684 31.46571 2.017647 0.0845821 0.00228315 3.915611e-05 4.216919e-07 
2.55512e-05 0.002773389 0.1775054 6.699482 149.1362 1959.223 15215.06 70194.96 195176 340216.3 407423.2 385569.5 312412.5 207698.9 106453.1 40610.22 11204.82 2179.087 292.6861 26.63519 1.609101 0.0632832 0.001593643 2.536249e-05 2.524565e-07 
2.260562e-05 0.002453694 0.1570485 5.927868 131.9888 1735.008 13496.1 62540.63 175896.9 315022.9 396955.8 398873.4 333638.5 220841.1 110585.4 40964.85 10941.35 2047.574 262.1801 22.52578 1.275704 0.04684675 0.001099382 1.628237e-05 1.505874e-07 
2.202737e-05 0.00239094 0.1530337 5.776486 128.6258 1691.004 13156.46 60978.71 171438 306166.7 382748.6 381120.2 319833.4 215636.5 109957.5 40779.58 10676.57 1928.334 236.0749 19.26931 1.030871 0.03556149 0.0007799825 1.075255e-05 9.229495e-08 
2.240718e-05 0.002432186 0.1556766 5.876512 130.8669 1720.875 13395.57 62145.93 174962.5 312620.8 388712.3 379959.3 309556.8 202565.4 100965.3 36903.03 9558.057 1701.451 203.2377 15.98551 0.8149255 0.0265644 0.0005473278 7.057626e-06 5.647467e-08 
