# Number of parameters = 80 Objective function value = 22442.3062298951  Maximum gradient component = 0.00185280779591160
# srv_sel50:
1.38270985878
# srv_sel95:
2.75932982863
# stNatLen:
 11.1832461345 10.5264834613 8.66851623588 7.32212383665 6.44223962782 5.83058845596 5.37461807345 5.02146315101 4.74299383850 4.52261692308 4.34987500993 4.21791977879 4.12221183837 4.05980883260 4.02897123418
# log_avg_fmort_dir:
0.676908442156
# fmort_dir_dev:
 -1.25818534602 -0.682640579627 -0.777584978070 -0.562410187080 -0.444330702091 -0.356295770901 -0.378309434862 -0.170539697796 -0.165919805555 -0.0462310870593 -0.120664761338 0.00385802621712 0.0323535463638 -0.0395614629901 0.102922930453 0.182379885039 0.306682934195 0.200793121181 0.382344757378 0.286076210369 0.451286248995 0.434036074998 0.433325947396 0.485778162441 0.488228178727 0.512917787157 0.613200244105 0.758997680450 -0.672507922068
# mean_log_rec:
13.6627399317
# rec_dev:
 -2.07626872925 -1.54912466497 -1.38202231044 -1.19195371733 -0.918314684056 -0.789260308473 -0.674600642352 -0.496439798043 -0.148724426879 -0.0436481360171 0.193688811666 0.556793945054 0.600312541577 0.439901702099 0.459940649639 0.436175084915 0.359947616616 0.377039827305 0.307713969793 0.473411070045 0.496562397116 0.518424313913 0.649136124091 0.749612092471 0.711717042558 0.549937869852 0.399901786383 0.495070296135 0.495070276579
# log_avg_NatM:
-0.575482843535
# m_dev:
 0.00000000000 0.00000000000 0.00000000000 0.00000000000 0.00000000000 0.00000000000 0.00000000000 0.00000000000 0.00000000000 0.00000000000 0.00000000000 0.00000000000 0.00000000000 0.00000000000 0.00000000000 0.00000000000 0.00000000000 0.00000000000 0.00000000000 0.00000000000 0.00000000000 0.00000000000 0.00000000000 0.00000000000 0.00000000000 0.00000000000 0.00000000000 0.00000000000 0.00000000000
# log_avg_GrowthK:
-1.18630400000
# log_avg_Linf:
3.44583300000
# GrowthK_dev:
 0.00000000000 0.00000000000 0.00000000000 0.00000000000 0.00000000000 0.00000000000 0.00000000000 0.00000000000 0.00000000000 0.00000000000 0.00000000000 0.00000000000 0.00000000000 0.00000000000 0.00000000000 0.00000000000 0.00000000000 0.00000000000 0.00000000000 0.00000000000 0.00000000000 0.00000000000 0.00000000000 0.00000000000 0.00000000000 0.00000000000 0.00000000000 0.00000000000 0.00000000000
# Linf_dev:
 0.00000000000 0.00000000000 0.00000000000 0.00000000000 0.00000000000 0.00000000000 0.00000000000 0.00000000000 0.00000000000 0.00000000000 0.00000000000 0.00000000000 0.00000000000 0.00000000000 0.00000000000 0.00000000000 0.00000000000 0.00000000000 0.00000000000 0.00000000000 0.00000000000 0.00000000000 0.00000000000 0.00000000000 0.00000000000 0.00000000000 0.00000000000 0.00000000000 0.00000000000
# SelPars50:
1.48078375428
# SelPars95:
2.39649173690
# SelPars_dev50:
 0.00000000000 0.00000000000 0.00000000000 0.00000000000 0.00000000000 0.00000000000 0.00000000000 0.00000000000 0.00000000000 0.00000000000 0.00000000000 0.00000000000 0.00000000000 0.00000000000 0.00000000000 0.00000000000 0.00000000000 0.00000000000 0.00000000000 0.00000000000 0.00000000000 0.00000000000 0.00000000000 0.00000000000 0.00000000000 0.00000000000 0.00000000000 0.00000000000 0.00000000000
# SelPars_dev95:
 0.00000000000 0.00000000000 0.00000000000 0.00000000000 0.00000000000 0.00000000000 0.00000000000 0.00000000000 0.00000000000 0.00000000000 0.00000000000 0.00000000000 0.00000000000 0.00000000000 0.00000000000 0.00000000000 0.00000000000 0.00000000000 0.00000000000 0.00000000000 0.00000000000 0.00000000000 0.00000000000 0.00000000000 0.00000000000 0.00000000000 0.00000000000 0.00000000000 0.00000000000
