#Simulated generalized assessment 
# 
#start/end year 
71 99 
#number of ages 
15 
#ages 
1 2 3 4 5 6 7 8 9 10 11 12 13 14 15 
#Number of length bins 
25 
#CPUE years 
29 
#years for CPUE 
71 72 73 74 75 76 77 78 79 80 81 82 83 84 85 86 87 88 89 90 91 92 93 94 95 96 97 98 99 
#survey years 
29 
#years for survey 
71 72 73 74 75 76 77 78 79 80 81 82 83 84 85 86 87 88 89 90 91 92 93 94 95 96 97 98 99 
#length freq from catch years 
29 
#years for length freq catch 
71 72 73 74 75 76 77 78 79 80 81 82 83 84 85 86 87 88 89 90 91 92 93 94 95 96 97 98 99 
#catch length sample sizes 
200 200 200 200 200 200 200 200 200 200 200 200 200 200 200 200 200 200 200 200 200 200 200 200 200 200 200 200 200 
#length freq from survey years 
29 
#years for length freq survey 
71 72 73 74 75 76 77 78 79 80 81 82 83 84 85 86 87 88 89 90 91 92 93 94 95 96 97 98 99 
#survey sample sizes 
200 200 200 200 200 200 200 200 200 200 200 200 200 200 200 200 200 200 200 200 200 200 200 200 200 200 200 200 200 
#total survey biomass 
5323.66 7427.674 11979.65 13097.67 33092.36 23768.04 36109.11 24958.88 58712.57 72229.71 77320.48 89637.17 114979.7 148296.3 137324.8 171594.9 86271.49 130989.4 106023.3 124417.7 98336.42 103088.6 116431.6 133230.6 142919.1 119911.3 119744.9 120937.8 157780.8 
#survey CV 
0.2 0.2 0.2 0.2 0.2 0.2 0.2 0.2 0.2 0.2 0.2 0.2 0.2 0.2 0.2 0.2 0.2 0.2 0.2 0.2 0.2 0.2 0.2 0.2 0.2 0.2 0.2 0.2 0.2 
#total CPUE 
3818.748 11480.12 11565.09 12659.39 21844.95 27733.04 33992.18 33398 68389.44 69640.16 75036.5 129908.2 120101.2 116254.4 76315.75 156091.2 108983.8 156529.2 95532.7 90503.76 118210.3 123157 172297.1 130713.6 166173.6 233905 164490.4 142801.9 219299.5 
#CPUE CV 
0.2 0.2 0.2 0.2 0.2 0.2 0.2 0.2 0.2 0.2 0.2 0.2 0.2 0.2 0.2 0.2 0.2 0.2 0.2 0.2 0.2 0.2 0.2 0.2 0.2 0.2 0.2 0.2 0.2 
#total catch biomass 
4632.066 4635.395 6107.182 6976.569 9282.289 20590.79 22126.69 23644.05 29584.61 36963.94 49169.17 65229.39 80478.59 104375.2 103076 97223.58 79040.26 84404.59 84420.63 75360.45 78674.61 84134.99 96640.11 92613.36 113779.4 106330.3 114654 92863.47 48721.81 
#catch CV 
0.05 0.05 0.05 0.05 0.05 0.05 0.05 0.05 0.05 0.05 0.05 0.05 0.05 0.05 0.05 0.05 0.05 0.05 0.05 0.05 0.05 0.05 0.05 0.05 0.05 0.05 0.05 0.05 0.05 
#Length Bins 
0.7268035 2.18041 3.634017 5.087624 6.541231 7.994838 9.448445 10.90205 12.35566 13.80927 15.26287 16.71648 18.17009 19.62369 21.0773 22.53091 23.98451 25.43812 26.89173 28.34534 29.79894 31.25255 32.70616 34.15976 35.61337 
#catch length counts 
5.743765e-37 7.971967e-29 1.337463e-21 2.712348e-15 6.649001e-10 1.970221e-05 0.0705701 30.55442 1599.096 10116.35 7748.924 1449.148 5061.001 4288.143 1213.175 933.9916 283.558 89.31967 17.58762 2.093443 0.1098086 0.001833622 7.232054e-06 5.42558e-09 6.707343e-13 
5.879129e-37 8.159844e-29 1.368983e-21 2.77627e-15 6.805699e-10 2.016653e-05 0.07223324 31.2745 1636.783 10354.77 7933.088 1523.248 5144.327 4124.996 1189.062 861.8909 253.9357 75.14311 13.5142 1.391213 0.05980315 0.000779231 2.305898e-06 1.261218e-09 1.115972e-13 
1.148404e-36 1.593908e-28 2.674112e-21 5.423045e-15 1.329396e-09 3.939243e-05 0.1410973 61.09024 3197.22 20226.53 15484.12 2275.522 5174.85 3910.235 1144.313 774.5678 219.8108 60.6812 9.997777 0.8902029 0.03113185 0.0003133982 6.92167e-07 2.761985e-10 1.755721e-14 
9.77356e-37 1.356506e-28 2.27582e-21 4.615316e-15 1.131391e-09 3.352517e-05 0.1200817 51.99123 2721.014 17213.98 13201.86 3024.792 10341.61 7258.049 1444.232 736.1462 200.0924 51.07018 7.631917 0.586883 0.01669012 0.0001292829 2.119386e-07 6.14933e-11 2.808014e-15 
1.64538e-36 2.283678e-28 3.831344e-21 7.769889e-15 1.904697e-09 5.643965e-05 0.2021577 87.52729 4580.83 28979.69 22198.44 3704.133 8858.072 5985.917 2142.123 1252.677 229.0336 43.24916 5.736632 0.3767919 0.008687139 5.183375e-05 6.305003e-08 1.327472e-11 4.345439e-16 
4.459552e-36 6.189564e-28 1.038428e-20 2.105911e-14 5.162392e-09 0.0001529711 0.5479177 237.2294 12415.64 78544.99 60134.34 8449.332 14452.26 8903.174 2006.554 983.6878 273.9456 50.28517 4.359858 0.2237285 0.004126759 1.892984e-05 1.712714e-08 2.62262e-12 6.158503e-17 
1.98623e-36 2.756756e-28 4.62503e-21 9.379468e-15 2.299266e-09 6.813146e-05 0.2440358 105.6591 5529.776 34983.6 26978.09 11105.84 39831.61 22690.99 3813.901 1373.514 250.7514 45.86206 4.410031 0.1575378 0.002038819 7.008174e-06 4.705165e-09 5.252916e-13 8.878252e-18 
4.57802e-36 6.35399e-28 1.066014e-20 2.161854e-14 5.299531e-09 0.0001570348 0.5624731 243.5314 12745.47 80631.72 61776.88 9847.57 17816 10778.62 6935.153 3180.949 407.5167 46.3374 3.533528 0.1213149 0.001157369 2.668389e-06 1.265593e-09 1.019563e-13 1.240446e-18 
5.477638e-36 7.6026e-28 1.275494e-20 2.586676e-14 6.340931e-09 0.0001878934 0.6730036 291.3873 15250.05 96477.21 74096.19 17260.69 41256.02 20452.5 4057.836 1821.936 630.579 78.22532 3.569755 0.08492056 0.0006731667 1.168334e-06 3.74523e-10 2.041748e-14 1.731637e-19 
7.314509e-36 1.015206e-27 1.703218e-20 3.454092e-14 8.4673e-09 0.0002509016 0.8986886 389.1011 20364 128830.1 98963.65 22553.72 49018.54 23641.59 7581.453 2564.454 389.2197 69.53301 4.580671 0.0758232 0.0003801552 4.873288e-07 1.171363e-10 4.495557e-15 2.579951e-20 
8.881646e-36 1.232714e-27 2.068133e-20 4.194133e-14 1.028142e-08 0.0003046574 1.091233 472.4663 24727 156432.9 120326.3 30473.89 65065.54 29110.63 8819.211 2960.933 521.6943 53.72142 3.227449 0.06624301 0.0002719898 2.22345e-07 3.578094e-11 9.851853e-16 4.08139e-21 
1.323199e-35 1.836513e-27 3.081132e-20 6.248474e-14 1.53174e-08 0.0004538825 1.625733 703.8864 36838.61 233056 179226.1 42053.68 78730.38 33437.56 11078.48 3370.734 556.0478 56.32189 2.410831 0.03842034 0.0001586013 1.148793e-07 1.310727e-11 2.353318e-16 6.518659e-22 
1.730453e-35 2.401754e-27 4.029441e-20 8.171624e-14 2.003178e-08 0.0005935781 2.1261 920.528 48176.78 304788.7 234835.9 62539.3 115480.9 44932.89 13025.18 3641.035 589.9096 53.26118 2.005922 0.02370649 7.098477e-05 4.338467e-08 4.315679e-12 6.171693e-17 1.221148e-22 
2.126544e-35 2.951503e-27 4.951759e-20 1.004207e-13 2.461695e-08 0.0007294451 2.612754 1131.232 59204.2 374557.9 289210.6 85665.19 152542.7 57123.89 18382.72 4518.143 623.744 50.61916 1.646642 0.01583689 3.518308e-05 1.515818e-08 1.121146e-12 1.274429e-17 2.038175e-23 
2.132873e-35 2.960287e-27 4.966496e-20 1.007195e-13 2.469021e-08 0.0007316161 2.62053 1134.599 59380.41 375681.9 291287.1 104161 182675 65762.78 22299.07 5254.47 698.455 46.66106 1.248916 0.009777954 1.690375e-05 5.386935e-09 2.820134e-13 2.251209e-18 2.597992e-24 
1.649864e-35 2.289902e-27 3.841786e-20 7.791065e-14 1.909888e-08 0.0005659347 2.027086 877.6583 45933.17 290618 226907.1 103042.8 177413 63966.29 24327.11 5481.984 710.0893 42.95209 0.9315732 0.005629547 7.493173e-06 1.806444e-09 6.97592e-14 4.004715e-19 3.257102e-25 
1.870433e-35 2.596037e-27 4.355391e-20 8.832645e-14 2.165219e-08 0.000641594 2.298085 994.9915 52073.92 329466.7 256270.3 92782.58 136926.2 52187.92 22925.23 5247.492 685.4965 38.12265 0.709691 0.003371237 3.346707e-06 5.961161e-10 1.698518e-14 7.143719e-20 4.211557e-26 
1.858018e-35 2.578806e-27 4.326482e-20 8.774019e-14 2.150848e-08 0.0006373355 2.282832 988.3874 51728.31 327296.6 256163.6 108895.5 153039.9 49833.08 17759.12 4296.3 588.7206 31.37671 0.5126043 0.001989459 1.519344e-06 1.99438e-10 4.110627e-15 1.246964e-20 5.307894e-27 
1.783956e-35 2.476013e-27 4.154025e-20 8.424279e-14 2.065113e-08 0.0006119307 2.191836 948.9894 49666.4 314265.2 247047.4 111254.3 145148.3 48245.57 17124.11 3297.103 405.5492 21.28467 0.3151097 0.001024817 6.1933e-07 6.179442e-11 9.394843e-16 2.059973e-21 6.270812e-28 
1.820613e-35 2.52689e-27 4.239383e-20 8.597383e-14 2.107547e-08 0.0006245048 2.236875 968.4895 50686.98 320739.2 253088 116438.7 139484.1 46083.83 16102.09 2992.809 306.9788 13.24822 0.1737288 0.0004842762 2.371593e-07 1.839799e-11 2.113296e-16 3.429754e-22 7.608783e-29 
2.056366e-35 2.8541e-27 4.788345e-20 9.710668e-14 2.380456e-08 0.0007053726 2.52653 1093.9 57250.52 362285.7 286218.3 125270.6 135037.8 42840.1 13952.73 2465.756 230.4804 8.1041 0.08276216 0.0001865588 7.418652e-08 4.555192e-12 4.029392e-17 4.930313e-23 8.118475e-30 
2.298233e-35 3.189796e-27 5.351544e-20 1.085282e-13 2.660442e-08 0.0007883377 2.823697 1222.563 63984.33 404935.7 321972.7 149632.5 148917.8 43895.44 12748.97 2038.761 169.8408 5.092889 0.04074127 6.883539e-05 2.072833e-08 9.797977e-13 6.677016e-18 6.231275e-24 7.726474e-31 
2.756257e-35 3.825503e-27 6.418074e-20 1.301573e-13 3.190652e-08 0.0009454485 3.386443 1466.213 76736.11 485674.3 387406.2 176573.6 159999.3 46561.4 12458.56 1716.446 120.7776 3.013892 0.01931177 2.484152e-05 5.496389e-09 1.893957e-13 9.487184e-19 6.57291e-25 6.079957e-32 
2.889254e-35 4.010095e-27 6.727766e-20 1.364377e-13 3.34461e-08 0.0009910692 3.549849 1536.962 80439.09 509214 411279.5 211700.6 179728.3 49016.3 11854.97 1470.435 85.45427 1.688621 0.00845117 8.330934e-06 1.377819e-09 3.468877e-14 1.251831e-19 6.221918e-26 4.139737e-33 
3.344858e-35 4.642442e-27 7.78866e-20 1.579525e-13 3.872019e-08 0.00114735 4.109621 1779.324 93123.68 589584.4 477920.4 238171.4 185969.2 53364.12 12242.33 1326.942 64.64071 1.005648 0.00379713 2.794001e-06 3.43109e-10 6.360963e-15 1.673037e-20 6.000854e-27 2.859273e-34 
3.721493e-35 5.165187e-27 8.665673e-20 1.757381e-13 4.308013e-08 0.001276543 4.57237 1979.679 103610 656148.9 538108.4 284766.9 205660.2 55322.43 11831.1 1210.669 49.61778 0.6085329 0.001735072 9.362074e-07 8.343232e-11 1.121177e-15 2.13711e-21 5.545786e-28 1.905821e-35 
3.689523e-35 5.120814e-27 8.591228e-20 1.742284e-13 4.271004e-08 0.001265577 4.533089 1962.672 102720.8 650786 542977.5 314628.4 213880.2 56898.03 11018.65 998.4045 35.60804 0.3529385 0.0007633691 3.030734e-07 1.952549e-11 1.878705e-16 2.555997e-22 4.735815e-29 1.163527e-36 
3.334696e-35 4.628338e-27 7.764997e-20 1.574726e-13 3.860255e-08 0.001143864 4.097135 1773.919 92843.28 588569.3 502580.3 323177.1 210149.5 58169.69 10653.03 858.9099 25.58005 0.2057301 0.0003463084 1.025616e-07 4.805486e-12 3.3203e-17 3.220917e-23 4.237435e-30 7.377611e-38 
1.70073e-35 2.360501e-27 3.960231e-20 8.031269e-14 1.968771e-08 0.0005833828 2.089582 904.7176 47350.97 300143.9 254918.6 157835 104699.4 30826.83 5719.714 450.0397 12.1047 0.08388794 0.0001195358 2.959255e-08 1.139764e-12 6.373699e-18 4.952651e-24 5.189517e-31 7.174703e-39 
#survey length counts 
8.047108e-37 1.116886e-28 1.873807e-21 3.800043e-15 9.315359e-10 2.760311e-05 0.09886986 42.80724 2240.36 14173.17 10855.87 2001.745 6894.095 5839.683 1639.734 1256.232 377.9782 117.2672 22.40206 2.553464 0.1276575 0.002041915 7.748852e-06 5.603537e-09 6.689006e-13 
1.56518e-36 2.172366e-28 3.644595e-21 7.391165e-15 1.811857e-09 5.368864e-05 0.192304 83.26098 4357.548 27567.09 21100.67 3019.038 6969.49 5577.478 1587.788 1141.962 330.8577 96.25482 16.95298 1.68727 0.06931999 0.0008634814 2.459118e-06 1.301924e-09 1.118771e-13 
1.308277e-36 1.815802e-28 3.046385e-21 6.178007e-15 1.514466e-09 4.487639e-05 0.1607399 69.59484 3642.317 23042.4 17665.54 3894.799 13837.65 10336.55 2034.213 1085.82 301.2769 81.4758 13.09792 1.13623 0.03835289 0.0003705448 7.873255e-07 3.040453e-10 1.880463e-14 
2.146809e-36 2.97963e-28 4.998947e-21 1.013776e-14 2.485154e-09 7.363965e-05 0.2637652 114.2012 5976.838 37811.23 28957.67 4714.368 11696.02 8391.779 2908.069 1851.011 352.0133 69.13623 9.912482 0.7409722 0.02047264 0.0001535545 2.433229e-07 6.838861e-11 3.037451e-15 
5.816967e-36 8.073567e-28 1.354508e-20 2.746916e-14 6.73374e-09 0.000199533 0.7146949 309.4382 16194.76 102452.8 78427.61 10831.6 19229.43 12656.82 2800.231 1454.248 416.1391 84.03044 7.859188 0.4571931 0.01018807 5.916707e-05 7.007939e-08 1.436767e-11 4.585387e-16 
2.568333e-36 3.564677e-28 5.980486e-21 1.21283e-14 2.973111e-09 8.809872e-05 0.3155553 136.6245 7150.385 45236.06 34851.59 13868.32 53026.87 32406.41 5420.199 2073.004 390.036 75.68039 8.176928 0.3377692 0.005255861 2.295718e-05 2.026424e-08 3.037716e-12 6.989924e-17 
5.891024e-36 8.176353e-28 1.371753e-20 2.781887e-14 6.819469e-09 0.0002020733 0.7237938 313.3777 16400.94 103757.3 79478.27 12465.96 23786.74 15125.09 9516.356 4886.822 659.7128 79.62392 6.648367 0.2687503 0.00315084 9.228086e-06 5.757237e-09 6.24118e-13 1.035549e-17 
6.975282e-36 9.681231e-28 1.624227e-20 3.2939e-14 8.074609e-09 0.0002392654 0.8570099 371.0557 19419.58 122854.8 94311.53 21550.4 55034.28 29327.94 5731.937 2668.032 982.4489 139.3839 7.052195 0.1939408 0.001899579 4.243801e-06 1.794099e-09 1.31608e-13 1.523863e-18 
9.25243e-36 1.284176e-27 2.154472e-20 4.369226e-14 1.071064e-08 0.0003173759 1.136789 492.1904 25759.29 162962.2 125124.9 28077.52 65480.9 33722.72 10644.85 3982.292 615.0856 118.5851 9.258063 0.1833946 0.001125711 1.854957e-06 5.911262e-10 3.059181e-14 2.396076e-19 
1.11856e-35 1.552487e-27 2.604619e-20 5.282115e-14 1.294848e-08 0.0003836872 1.374305 595.0267 31141.33 197011.8 151450.9 37864.18 87219.79 41710.32 12478.95 4567.861 849.7272 96.24603 6.465552 0.1634374 0.0008503601 8.956756e-07 1.906171e-10 7.087254e-15 4.01192e-20 
1.659003e-35 2.302587e-27 3.863067e-20 7.834223e-14 1.920468e-08 0.0005690696 2.038315 882.52 46187.58 292200.3 224587.5 52228.16 105863.3 47914.86 15778.12 5258.428 912.6048 103.1767 5.075024 0.09696561 0.0005105496 4.858706e-07 7.381053e-11 1.7883e-15 6.771114e-21 
2.176366e-35 3.020652e-27 5.067771e-20 1.027734e-13 2.519368e-08 0.0007465349 2.673967 1157.735 60591.25 383326.5 295139.6 78102.14 156842.2 65187.29 18868.68 5743.821 989.0595 100.0732 4.387588 0.06324936 0.0002399361 1.926561e-07 2.572482e-11 4.988777e-16 1.34845e-21 
2.64508e-35 3.671197e-27 6.159194e-20 1.249072e-13 3.061953e-08 0.0009073128 3.249847 1407.071 73640.53 465886.7 359416.4 106220.9 206509.6 82186.49 26673.46 7196.018 1056.648 96.40575 3.688016 0.04371085 0.0001242547 7.040612e-08 6.992833e-12 1.082255e-16 2.374228e-22 
2.634885e-35 3.657047e-27 6.135454e-20 1.244258e-13 3.050152e-08 0.0009038157 3.237321 1401.648 73356.7 464100.4 359414.9 128797.8 247397.2 94221.81 32506.42 8376.661 1203.604 91.12227 2.877934 0.02798225 6.233858e-05 2.626622e-08 1.850563e-12 2.013256e-17 3.194959e-23 
2.051673e-35 2.847587e-27 4.777417e-20 9.688506e-14 2.375023e-08 0.0007037628 2.520764 1091.404 57119.75 361388.6 281676.3 128748.8 243215.5 91946.79 36054.34 8865.211 1251.561 86.7592 2.248026 0.0169443 2.919322e-05 9.344368e-09 4.870263e-13 3.815667e-18 4.268879e-24 
2.333968e-35 3.239393e-27 5.434755e-20 1.102157e-13 2.701809e-08 0.0008005954 2.867602 1241.573 64979.01 411109.2 319339.8 116730.9 189302.6 74695.11 34376.6 8540.676 1232.034 79.16207 1.781724 0.01066007 1.375953e-05 3.26253e-09 1.257585e-13 7.231225e-19 5.870086e-25 
2.302473e-35 3.195681e-27 5.361418e-20 1.087285e-13 2.665351e-08 0.0007897921 2.828907 1224.819 64102.2 405579 316875.9 136743.8 211750 72033.19 26678.93 6943.087 1064.35 66.23241 1.323345 0.006527951 6.525192e-06 1.144268e-09 3.196468e-14 1.327553e-19 7.790899e-26 
2.235124e-35 3.102205e-27 5.204593e-20 1.055481e-13 2.587387e-08 0.0007666902 2.74616 1188.992 62227.19 393731.4 308899.9 141807.2 203958.5 70351.65 26482.97 5509.045 748.9665 46.31889 0.8490614 0.00354318 2.820773e-06 3.775765e-10 7.79916e-15 2.34422e-20 9.845882e-27 
2.266184e-35 3.145313e-27 5.276916e-20 1.070148e-13 2.623342e-08 0.0007773441 2.78432 1205.515 63091.92 399220.2 314345.9 148145.1 195791 66913.6 24973.88 5045.665 581.3084 29.42359 0.4801446 0.001733472 1.125927e-06 1.176989e-10 1.841975e-15 4.104869e-21 1.257561e-27 
2.578219e-35 3.578398e-27 6.003506e-20 1.217499e-13 2.984555e-08 0.0008843783 3.167699 1371.504 71779.21 454204.4 358089.4 161134.7 191858.6 62983.1 22017.7 4236.731 450.1114 18.81227 0.2394987 0.0007010853 3.717532e-07 3.089918e-11 3.735437e-16 6.288644e-22 1.431799e-28 
2.875238e-35 3.990641e-27 6.695128e-20 1.357758e-13 3.328385e-08 0.0009862613 3.532628 1529.506 80048.47 506571.3 401851.5 192985 212318.2 64953.24 20333.95 3552.639 338.4536 12.20158 0.1228857 0.0002705659 1.088553e-07 6.985739e-12 6.525738e-17 8.398662e-23 1.442176e-29 
3.438285e-35 4.772112e-27 8.006208e-20 1.623643e-13 3.98017e-08 0.001179397 4.224408 1829.023 95724.13 605811.7 482115.2 228025.2 228443.7 69052.16 20113.44 3045.212 246.3629 7.444299 0.06054261 0.0001021226 3.028164e-08 1.419042e-12 9.762002e-18 9.347366e-24 1.199868e-30 
3.649186e-35 5.06483e-27 8.497303e-20 1.723236e-13 4.22431e-08 0.00125174 4.48353 1941.214 101596 643085.3 517964 278173.2 260986.2 74175.77 19594.82 2694.329 181.8634 4.377501 0.02795376 3.631047e-05 8.077084e-09 2.771329e-13 1.37508e-18 9.455295e-25 8.741467e-32 
4.237323e-35 5.881124e-27 9.866806e-20 2.000968e-13 4.905139e-08 0.001453482 5.206137 2254.078 117970.4 746811.6 603733.1 315068.3 271396.5 81260.85 20582.15 2489.078 142.1181 2.718231 0.01316014 1.280185e-05 2.120337e-09 5.368595e-14 1.944164e-19 9.654732e-26 6.394667e-33 
4.699302e-35 6.522322e-27 1.094255e-19 2.219127e-13 5.439928e-08 0.00161195 5.773743 2499.832 130832.8 828427.9 677413.3 377326.2 300550.5 84672.71 19989.56 2307.966 112.1133 1.703826 0.006266692 4.485639e-06 5.402748e-10 9.93231e-15 2.610453e-20 9.389344e-27 4.488639e-34 
4.732084e-35 6.56782e-27 1.101888e-19 2.234607e-13 5.477876e-08 0.001623195 5.814019 2517.27 131746.3 834512.9 693994.6 425366.1 318202.4 89111.2 19173.38 1968.823 83.99193 1.042234 0.002924821 1.545842e-06 1.34886e-10 1.777811e-15 3.338446e-21 8.581918e-28 2.935823e-35 
4.296675e-35 5.963502e-27 1.000501e-19 2.028996e-13 4.973846e-08 0.001473841 5.27906 2285.652 119625.4 758145.1 645026.5 440989.3 314327.3 92072.21 18853.69 1739.946 62.42608 0.6330529 0.001391648 5.507815e-07 3.50246e-11 3.319026e-16 4.447407e-22 8.12209e-29 1.969921e-36 
4.151589e-35 5.762132e-27 9.667171e-20 1.960483e-13 4.805893e-08 0.001424074 5.100802 2208.472 115587.1 732807 628167.4 416074.4 278915.6 85869.21 17140.49 1484.279 45.39657 0.3682214 0.0006277485 1.886625e-07 8.904764e-12 6.14163e-17 5.912846e-23 7.701596e-30 1.326727e-37 
4.151589e-35 5.762132e-27 9.667171e-20 1.960483e-13 4.805893e-08 0.001424074 5.100802 2208.472 115587.1 732807 628180 416679 281129.5 84470.81 15855.75 1256.914 33.95454 0.2359269 0.0003367086 8.34376e-08 3.21569e-12 1.799071e-17 1.398433e-23 1.465698e-30 2.026799e-38 
