# Number of parameters = 80 Objective function value = 28163.1198318762  Maximum gradient component = 0.000381666931892746
# srv_sel50:
0.891228245301
# srv_sel95:
1.01186471717
# stNatLen:
 11.0501767694 10.4353478999 9.76792841185 9.06100254505 8.41660831391 7.87535127237 7.43357884471 7.07599190316 6.78773536776 6.55705724856 6.37523923561 6.23599806055 6.13492632815 6.06908136868 6.03664782577
# log_avg_fmort_dir:
-0.661618972475
# fmort_dir_dev:
 -1.04451738680 -0.713764598579 -0.429350645786 -0.715947543323 -0.561079029088 -0.547097600727 -0.504739246926 -0.369406328144 -0.317753073751 0.0474177134822 -0.0350464917140 0.221952653888 0.217312559020 0.326936104473 0.279295139512 0.449109084693 0.382762689330 0.383825873886 0.235048384008 0.345876298278 0.203941590526 0.222010918574 0.511782444511 0.252639429841 0.208557318988 0.321106555492 0.363898869150 0.165731315978 0.0994970012050
# mean_log_rec:
13.2050317357
# rec_dev:
 -3.20016237764 -3.92320850003 -2.44889119932 -1.22927380577 -0.969772523580 -0.901694081465 -0.670288416027 -0.156859948425 0.131770093215 0.367083793949 0.547558413028 0.728435237929 0.791755357790 0.637391653241 0.610821122311 0.633869951540 0.546062934277 0.490249243871 0.576908557810 0.602252795279 0.619823895006 0.651928470466 0.682792210096 0.719914436410 0.759282448911 0.722156044057 0.789213686152 0.945440254640 0.945440252277
# log_avg_NatM:
-0.917167159152
# m_dev:
 0.00000000000 0.00000000000 0.00000000000 0.00000000000 0.00000000000 0.00000000000 0.00000000000 0.00000000000 0.00000000000 0.00000000000 0.00000000000 0.00000000000 0.00000000000 0.00000000000 0.00000000000 0.00000000000 0.00000000000 0.00000000000 0.00000000000 0.00000000000 0.00000000000 0.00000000000 0.00000000000 0.00000000000 0.00000000000 0.00000000000 0.00000000000 0.00000000000 0.00000000000
# log_avg_GrowthK:
-1.02151300000
# log_avg_Linf:
3.36611700000
# GrowthK_dev:
 0.00000000000 0.00000000000 0.00000000000 0.00000000000 0.00000000000 0.00000000000 0.00000000000 0.00000000000 0.00000000000 0.00000000000 0.00000000000 0.00000000000 0.00000000000 0.00000000000 0.00000000000 0.00000000000 0.00000000000 0.00000000000 0.00000000000 0.00000000000 0.00000000000 0.00000000000 0.00000000000 0.00000000000 0.00000000000 0.00000000000 0.00000000000 0.00000000000 0.00000000000
# Linf_dev:
 0.00000000000 0.00000000000 0.00000000000 0.00000000000 0.00000000000 0.00000000000 0.00000000000 0.00000000000 0.00000000000 0.00000000000 0.00000000000 0.00000000000 0.00000000000 0.00000000000 0.00000000000 0.00000000000 0.00000000000 0.00000000000 0.00000000000 0.00000000000 0.00000000000 0.00000000000 0.00000000000 0.00000000000 0.00000000000 0.00000000000 0.00000000000 0.00000000000 0.00000000000
# SelPars50:
0.582897937975
# SelPars95:
1.91640074518
# SelPars_dev50:
 0.00000000000 0.00000000000 0.00000000000 0.00000000000 0.00000000000 0.00000000000 0.00000000000 0.00000000000 0.00000000000 0.00000000000 0.00000000000 0.00000000000 0.00000000000 0.00000000000 0.00000000000 0.00000000000 0.00000000000 0.00000000000 0.00000000000 0.00000000000 0.00000000000 0.00000000000 0.00000000000 0.00000000000 0.00000000000 0.00000000000 0.00000000000 0.00000000000 0.00000000000
# SelPars_dev95:
 0.00000000000 0.00000000000 0.00000000000 0.00000000000 0.00000000000 0.00000000000 0.00000000000 0.00000000000 0.00000000000 0.00000000000 0.00000000000 0.00000000000 0.00000000000 0.00000000000 0.00000000000 0.00000000000 0.00000000000 0.00000000000 0.00000000000 0.00000000000 0.00000000000 0.00000000000 0.00000000000 0.00000000000 0.00000000000 0.00000000000 0.00000000000 0.00000000000 0.00000000000
