# Number of parameters = 77 Objective function value = 23010.3850987269  Maximum gradient component = 21.5351754780479
# srv_sel50:
0.999704996070
# srv_sel95:
1.00131206735
# stNatLen:
 10.1030882600 8.82379082269 7.45940911963 6.42461728626 5.67800693052 5.12469046140 4.70051203127 4.36742577996 4.10267468804 3.89207304297 3.72640721163 3.59953612278 3.50734677478 3.44715639244 3.41736623018
# log_avg_fmort_dir:
0.451016168391
# fmort_dir_dev:
 -0.903462952438 -0.485958311310 -0.506589664376 -0.508363706401 -0.431012089214 -0.147574806458 -0.0790040268432 -0.220284274443 -0.245951367606 -0.125619056703 -0.0398794268238 -0.162638410945 0.0232237201628 0.0486987137551 0.143923846663 0.174488594686 0.333798985194 0.223645500337 0.302641312113 0.138010573880 0.255228613230 0.475345011620 0.137584658849 0.169103062781 0.447043691139 0.526681537509 0.311100289176 0.145819982465
# mean_log_rec:
13.5610197784
# rec_dev:
 -2.81343174592 -2.18936021179 -1.72581796010 -1.13458289161 -1.25138950134 -1.45484299330 -0.857440754662 -0.421605596169 -0.150866441870 0.0447834269399 0.259882656452 0.621668735328 0.678070655167 0.592918014730 0.582493632289 0.615685533051 0.482539932428 0.476064874886 0.483849098165 0.609142935349 0.627100246686 0.618033100474 0.892886817450 1.04931172641 0.929052711255 0.769207368419 0.833325895047 0.833320736228
# log_avg_NatM:
-1.07516900000
# m_dev:
 0.00000000000 0.00000000000 0.00000000000 0.00000000000 0.00000000000 0.00000000000 0.00000000000 0.00000000000 0.00000000000 0.00000000000 0.00000000000 0.00000000000 0.00000000000 0.00000000000 0.00000000000 0.00000000000 0.00000000000 0.00000000000 0.00000000000 0.00000000000 0.00000000000 0.00000000000 0.00000000000 0.00000000000 0.00000000000 0.00000000000 0.00000000000 0.00000000000
# log_avg_GrowthK:
-1.20372700000
# log_avg_Linf:
3.45755400000
# GrowthK_dev:
 0.00000000000 0.00000000000 0.00000000000 0.00000000000 0.00000000000 0.00000000000 0.00000000000 0.00000000000 0.00000000000 0.00000000000 0.00000000000 0.00000000000 0.00000000000 0.00000000000 0.00000000000 0.00000000000 0.00000000000 0.00000000000 0.00000000000 0.00000000000 0.00000000000 0.00000000000 0.00000000000 0.00000000000 0.00000000000 0.00000000000 0.00000000000 0.00000000000
# Linf_dev:
 0.00000000000 0.00000000000 0.00000000000 0.00000000000 0.00000000000 0.00000000000 0.00000000000 0.00000000000 0.00000000000 0.00000000000 0.00000000000 0.00000000000 0.00000000000 0.00000000000 0.00000000000 0.00000000000 0.00000000000 0.00000000000 0.00000000000 0.00000000000 0.00000000000 0.00000000000 0.00000000000 0.00000000000 0.00000000000 0.00000000000 0.00000000000 0.00000000000
# SelPars50:
1.03206648100
# SelPars95:
1.21250694187
# SelPars_dev50:
 0.00000000000 0.00000000000 0.00000000000 0.00000000000 0.00000000000 0.00000000000 0.00000000000 0.00000000000 0.00000000000 0.00000000000 0.00000000000 0.00000000000 0.00000000000 0.00000000000 0.00000000000 0.00000000000 0.00000000000 0.00000000000 0.00000000000 0.00000000000 0.00000000000 0.00000000000 0.00000000000 0.00000000000 0.00000000000 0.00000000000 0.00000000000 0.00000000000
# SelPars_dev95:
 0.00000000000 0.00000000000 0.00000000000 0.00000000000 0.00000000000 0.00000000000 0.00000000000 0.00000000000 0.00000000000 0.00000000000 0.00000000000 0.00000000000 0.00000000000 0.00000000000 0.00000000000 0.00000000000 0.00000000000 0.00000000000 0.00000000000 0.00000000000 0.00000000000 0.00000000000 0.00000000000 0.00000000000 0.00000000000 0.00000000000 0.00000000000 0.00000000000
