#Simulated generalized assessment 
# 
#start/end year 
71 98 
#number of ages 
15 
#ages 
1 2 3 4 5 6 7 8 9 10 11 12 13 14 15 
#Number of length bins 
25 
#CPUE years 
28 
#years for CPUE 
71 72 73 74 75 76 77 78 79 80 81 82 83 84 85 86 87 88 89 90 91 92 93 94 95 96 97 98 
#survey years 
28 
#years for survey 
71 72 73 74 75 76 77 78 79 80 81 82 83 84 85 86 87 88 89 90 91 92 93 94 95 96 97 98 
#length freq from catch years 
28 
#years for length freq catch 
71 72 73 74 75 76 77 78 79 80 81 82 83 84 85 86 87 88 89 90 91 92 93 94 95 96 97 98 
#catch length sample sizes 
200 200 200 200 200 200 200 200 200 200 200 200 200 200 200 200 200 200 200 200 200 200 200 200 200 200 200 200 
#length freq from survey years 
28 
#years for length freq survey 
71 72 73 74 75 76 77 78 79 80 81 82 83 84 85 86 87 88 89 90 91 92 93 94 95 96 97 98 
#survey sample sizes 
200 200 200 200 200 200 200 200 200 200 200 200 200 200 200 200 200 200 200 200 200 200 200 200 200 200 200 200 
#total survey biomass 
7600.159 7908.607 9648.488 14497.73 14732.61 18866.24 15435.96 35040.21 42978.4 36838.04 60475.91 76604.89 90872.71 146610.6 107073.5 94720.35 99922 92691.52 97151.51 109647.2 118407.5 108163.7 101069 116854.9 135412.2 111118.7 88095.76 124163.4 
#survey CV 
0.2 0.2 0.2 0.2 0.2 0.2 0.2 0.2 0.2 0.2 0.2 0.2 0.2 0.2 0.2 0.2 0.2 0.2 0.2 0.2 0.2 0.2 0.2 0.2 0.2 0.2 0.2 0.2 
#total CPUE 
5575.864 6054.599 10907.31 11951.84 15796.05 18829.02 15455.26 35048.17 40070.27 60821.06 80985.48 103439.5 124708.3 119566.2 70236.06 133597.1 78651.12 82600.14 120875.8 98225.28 170528.9 112669.8 192502.9 129762 175636.6 173504.1 124734.4 173072.1 
#CPUE CV 
0.2 0.2 0.2 0.2 0.2 0.2 0.2 0.2 0.2 0.2 0.2 0.2 0.2 0.2 0.2 0.2 0.2 0.2 0.2 0.2 0.2 0.2 0.2 0.2 0.2 0.2 0.2 0.2 
#total catch biomass 
4796.242 4998.287 5739.012 7514.318 9900.149 14558.7 12052.85 14301.95 24435.34 34255.13 42630.9 55240.14 76284.49 99731.69 108515.3 91835.34 85383.68 83444.65 84436.39 87894.48 87775.49 92261.59 94325.94 94119.61 98119.12 99117.36 106868 96682.54 
#catch CV 
0.05 0.05 0.05 0.05 0.05 0.05 0.05 0.05 0.05 0.05 0.05 0.05 0.05 0.05 0.05 0.05 0.05 0.05 0.05 0.05 0.05 0.05 0.05 0.05 0.05 0.05 0.05 0.05 
#Length Bins 
0.7268035 2.18041 3.634017 5.087624 6.541231 7.994838 9.448445 10.90205 12.35566 13.80927 15.26287 16.71648 18.17009 19.62369 21.0773 22.53091 23.98451 25.43812 26.89173 28.34534 29.79894 31.25255 32.70616 34.15976 35.61337 
#catch length counts 
5.415315e-37 7.5161e-29 1.260982e-21 2.557246e-15 6.268787e-10 1.857556e-05 0.06653464 28.8072 1507.654 9537.865 7307.742 1476.188 5528.358 4700.581 1470.244 1200.759 398.9684 138.9911 30.67858 4.101923 0.2419914 0.004523989 1.98026e-05 1.627103e-08 2.171333e-12 
5.583227e-37 7.749151e-29 1.300081e-21 2.636538e-15 6.463162e-10 1.915153e-05 0.06859767 29.70042 1554.402 9833.61 7536.149 1572.225 5701.207 4591.86 1480.18 1139.269 369.4834 121.4752 24.83617 2.910224 0.1418103 0.002066762 6.749136e-06 4.02431e-09 3.837981e-13 
8.287278e-37 1.15022e-28 1.929732e-21 3.913458e-15 9.593381e-10 2.842694e-05 0.1018207 44.08484 2307.225 14596.18 11180.65 1983.444 5816.796 4422.252 1453.305 1043.518 329.3809 101.4733 19.13212 1.961521 0.078584 0.0008894729 2.166363e-06 9.387853e-10 6.406968e-14 
1.194547e-36 1.657953e-28 2.781559e-21 5.640946e-15 1.382812e-09 4.097524e-05 0.1467666 63.54488 3325.686 21039.29 16120.96 3004.426 8684.756 6150.706 1604.906 969.8484 294.5788 84.16877 14.49969 1.291749 0.04241582 0.0003721776 6.757215e-07 2.130898e-10 1.043034e-14 
1.80078e-36 2.499363e-28 4.193201e-21 8.503726e-15 2.084588e-09 6.177017e-05 0.2212507 95.79391 5013.472 31716.75 24307.21 4592.407 12565.23 8366.708 2287.192 1260.859 295.3775 70.12155 10.82403 0.8280505 0.02213228 0.0001503351 2.036402e-07 4.680075e-11 1.646183e-15 
1.970161e-36 2.734454e-28 4.587614e-21 9.303589e-15 2.280665e-09 6.758029e-05 0.2420616 104.8043 5485.04 34700.15 26629.33 6316.289 19219.51 11992.48 3281.59 1667.551 376.8589 72.79902 8.448894 0.5294428 0.01137307 5.952851e-05 6.017341e-08 1.009997e-11 2.559115e-16 
1.434945e-36 1.991608e-28 3.341336e-21 6.776163e-15 1.661096e-09 4.922133e-05 0.1763028 76.33302 3994.966 25273.63 19446.37 6351.488 21082.77 12558.62 4509.524 2251.836 479.1586 83.41825 7.799023 0.3513508 0.005673388 2.253763e-05 1.694322e-08 2.078126e-12 3.801395e-17 
2.963084e-36 4.112565e-28 6.899681e-21 1.399241e-14 3.430076e-09 0.0001016394 0.3640558 157.6236 8249.392 52188.27 40009.54 7255.746 15294.05 8884.082 4512.304 2285.102 572.0991 95.49578 7.671641 0.2630972 0.002950796 8.304506e-06 4.53581e-09 4.04258e-13 5.336091e-18 
4.427179e-36 6.144633e-28 1.03089e-20 2.090623e-14 5.124917e-09 0.0001518607 0.5439402 235.5073 12325.52 77975.53 59879.33 13713.53 32417.29 16288.59 3929.473 1725.459 547.6822 99.44566 7.867472 0.2212112 0.001808035 3.467379e-06 1.29437e-09 8.086273e-14 7.590911e-19 
7.053161e-36 9.789323e-28 1.642362e-20 3.330677e-14 8.164763e-09 0.0002419369 0.8665785 375.1986 19636.4 124227 95432.88 21903.97 47832.01 23000.8 7209.357 2516.511 433.0942 77.43518 6.623599 0.173299 0.001129164 1.554618e-06 3.954223e-10 1.664096e-14 1.065316e-19 
7.055146e-36 9.792077e-28 1.642824e-20 3.331614e-14 8.16706e-09 0.0002420049 0.8668223 375.3041 19641.93 124263.8 95850.43 31636.99 76537.87 34300.46 10468.01 3496.542 617.5377 68.927 4.550378 0.115121 0.0006620475 7.17596e-07 1.324126e-10 3.859706e-15 1.676395e-20 
1.197314e-35 1.661792e-27 2.788001e-20 5.65401e-14 1.386014e-08 0.0004107013 1.471065 636.9205 33333.88 210884 162245.7 39842.59 76850 34662.42 15328.8 4852.131 802.3573 81.7832 3.724628 0.06634982 0.0003231304 2.946784e-07 4.279421e-11 9.258989e-16 2.865623e-21 
1.425995e-35 1.979187e-27 3.320497e-20 6.7339e-14 1.650736e-08 0.0004891434 1.752032 758.5694 39700.51 251166.5 194029.1 63369.04 128454.3 50442.95 15531.16 4972.67 992.2091 92.98009 3.5462 0.04406573 0.0001447912 9.989203e-08 1.153063e-11 1.95338e-16 4.5818e-22 
2.005906e-35 2.784065e-27 4.670847e-20 9.472383e-14 2.322043e-08 0.0006880639 2.464533 1067.058 55845.56 353310.3 272977.9 84495.45 153635.5 60844.8 24040.18 6203.593 969.4055 95.30367 3.398087 0.0334707 7.704079e-05 3.533577e-08 2.836595e-12 3.543434e-17 6.296387e-23 
1.75837e-35 2.440502e-27 4.094448e-20 8.303457e-14 2.035495e-08 0.0006031543 2.160401 935.3789 48954.03 309726.1 241548.5 113044.9 214564.4 78482.74 28307.38 7484.857 1170.608 88.81419 2.819772 0.0246018 4.42973e-05 1.447581e-08 7.848241e-13 6.573975e-18 8.037983e-24 
1.363401e-35 1.892311e-27 3.174745e-20 6.438318e-14 1.578278e-08 0.0004676726 1.675127 725.2722 37957.89 240165.9 188571.4 103825.5 187635.8 76306.93 36607.52 8735.248 1268.083 90.16506 2.266544 0.0158363 2.352058e-05 6.012838e-09 2.390104e-13 1.401148e-18 1.167125e-24 
1.544636e-35 2.143854e-27 3.596759e-20 7.294155e-14 1.788076e-08 0.0005298397 1.8978 821.6817 43003.58 272086.6 212575 91689.71 143431.6 60502.77 31443.6 8750.706 1351.31 84.51231 1.821729 0.009947059 1.11652e-05 2.203126e-09 6.751161e-14 2.970707e-19 1.799247e-25 
1.575084e-35 2.186112e-27 3.667657e-20 7.437934e-14 1.823322e-08 0.0005402836 1.935208 837.8783 43851.26 277467 218396.9 110323.7 162552.1 57974.42 24590.58 7105.225 1204.443 77.37667 1.439625 0.006320857 5.429286e-06 7.905231e-10 1.78247e-14 5.830343e-20 2.633522e-26 
1.649172e-35 2.288942e-27 3.840174e-20 7.787796e-14 1.909087e-08 0.0005656973 2.026236 877.2901 45913.94 290531.6 229492.8 117468 158914.1 58247.84 23843.76 5433.868 836.9087 54.48695 0.960032 0.003542302 2.371025e-06 2.598434e-10 4.304353e-15 1.019056e-20 3.320983e-27 
1.635059e-35 2.269354e-27 3.807313e-20 7.721154e-14 1.89275e-08 0.0005608564 2.008897 869.7829 45521.09 288072.3 229482.3 130644.5 164840.3 58704.63 22856.13 4949.018 619.1967 33.72556 0.5397935 0.001753422 9.629886e-07 8.165498e-11 1.011501e-15 1.758294e-21 4.156729e-28 
1.880799e-35 2.610425e-27 4.37953e-20 8.881598e-14 2.177219e-08 0.0006451499 2.310822 1000.506 52362.67 331380.9 264105.7 139657.9 159292.1 58178.31 21896.4 4386.963 484.5292 20.94133 0.2637518 0.000708065 3.218701e-07 2.192061e-11 2.104896e-16 2.754583e-22 4.805172e-29 
2.031405e-35 2.819456e-27 4.730222e-20 9.592796e-14 2.351561e-08 0.0006968105 2.495862 1080.622 56555.73 357969.5 288401 169414.1 179299.4 60092.66 20483.8 3928.103 384.2994 13.65506 0.1311072 0.0002639352 9.229909e-08 4.91876e-12 3.688698e-17 3.721791e-23 4.924677e-30 
2.244168e-35 3.114757e-27 5.225652e-20 1.059752e-13 2.597856e-08 0.0007697923 2.757271 1193.803 62479.32 395512.2 320652.4 189832.1 185212.7 63413.38 19970.24 3323.624 285.2944 8.460769 0.06317855 9.423167e-05 2.39751e-08 9.363748e-13 5.223541e-18 3.962032e-24 3.954646e-31 
2.447092e-35 3.396403e-27 5.69817e-20 1.155577e-13 2.832762e-08 0.0008393992 3.006591 1301.75 68129.09 431361.5 353314 219038.8 197643 65997.15 19479.56 2984.306 213.614 5.141207 0.03018695 3.39164e-05 6.302365e-09 1.768395e-13 7.058173e-19 3.846673e-25 2.780357e-32 
2.857031e-35 3.965371e-27 6.652732e-20 1.349161e-13 3.307308e-08 0.000980016 3.510258 1519.821 79542.43 503729.7 416046 259850.4 217257.5 73378.48 20237.53 2827.436 173.856 3.328466 0.01498148 1.26946e-05 1.744934e-09 3.557374e-14 1.018577e-19 3.952591e-26 2.02782e-33 
2.984078e-35 4.141704e-27 6.948568e-20 1.409156e-13 3.454379e-08 0.001023596 3.666353 1587.405 83080.17 526348.5 442958.1 303046.9 236364.7 76405.08 19492.85 2495.62 131.231 2.024237 0.006952238 4.366822e-06 4.404719e-10 6.548564e-15 1.357508e-20 3.785997e-27 1.38739e-34 
2.856903e-35 3.965193e-27 6.652434e-20 1.3491e-13 3.307161e-08 0.0009799721 3.510101 1519.753 79540.48 504243 435821.1 334364.8 249745.3 84353.8 20008.88 2282.812 102.4531 1.274343 0.003366525 1.573465e-06 1.157193e-10 1.242691e-15 1.854535e-21 3.717372e-28 9.772338e-36 
2.7926e-35 3.875945e-27 6.502702e-20 1.318735e-13 3.232723e-08 0.000957915 3.431096 1485.547 77751.18 493143.3 431813.6 329699.7 234404.1 83409.34 19246.17 2015.188 75.90919 0.7559137 0.001539334 5.386716e-07 2.907877e-11 2.261781e-16 2.424224e-22 3.473884e-29 6.515331e-37 
#survey length counts 
7.240255e-37 1.0049e-28 1.685928e-21 3.419027e-15 8.381343e-10 2.483545e-05 0.08895655 38.51512 2015.728 12752.09 9770.1 1955.248 7264.669 6176.733 1931.647 1576.122 519.1425 178.9314 38.76686 5.02659 0.2852565 0.005116064 2.148764e-05 1.698956e-08 2.19165e-12 
1.055858e-36 1.465462e-28 2.458616e-21 4.986024e-15 1.222265e-09 3.621795e-05 0.1297268 56.16723 2939.569 18596.57 14242 2446.93 7365.124 5925.433 1887.155 1443.36 462.5554 150.124 30.17959 3.455972 0.1629682 0.002289517 7.213252e-06 4.159012e-09 3.846487e-13 
1.497622e-36 2.0786e-28 3.487283e-21 7.072139e-15 1.733652e-09 5.137127e-05 0.1840035 79.66718 4169.463 26377.25 20206.31 3654.416 10937.74 8231.138 2097.683 1342.784 414.2553 125.2525 23.15857 2.325664 0.09082515 0.0009974508 2.355331e-06 9.914303e-10 6.588186e-14 
2.232461e-36 3.098508e-28 5.198391e-21 1.054223e-14 2.584304e-09 7.657765e-05 0.2742887 118.7575 6215.297 39319.82 30126.47 5539.22 15798.56 11198.74 2985.554 1764.602 423.5415 105.5593 17.59342 1.530896 0.04914535 0.0004211216 7.457913e-07 2.294887e-10 1.097774e-14 
2.403997e-36 3.336589e-28 5.59782e-21 1.135227e-14 2.782875e-09 8.246166e-05 0.2953643 127.8825 6692.862 42341.17 32480.35 7490.317 24027.45 15990.29 4269.452 2334.597 542.6954 112.1974 14.02856 1.003082 0.02610761 0.0001736366 2.305974e-07 5.197936e-11 1.794253e-15 
1.726487e-36 2.396249e-28 4.020206e-21 8.152896e-15 1.998586e-09 5.922177e-05 0.2121228 91.84183 4806.636 30408.48 23381.76 7425.063 26237.24 16637.09 5806.223 3160.232 693.1379 130.1305 13.35851 0.6896056 0.0135107 6.856746e-05 6.80214e-08 1.123635e-11 2.805067e-16 
3.559368e-36 4.940168e-28 8.288157e-21 1.680822e-14 4.120336e-09 0.0001220931 0.4373176 189.3434 9909.481 62690.45 48048.05 8566.46 19139.16 11762.23 5816.208 3215.863 831.3864 152.1497 13.5763 0.5421977 0.007416288 2.667825e-05 1.927461e-08 2.319281e-12 4.185107e-17 
5.229918e-36 7.258782e-28 1.217811e-20 2.469697e-14 6.054171e-09 0.0001793961 0.6425678 278.2097 14560.39 92113.92 70706.27 15928.33 40290.34 21711.86 5140.137 2384.057 785.7935 157.447 14.11896 0.4696715 0.00473557 1.165129e-05 5.754666e-09 4.858212e-13 6.24324e-18 
8.278298e-36 1.148973e-27 1.927641e-20 3.909217e-14 9.582985e-09 0.0002839614 1.017103 440.3706 23047.25 145804.9 111958.5 25359.08 59522.1 30578.61 9431.926 3618.911 636.6887 122.0188 12.02522 0.3791961 0.003092675 5.502296e-06 1.855708e-09 1.055397e-13 9.251717e-19 
8.217993e-36 1.140603e-27 1.913599e-20 3.880739e-14 9.513176e-09 0.0002818928 1.009694 437.1627 22879.36 144744.6 111555.6 36394.07 95270.86 45628.31 13756.08 5014.343 931.0998 113.7836 8.372618 0.2574493 0.00188149 2.661813e-06 6.542053e-10 2.579797e-14 1.533669e-19 
1.38202e-35 1.918152e-27 3.218098e-20 6.526239e-14 1.599831e-08 0.0004740591 1.698002 735.1764 38476.21 243415.6 187168.8 45658.05 95490.82 45490.76 20088 6996.973 1217.924 138.1867 7.192877 0.1531888 0.0009487965 1.139591e-06 2.218317e-10 6.511633e-15 2.759736e-20 
1.644239e-35 2.282096e-27 3.828689e-20 7.764504e-14 1.903377e-08 0.0005640053 2.020175 874.6662 45776.55 289604.9 223518.6 72715.22 160595.1 67273.95 20636.19 7101.165 1522.292 160.7823 7.125697 0.1076249 0.0004475498 4.060273e-07 6.308867e-11 1.455826e-15 4.685699e-21 
2.306293e-35 3.200983e-27 5.370313e-20 1.089089e-13 2.669773e-08 0.0007911025 2.833601 1226.851 64208.52 406216 313572.3 97036.24 192742.4 80504.6 32235.42 9118.911 1500.498 166.1868 7.038781 0.08550881 0.0002515151 1.517302e-07 1.638227e-11 2.793407e-16 6.831536e-22 
2.01648e-35 2.798742e-27 4.69547e-20 9.522318e-14 2.334284e-08 0.0006916911 2.477525 1072.683 56139.96 355185 276545 130001.4 270327.2 104389.8 38258.44 10955.82 1861.775 159.1528 5.974208 0.06523678 0.0001518089 6.560923e-08 4.789601e-12 5.475025e-17 9.223391e-23 
1.559085e-35 2.163907e-27 3.630403e-20 7.362384e-14 1.804802e-08 0.0005347958 1.915551 829.3676 43405.82 274629.5 215174.1 119583.5 236927.2 99716.06 49878.01 12950.73 2036.541 165.8226 4.985571 0.0435544 8.41649e-05 2.865268e-08 1.538703e-12 1.231717e-17 1.412581e-23 
1.773991e-35 2.462182e-27 4.130821e-20 8.377222e-14 2.053577e-08 0.0006085126 2.179593 943.6885 49388.93 312480.8 243727.7 106408.1 182733.1 79046.83 43143.43 12914.5 2222.221 160.0403 4.171439 0.02876898 4.21105e-05 1.109681e-08 4.610706e-13 2.776505e-18 2.316214e-24 
1.78637e-35 2.479364e-27 4.159647e-20 8.435681e-14 2.067908e-08 0.0006127589 2.194803 950.2738 49733.59 314677.8 247163.1 127117.8 206158.6 76138.9 33621.04 10358.52 1962.941 148.0648 3.378353 0.01888127 2.128594e-05 4.15162e-09 1.271669e-13 5.704897e-19 3.55622e-25 
1.877792e-35 2.606252e-27 4.372528e-20 8.867398e-14 2.173738e-08 0.0006441184 2.307127 998.9065 52278.85 330795 260706.7 136424.8 203210.8 76692.08 33371.77 8130.479 1381.373 106.2343 2.33132 0.01108579 9.798937e-06 1.443938e-09 3.256758e-14 1.058907e-19 4.768446e-26 
1.856584e-35 2.576816e-27 4.323144e-20 8.767249e-14 2.149188e-08 0.0006368437 2.28107 987.6248 51688.45 327085 259862.2 152049 211302.8 77421.41 32179.23 7519.694 1051.463 67.1879 1.345942 0.005693404 4.163402e-06 4.769031e-10 8.06399e-15 1.928046e-20 6.303901e-27 
2.139462e-35 2.969432e-27 4.981839e-20 1.010307e-13 2.476649e-08 0.0007338763 2.628625 1138.104 59563.98 376934 299643.7 163443 205307.6 76965.88 31224.57 6773.582 846.5299 43.41133 0.6840021 0.002398417 1.460308e-06 1.350392e-10 1.775834e-15 3.202219e-21 7.733119e-28 
2.292761e-35 3.182201e-27 5.338802e-20 1.082698e-13 2.654107e-08 0.0007864606 2.816974 1219.652 63831.99 403993.8 324511.6 197766.2 230638.2 79637.36 29233.31 6106.765 683.2469 29.15184 0.3529415 0.0009297201 4.363326e-07 3.167849e-11 3.264278e-16 4.549549e-22 8.346499e-29 
2.54586e-35 3.533486e-27 5.928156e-20 1.202218e-13 2.947096e-08 0.0008732784 3.127941 1354.291 70878.54 448640 362596.1 223637 240118.1 84785.33 29073.69 5286.163 522.0212 18.80215 0.1785887 0.0003502859 1.198511e-07 6.386897e-12 4.906012e-17 5.152734e-23 7.146692e-30 
2.813707e-35 3.90524e-27 6.551851e-20 1.328702e-13 3.257157e-08 0.0009651551 3.457029 1496.774 78335.79 495926.3 404824 262610 260508.8 89949.09 28985.38 4905.586 407.5452 11.98875 0.09021699 0.0001340138 3.358877e-08 1.287918e-12 7.085674e-18 5.354005e-24 5.386296e-31 
3.255425e-35 4.518315e-27 7.58041e-20 1.537292e-13 3.76849e-08 0.001116673 3.99974 1731.749 90633.81 573886.2 472364.4 310111.2 284528.6 99717.54 30184.55 4690.881 338.5478 7.995623 0.04635602 5.214978e-05 9.698084e-09 2.706655e-13 1.069271e-18 5.755904e-25 4.112132e-32 
3.445938e-35 4.782735e-27 8.02403e-20 1.627257e-13 3.989029e-08 0.001182022 4.233812 1833.095 95938.43 607690.6 509433.3 368159.6 314675.5 106018.4 29744.84 4275.29 266.3753 5.116732 0.02278143 1.906361e-05 2.607655e-09 5.316786e-14 1.522479e-19 5.894041e-26 3.008627e-33 
3.286811e-35 4.561877e-27 7.653495e-20 1.552113e-13 3.804823e-08 0.001127439 4.038302 1748.446 91509.08 579956.1 499068.8 406626.2 331373.7 117369 30818.94 3975.657 213.3638 3.333808 0.01148749 7.180693e-06 7.177464e-10 1.058582e-14 2.184732e-20 6.084502e-27 2.22953e-34 
3.219594e-35 4.468584e-27 7.496977e-20 1.520372e-13 3.727013e-08 0.001104382 3.955717 1712.69 89638.57 568349.4 495537.3 403169.6 311438.4 116886.2 29979.68 3593.566 163.3525 2.058896 0.005499788 2.583416e-06 1.899703e-10 2.03212e-15 3.014706e-21 6.006113e-28 1.571077e-35 
3.416797e-35 4.742289e-27 7.956174e-20 1.613496e-13 3.955296e-08 0.001172026 4.198008 1817.594 95130.09 603409.6 530049.4 412584.6 295213.3 107826.4 26761.91 3063.629 121.2814 1.229967 0.002529541 8.930315e-07 4.851321e-11 3.7856e-16 4.059828e-22 5.808995e-29 1.086229e-36 
