# Number of parameters = 77 Objective function value = 23514.9196332378  Maximum gradient component = 276.094765194679
# srv_sel50:
0.999989442565
# srv_sel95:
1.00005308694
# stNatLen:
 11.3605702144 10.4265032667 9.06760615190 7.97300761615 7.17924229963 6.59549093667 6.15229952748 5.80718822328 5.53465421222 5.31891329806 5.14982473770 5.02069433896 4.92706740787 4.86604606513 4.83591686102
# log_avg_fmort_dir:
0.616953645922
# fmort_dir_dev:
 -0.513499122126 -0.236147113070 -0.237764458108 -0.325373044173 -0.235317658358 -0.300764739297 -0.0778679133400 -0.140761556243 -0.000506605416521 -0.0154174684026 -0.170013914629 -0.0760121513764 -0.0451222268433 0.0366124027589 0.187212475839 0.188286319958 0.0428730284262 0.230250667713 0.118681400339 0.268832991767 0.334811764114 0.0664824225116 0.121274371870 0.153297213362 0.400283456264 0.323223551064 0.191237580546 -0.288791675149
# mean_log_rec:
13.4216034526
# rec_dev:
 -1.75579133716 -1.60185996774 -1.35240823532 -1.17140523601 -0.987701600041 -0.736609652662 -0.547069412001 -0.423658737924 -0.332705067198 -0.125373134112 0.0727917553757 0.215105083905 0.294458110027 0.350176573300 0.357951059992 0.405142661718 0.440889909602 0.397936667393 0.530377523296 0.493804201064 0.444877663463 0.544892589163 0.718528911684 0.805671348496 0.674154821357 0.672610324220 0.807607012073 0.807606164036
# log_avg_NatM:
-1.36598700000
# m_dev:
 0.00000000000 0.00000000000 0.00000000000 0.00000000000 0.00000000000 0.00000000000 0.00000000000 0.00000000000 0.00000000000 0.00000000000 0.00000000000 0.00000000000 0.00000000000 0.00000000000 0.00000000000 0.00000000000 0.00000000000 0.00000000000 0.00000000000 0.00000000000 0.00000000000 0.00000000000 0.00000000000 0.00000000000 0.00000000000 0.00000000000 0.00000000000 0.00000000000
# log_avg_GrowthK:
-1.19807800000
# log_avg_Linf:
3.45748100000
# GrowthK_dev:
 0.00000000000 0.00000000000 0.00000000000 0.00000000000 0.00000000000 0.00000000000 0.00000000000 0.00000000000 0.00000000000 0.00000000000 0.00000000000 0.00000000000 0.00000000000 0.00000000000 0.00000000000 0.00000000000 0.00000000000 0.00000000000 0.00000000000 0.00000000000 0.00000000000 0.00000000000 0.00000000000 0.00000000000 0.00000000000 0.00000000000 0.00000000000 0.00000000000
# Linf_dev:
 0.00000000000 0.00000000000 0.00000000000 0.00000000000 0.00000000000 0.00000000000 0.00000000000 0.00000000000 0.00000000000 0.00000000000 0.00000000000 0.00000000000 0.00000000000 0.00000000000 0.00000000000 0.00000000000 0.00000000000 0.00000000000 0.00000000000 0.00000000000 0.00000000000 0.00000000000 0.00000000000 0.00000000000 0.00000000000 0.00000000000 0.00000000000 0.00000000000
# SelPars50:
1.04054775969
# SelPars95:
1.20128267372
# SelPars_dev50:
 0.00000000000 0.00000000000 0.00000000000 0.00000000000 0.00000000000 0.00000000000 0.00000000000 0.00000000000 0.00000000000 0.00000000000 0.00000000000 0.00000000000 0.00000000000 0.00000000000 0.00000000000 0.00000000000 0.00000000000 0.00000000000 0.00000000000 0.00000000000 0.00000000000 0.00000000000 0.00000000000 0.00000000000 0.00000000000 0.00000000000 0.00000000000 0.00000000000
# SelPars_dev95:
 0.00000000000 0.00000000000 0.00000000000 0.00000000000 0.00000000000 0.00000000000 0.00000000000 0.00000000000 0.00000000000 0.00000000000 0.00000000000 0.00000000000 0.00000000000 0.00000000000 0.00000000000 0.00000000000 0.00000000000 0.00000000000 0.00000000000 0.00000000000 0.00000000000 0.00000000000 0.00000000000 0.00000000000 0.00000000000 0.00000000000 0.00000000000 0.00000000000
