# Number of parameters = 77 Objective function value = 26611.6145250139  Maximum gradient component = 0.0206542358664994
# srv_sel50:
0.891037147918
# srv_sel95:
1.70645744006
# stNatLen:
 11.7724087803 11.4108666178 9.69588928933 8.39662987792 7.49934053037 6.85907609474 6.38257826242 6.01654051857 5.73020159362 5.50505201565 5.32945159062 5.19583741585 5.09923386036 5.03642401711 5.00549490296
# log_avg_fmort_dir:
0.828961385214
# fmort_dir_dev:
 -0.660208980817 -0.716877864658 -0.911804876780 -1.25915217495 -0.608775665085 -0.403406619740 -0.472114804237 -0.369276525931 -0.274838771516 -0.164612405284 -0.172508022233 -0.0583041431287 -0.0401109166049 0.0768999214111 0.0159954834983 0.340172855322 0.220742231706 0.176330827415 0.344797019148 0.458914860244 0.301212138014 0.555519293260 0.467576858634 0.618958288417 0.661922847975 0.714866293266 0.746302500915 0.411780351743
# mean_log_rec:
14.1246529089
# rec_dev:
 -2.78567550543 -2.41142740980 -2.44542362076 -1.69110120159 -1.20025062498 -0.838113158593 -0.637063110258 -0.339499033486 -0.0939209333005 0.0756832808201 0.303342223206 0.438455587524 0.421443650088 0.474884648879 0.629501234941 0.471199119131 0.645884700687 0.758434015016 0.740104224420 0.751572634712 0.851626850939 0.782414902551 0.895817439294 0.886375704495 0.846426574913 0.819540352705 0.824883726830 0.824883727052
# log_avg_NatM:
-1.36448700000
# m_dev:
 0.00000000000 0.00000000000 0.00000000000 0.00000000000 0.00000000000 0.00000000000 0.00000000000 0.00000000000 0.00000000000 0.00000000000 0.00000000000 0.00000000000 0.00000000000 0.00000000000 0.00000000000 0.00000000000 0.00000000000 0.00000000000 0.00000000000 0.00000000000 0.00000000000 0.00000000000 0.00000000000 0.00000000000 0.00000000000 0.00000000000 0.00000000000 0.00000000000
# log_avg_GrowthK:
-1.20372700000
# log_avg_Linf:
3.45755400000
# GrowthK_dev:
 0.00000000000 0.00000000000 0.00000000000 0.00000000000 0.00000000000 0.00000000000 0.00000000000 0.00000000000 0.00000000000 0.00000000000 0.00000000000 0.00000000000 0.00000000000 0.00000000000 0.00000000000 0.00000000000 0.00000000000 0.00000000000 0.00000000000 0.00000000000 0.00000000000 0.00000000000 0.00000000000 0.00000000000 0.00000000000 0.00000000000 0.00000000000 0.00000000000
# Linf_dev:
 0.00000000000 0.00000000000 0.00000000000 0.00000000000 0.00000000000 0.00000000000 0.00000000000 0.00000000000 0.00000000000 0.00000000000 0.00000000000 0.00000000000 0.00000000000 0.00000000000 0.00000000000 0.00000000000 0.00000000000 0.00000000000 0.00000000000 0.00000000000 0.00000000000 0.00000000000 0.00000000000 0.00000000000 0.00000000000 0.00000000000 0.00000000000 0.00000000000
# SelPars50:
1.02392088338
# SelPars95:
1.13742844370
# SelPars_dev50:
 0.00000000000 0.00000000000 0.00000000000 0.00000000000 0.00000000000 0.00000000000 0.00000000000 0.00000000000 0.00000000000 0.00000000000 0.00000000000 0.00000000000 0.00000000000 0.00000000000 0.00000000000 0.00000000000 0.00000000000 0.00000000000 0.00000000000 0.00000000000 0.00000000000 0.00000000000 0.00000000000 0.00000000000 0.00000000000 0.00000000000 0.00000000000 0.00000000000
# SelPars_dev95:
 0.00000000000 0.00000000000 0.00000000000 0.00000000000 0.00000000000 0.00000000000 0.00000000000 0.00000000000 0.00000000000 0.00000000000 0.00000000000 0.00000000000 0.00000000000 0.00000000000 0.00000000000 0.00000000000 0.00000000000 0.00000000000 0.00000000000 0.00000000000 0.00000000000 0.00000000000 0.00000000000 0.00000000000 0.00000000000 0.00000000000 0.00000000000 0.00000000000
