# Number of parameters = 106 Objective function value = 26546.9063413074  Maximum gradient component = 0.000565079468431109
# srv_sel50:
2.70823068389
# srv_sel95:
4.22787687897
# stNatLen:
 13.1025283971 11.9912730731 10.7567882900 9.77681117607 9.03320805505 8.46307165369 8.01815371943 7.66562676736 7.38406071976 7.15942966004 6.98238169326 6.84659072120 6.74778815235 6.68319470030 6.65119066237
# log_avg_fmort_dir:
0.993330508858
# fmort_dir_dev:
 0.121160508069 -0.175184071681 -0.237337768348 -1.08470707226 -1.03467792696 -0.751113336664 -0.893564422215 -0.487371842205 -0.424399546995 0.0536336338946 0.120507097022 0.0935779085425 -0.0539674395053 -0.102966055842 0.270386667542 0.0425956654247 0.0390196207487 0.0171811379575 0.340289825416 0.395290554020 0.316344812343 0.451680579737 0.0678364130727 0.599132728255 0.730398742479 0.578383591633 0.610546962828 0.397323033696
# mean_log_rec:
17.2764479263
# rec_dev:
 -3.58194776726 -4.34774902292 -2.64824034633 -1.57223209133 -1.00730043733 -0.504812626942 0.00744693157832 0.0592338376909 -0.0803770161432 -0.125943197206 0.120057538845 0.550222112833 0.877392535877 0.548105790572 0.598100877424 0.851270470958 0.802130037755 0.753513338748 0.535709456433 0.701107021518 0.733028494821 0.991912010523 0.862015744123 0.764858262549 0.857599265433 0.959709591899 1.14759458131 1.14759460457
# log_avg_NatM:
1.08078060786
# m_dev:
 -1.52132043111 -0.729210548951 -1.24588863283 -0.279150573578 -0.284516929437 -0.118005543263 -0.198467451068 -0.0205245238545 -0.0879806788908 -0.122296760109 -0.0799973416125 -0.0736681514863 -0.0419040554410 0.159014561065 0.0689140201534 0.0770703731795 0.187245633685 0.172735271282 0.254172288325 0.215761579132 0.296059697924 0.268909722316 0.432905588233 0.411005556246 0.433734238738 0.543064160533 0.535338361463 0.747000569362
# log_avg_GrowthK:
-1.20372700000
# log_avg_Linf:
3.45755400000
# GrowthK_dev:
 0.00000000000 0.00000000000 0.00000000000 0.00000000000 0.00000000000 0.00000000000 0.00000000000 0.00000000000 0.00000000000 0.00000000000 0.00000000000 0.00000000000 0.00000000000 0.00000000000 0.00000000000 0.00000000000 0.00000000000 0.00000000000 0.00000000000 0.00000000000 0.00000000000 0.00000000000 0.00000000000 0.00000000000 0.00000000000 0.00000000000 0.00000000000 0.00000000000
# Linf_dev:
 0.00000000000 0.00000000000 0.00000000000 0.00000000000 0.00000000000 0.00000000000 0.00000000000 0.00000000000 0.00000000000 0.00000000000 0.00000000000 0.00000000000 0.00000000000 0.00000000000 0.00000000000 0.00000000000 0.00000000000 0.00000000000 0.00000000000 0.00000000000 0.00000000000 0.00000000000 0.00000000000 0.00000000000 0.00000000000 0.00000000000 0.00000000000 0.00000000000
# SelPars50:
2.54888502225
# SelPars95:
3.95049526756
# SelPars_dev50:
 0.00000000000 0.00000000000 0.00000000000 0.00000000000 0.00000000000 0.00000000000 0.00000000000 0.00000000000 0.00000000000 0.00000000000 0.00000000000 0.00000000000 0.00000000000 0.00000000000 0.00000000000 0.00000000000 0.00000000000 0.00000000000 0.00000000000 0.00000000000 0.00000000000 0.00000000000 0.00000000000 0.00000000000 0.00000000000 0.00000000000 0.00000000000 0.00000000000
# SelPars_dev95:
 0.00000000000 0.00000000000 0.00000000000 0.00000000000 0.00000000000 0.00000000000 0.00000000000 0.00000000000 0.00000000000 0.00000000000 0.00000000000 0.00000000000 0.00000000000 0.00000000000 0.00000000000 0.00000000000 0.00000000000 0.00000000000 0.00000000000 0.00000000000 0.00000000000 0.00000000000 0.00000000000 0.00000000000 0.00000000000 0.00000000000 0.00000000000 0.00000000000
