#Simulated generalized assessment 
# 
#start/end year 
69 97 
#number of ages 
15 
#ages 
1 2 3 4 5 6 7 8 9 10 11 12 13 14 15 
#Number of length bins 
25 
#CPUE years 
29 
#years for CPUE 
69 70 71 72 73 74 75 76 77 78 79 80 81 82 83 84 85 86 87 88 89 90 91 92 93 94 95 96 97 
#survey years 
29 
#years for survey 
69 70 71 72 73 74 75 76 77 78 79 80 81 82 83 84 85 86 87 88 89 90 91 92 93 94 95 96 97 
#length freq from catch years 
29 
#years for length freq catch 
69 70 71 72 73 74 75 76 77 78 79 80 81 82 83 84 85 86 87 88 89 90 91 92 93 94 95 96 97 
#catch length sample sizes 
200 200 200 200 200 200 200 200 200 200 200 200 200 200 200 200 200 200 200 200 200 200 200 200 200 200 200 200 200 
#length freq from survey years 
29 
#years for length freq survey 
69 70 71 72 73 74 75 76 77 78 79 80 81 82 83 84 85 86 87 88 89 90 91 92 93 94 95 96 97 
#survey sample sizes 
200 200 200 200 200 200 200 200 200 200 200 200 200 200 200 200 200 200 200 200 200 200 200 200 200 200 200 200 200 
#total survey biomass 
8075.3 17461.51 15978.02 18015.5 23368.64 28638.46 20673.23 39857.64 47636.99 56700.66 82701.24 92715.37 96034.56 80201.24 95120.63 83877.64 81410.24 86897.4 92515.66 86497.32 82904.37 81902.56 123316 122594.7 113230.5 98126.55 87588.76 120508.9 66328.59 
#survey CV 
0.2 0.2 0.2 0.2 0.2 0.2 0.2 0.2 0.2 0.2 0.2 0.2 0.2 0.2 0.2 0.2 0.2 0.2 0.2 0.2 0.2 0.2 0.2 0.2 0.2 0.2 0.2 0.2 0.2 
#total CPUE 
8503.06 7849.115 12291.47 14636.8 15017.52 26533.76 30506.51 28736.11 40951.33 48302.58 59031.13 54235.51 97529.29 98619.06 127753.1 114335.4 67142.2 95875.11 108077.1 91265.64 114877.1 108953.3 142955 153317.7 120247.5 124976.7 84804.78 153380.3 81124.28 
#CPUE CV 
0.2 0.2 0.2 0.2 0.2 0.2 0.2 0.2 0.2 0.2 0.2 0.2 0.2 0.2 0.2 0.2 0.2 0.2 0.2 0.2 0.2 0.2 0.2 0.2 0.2 0.2 0.2 0.2 0.2 
#total catch biomass 
5869.803 5780.608 6382.472 9450.333 14526.66 17318.87 20808.12 30308.38 28818.43 36381.65 46629.77 62656.38 76825.17 96802.66 107819.1 97811.72 86777.88 78627.41 82852.23 84488.62 79481.07 92542.5 91311.96 99603.13 101591.9 111687.2 119862.4 103364.9 102774.6 
#catch CV 
0.05 0.05 0.05 0.05 0.05 0.05 0.05 0.05 0.05 0.05 0.05 0.05 0.05 0.05 0.05 0.05 0.05 0.05 0.05 0.05 0.05 0.05 0.05 0.05 0.05 0.05 0.05 0.05 0.05 
#Length Bins 
0.7268035 2.18041 3.634017 5.087624 6.541231 7.994838 9.448445 10.90205 12.35566 13.80927 15.26287 16.71648 18.17009 19.62369 21.0773 22.53091 23.98451 25.43812 26.89173 28.34534 29.79894 31.25255 32.70616 34.15976 35.61337 
#catch length counts 
1.320763e-37 1.833133e-29 3.07546e-22 6.236972e-16 1.52892e-10 4.53047e-06 0.01622741 7.025907 367.708 2326.259 1795.396 1051.042 5760.815 4914.959 3769.381 3753.703 1676.201 675.1654 158.1231 20.53965 1.09288 0.0172246 6.038673e-05 3.834423e-08 3.860679e-12 
1.624092e-37 2.254132e-29 3.781774e-22 7.669362e-16 1.880054e-10 5.570943e-06 0.01995421 8.639485 452.1563 2860.514 2207.803 1230.434 6279.83 5108.731 4022.156 3682.041 1587.331 582.6938 122.7216 13.7844 0.6004952 0.00731686 1.900436e-05 8.716652e-09 6.255344e-13 
4.024051e-37 5.585117e-29 9.370192e-22 1.900256e-15 4.658254e-10 1.380326e-05 0.04944103 21.40626 1120.318 7087.506 5444.74 1678.325 6740.092 5221.834 4197.965 3517.221 1448.188 479.4592 89.12612 8.454188 0.2973838 0.002791577 5.380208e-06 1.786701e-09 9.151124e-14 
6.885028e-37 9.555965e-29 1.603211e-21 3.25128e-15 7.970131e-10 2.361696e-05 0.08459209 36.62546 1916.831 12126.57 9335.574 3611.162 14709.99 10157.26 4746.727 3348.888 1310.916 388.3866 62.86106 4.937008 0.1373584 0.000982685 1.402798e-06 3.380664e-10 1.239737e-14 
6.526232e-37 9.057979e-29 1.519664e-21 3.081848e-15 7.554787e-10 2.238622e-05 0.08018379 34.71681 1816.94 11494.79 8900.867 5370.111 22676.33 15289.34 9673.307 5925.337 1402.146 319.8338 44.44571 2.848656 0.06157545 0.0003305517 3.465808e-07 6.049079e-11 1.590632e-15 
1.381246e-36 1.917078e-28 3.216296e-21 6.522583e-15 1.598934e-09 4.737935e-05 0.1697051 73.47646 3845.465 24327.81 18710.8 5814.916 18973.1 13431.34 13717.11 8271.656 2193.293 370.3918 31.66666 1.535099 0.02537843 0.0001008534 7.678104e-08 9.633089e-12 1.810169e-16 
1.445714e-36 2.006556e-28 3.366414e-21 6.82702e-15 1.673564e-09 4.959075e-05 0.177626 76.90593 4024.95 25463.76 19710.75 10239.18 36118.95 21316.65 11942.92 7041.395 2563.947 447.1629 31.3292 0.9247101 0.0102356 2.933209e-05 1.604963e-08 1.435122e-12 1.913932e-17 
2.285286e-36 3.171826e-28 5.321396e-21 1.079168e-14 2.645454e-09 7.838965e-05 0.280779 121.5676 6362.364 40251.05 31044.62 11489.01 34305.49 22057.56 20646.85 9633.873 2083.525 367.7377 28.44234 0.6831141 0.004730376 8.498562e-06 3.168656e-09 1.989182e-13 1.869054e-18 
2.38242e-36 3.306641e-28 5.547577e-21 1.125037e-14 2.757897e-09 8.172153e-05 0.2927132 126.7347 6632.791 41962.68 32540.2 16556.79 49633.05 27830.05 19525.09 9461.552 2633.963 326.3932 18.93979 0.4395431 0.002496986 2.956125e-06 6.809135e-10 2.76065e-14 1.757525e-19 
4.285615e-36 5.948152e-28 9.979258e-21 2.023774e-14 4.961043e-09 0.0001470048 0.5265472 227.9767 11931.4 75483.57 58243.32 19756.23 48666.54 29491.19 26663.59 10616.3 2288.488 293.2648 14.6552 0.2414042 0.001129332 1.084332e-06 1.774452e-10 4.646988e-15 1.873836e-20 
6.483358e-36 8.998473e-28 1.509681e-20 3.061602e-14 7.505157e-09 0.0002223915 0.7965702 344.8874 18050.04 114194.5 88372.75 34694.41 82186.96 41134.17 25906.57 10316.62 2385.853 238.1175 9.993362 0.1383739 0.0004675218 3.320941e-07 4.208355e-11 8.264017e-16 2.339858e-21 
5.409541e-36 7.508087e-28 1.259637e-20 2.554519e-14 6.262103e-09 0.0001855576 0.664637 287.7649 15060.47 95286.1 74669.36 48708.59 118998.7 60516.55 40785.84 12384.65 2028.37 188.367 6.645285 0.07084575 0.0001873908 9.776777e-08 8.782532e-12 1.250643e-16 2.623647e-22 
1.169713e-35 1.623484e-27 2.723732e-20 5.523673e-14 1.354063e-08 0.0004012337 1.437154 622.2381 32565.47 206027.8 159247.7 50662.37 94970.29 60873.17 53886.35 15476.4 2257.845 145.3405 3.843048 0.03287632 6.530567e-05 2.525773e-08 1.664815e-12 1.691809e-17 2.496759e-23 
1.198648e-35 1.663644e-27 2.791108e-20 5.66031e-14 1.387558e-08 0.0004111589 1.472704 637.6301 33371.04 211141.8 165843.6 99942.15 201044 84447.36 43588.5 14180.3 2447.706 139.1044 2.675694 0.01570938 2.294484e-05 6.553482e-09 3.127333e-13 2.290032e-18 2.426789e-24 
1.073757e-35 1.490304e-27 2.500294e-20 5.070546e-14 1.242985e-08 0.0003683191 1.319259 571.1936 29894.03 189154.4 149958.1 107257.8 206569.6 119116.8 82230.2 17004.03 1911.41 113.5036 2.071736 0.009146501 9.031982e-06 1.770162e-09 6.006679e-14 3.153403e-19 2.38413e-25 
7.184514e-36 9.971631e-28 1.672948e-20 3.392705e-14 8.316817e-09 0.0002464425 0.8827169 382.186 20002.13 126581.9 102466.5 100126.7 185355.7 117838.4 83870.96 21363.47 2522.804 95.07864 1.342499 0.005311762 4.159995e-06 5.723874e-10 1.30693e-14 4.664455e-20 2.451323e-26 
1.223356e-35 1.697938e-27 2.848643e-20 5.77699e-14 1.416161e-08 0.0004196344 1.503062 650.7741 34058.96 215503.6 169259.5 80496.63 124940.9 98088.06 70898.32 18308.69 2277.598 90.27537 0.9841741 0.002667844 1.626316e-06 1.78715e-10 3.056513e-15 7.669819e-21 2.744553e-27 
7.861368e-36 1.091106e-27 1.830557e-20 3.712332e-14 9.100345e-09 0.0002696599 0.9658778 418.1918 21886.58 138542.2 114822.6 127400.9 195425.4 87867.73 46356.29 12898.95 1590.977 61.90642 0.6525568 0.001475689 6.355497e-07 4.883895e-11 6.190251e-16 1.17735e-21 3.135121e-28 
1.349993e-35 1.873702e-27 3.143523e-20 6.375002e-14 1.562757e-08 0.0004630734 1.658653 718.1397 37584.66 237839.7 188649 98399.9 135631.4 112301.4 61183.9 10066.73 960.6178 36.02752 0.351961 0.0007150309 2.595855e-07 1.518922e-11 1.356427e-16 1.789084e-22 3.379376e-29 
9.108577e-36 1.26421e-27 2.120975e-20 4.301295e-14 1.054412e-08 0.0003124415 1.119115 484.5381 25359 160581.3 136431.4 159630.9 207250.2 93607.09 44161.96 10038.87 789.4217 19.23745 0.1519372 0.0002672159 8.221258e-08 3.964193e-12 2.803777e-17 2.78517e-23 3.78375e-30 
1.231996e-35 1.709929e-27 2.86876e-20 5.817787e-14 1.426162e-08 0.0004225979 1.513677 655.3699 34299.65 217121.9 176715 121129 153750.6 124190.4 52856.79 7267.183 525.6635 12.23309 0.06789288 8.429724e-05 2.024371e-08 7.841595e-13 4.423309e-18 3.455482e-24 3.629038e-31 
1.600854e-35 2.22188e-27 3.727665e-20 7.55963e-14 1.853154e-08 0.0005491235 1.966871 851.5873 44569.08 282190 232760.4 171330.1 184646 97078.93 41398.35 7417.859 416.6377 6.969311 0.03268803 3.104424e-05 5.158144e-09 1.411316e-13 5.909871e-19 3.518641e-25 2.832079e-32 
1.37386e-35 1.906828e-27 3.199099e-20 6.487709e-14 1.590385e-08 0.0004712603 1.687978 730.8362 38249.78 242372.3 211122.1 225398.2 237770.9 123969.7 40121.78 5196.181 291.2605 4.469593 0.01525081 1.075792e-05 1.367179e-09 2.724212e-14 7.94608e-20 3.286248e-26 1.877221e-33 
1.919276e-35 2.663828e-27 4.469125e-20 9.063295e-14 2.22176e-08 0.0006583482 2.358096 1020.974 53434.61 338470.5 284142 210202.8 217814.2 143962 43749.68 4607.511 182.0382 2.218479 0.006528163 3.568309e-06 3.2528e-10 4.682101e-15 1.001448e-20 3.005011e-27 1.217365e-34 
2.238651e-35 3.1071e-27 5.212804e-20 1.057146e-13 2.591469e-08 0.0007678998 2.750492 1190.869 62327.07 395065.7 342959.2 298213.1 266446.4 129752 38143.5 4250.51 141.0109 1.228976 0.002592153 1.097442e-06 7.824517e-11 8.396821e-16 1.286163e-21 2.737043e-28 7.918932e-36 
2.135101e-35 2.963379e-27 4.971683e-20 1.008247e-13 2.471599e-08 0.0007323801 2.623266 1135.785 59445.35 377216.7 343562.6 358221.9 321629.3 163751.9 37948.81 3266.457 99.25832 0.7538892 0.0011834 3.484162e-07 1.764512e-11 1.398622e-16 1.6053e-22 2.53061e-29 5.309096e-37 
1.840939e-35 2.555102e-27 4.286713e-20 8.693369e-14 2.131077e-08 0.0006314771 2.261848 979.3035 51256.75 325657.1 309199.4 353718.3 325458.2 178885.8 39232.21 2911.766 66.05417 0.3933454 0.0005073271 1.157216e-07 4.207879e-12 2.314238e-17 1.85082e-23 2.073596e-30 3.147692e-38 
1.621697e-35 2.250809e-27 3.776199e-20 7.658056e-14 1.877282e-08 0.0005562731 1.99248 862.6761 45152.38 286840.9 270991.8 306371.1 295699.7 168661.1 37949.85 2833.329 58.51863 0.2862465 0.0002951799 5.603096e-08 1.729951e-12 7.919633e-18 5.095596e-24 4.476009e-31 5.271034e-39 
2.268453e-35 3.148463e-27 5.2822e-20 1.07122e-13 2.625969e-08 0.0007781226 2.787109 1206.723 63158.44 400759.4 358411.9 315837.5 295184.8 168962.3 39306.27 3021.329 63.3252 0.299463 0.0002771505 4.492128e-08 1.177923e-12 4.673516e-18 2.654253e-24 2.066612e-31 2.139471e-39 
#survey length counts 
5.295647e-37 7.350008e-29 1.233116e-21 2.500735e-15 6.130258e-10 1.816508e-05 0.06506435 28.17061 1474.338 9327.121 7156.661 1957.417 8438.496 7140.748 5057.518 4954.749 2145.065 838.0499 188.612 23.70714 1.218445 0.01847486 6.222506e-05 3.805957e-08 3.708633e-12 
1.094182e-36 1.518652e-28 2.547855e-21 5.166998e-15 1.266629e-09 3.753253e-05 0.1344354 58.20589 3046.264 19271.57 14765.13 2777.719 8656.149 6982.309 5162.148 4657.389 1936.294 686.4164 137.4092 14.7112 0.6163223 0.007257705 1.823582e-05 8.100291e-09 5.642467e-13 
1.588167e-36 2.204271e-28 3.698121e-21 7.499715e-15 1.838467e-09 5.447714e-05 0.1951282 84.48379 4421.545 27972.08 21457.85 5166.823 18251.39 13303.36 5830.508 4389.664 1744.79 556.8724 97.8707 8.755118 0.2926356 0.002644564 4.94535e-06 1.598772e-09 7.986343e-14 
1.266985e-36 1.758492e-28 2.950236e-21 5.983018e-15 1.466667e-09 4.346001e-05 0.1556667 67.3983 3527.359 22315.36 17179.19 6637.579 27038.57 19158.03 11542.36 7760.538 1885.115 456.428 69.41308 5.115773 0.1339738 0.0009140289 1.260558e-06 2.959197e-10 1.06163e-14 
2.31919e-36 3.218882e-28 5.400343e-21 1.095179e-14 2.684702e-09 7.955262e-05 0.2849445 123.3711 6456.755 40847.52 31343.65 7301.919 22018.98 16118.86 16052.37 10660.89 2930.457 546.1261 50.65136 2.818214 0.05688065 0.0002888845 2.903023e-07 4.909837e-11 1.260601e-15 
2.123365e-36 2.94709e-28 4.944355e-21 1.002705e-14 2.458014e-09 7.283545e-05 0.2608847 112.9541 5911.567 37398.93 28830.79 11493.58 40893.67 25474.95 13894.23 8799.895 3358.73 656.4817 51.68121 1.764297 0.02368561 8.698111e-05 6.301007e-08 7.609617e-12 1.388347e-16 
3.001947e-36 4.166505e-28 6.990176e-21 1.417594e-14 3.475064e-09 0.0001029725 0.3688308 159.691 8357.591 52873.28 40683.36 12613.94 38101.31 25341.76 23760.85 12302 2750.563 530.0207 47.16816 1.350563 0.01147215 2.629109e-05 1.296717e-08 1.100751e-12 1.416328e-17 
2.862184e-36 3.972523e-28 6.664732e-21 1.351594e-14 3.313274e-09 9.817837e-05 0.3516589 152.2562 7968.483 50412.37 38971.29 17315.24 54454.92 31937.33 22412.28 11782.83 3499.399 487.5584 31.67158 0.8835752 0.006299761 9.605407e-06 2.922072e-09 1.599425e-13 1.39488e-18 
4.761453e-36 6.608583e-28 1.108727e-20 2.248476e-14 5.511874e-09 0.0001633269 0.5850104 253.2893 13256.15 83864 64608.29 20297.72 52649.56 32837.65 30488.18 13376.9 3038.851 436 25.29255 0.4985196 0.002924789 3.657807e-06 7.954698e-10 2.810995e-14 1.549877e-19 
6.756712e-36 9.37787e-28 1.573332e-20 3.190686e-14 7.821592e-09 0.0002317681 0.8301555 359.4287 18811.07 119008.1 91950.85 34578.01 87933.47 46014.34 29533.26 12761.01 3194.149 360.6071 17.45166 0.2944998 0.001256353 1.161679e-06 1.964003e-10 5.220705e-15 2.019842e-20 
5.327908e-36 7.394785e-28 1.240629e-20 2.51597e-14 6.167604e-09 0.0001827574 0.6546072 283.4223 14833.2 93846.53 73362.12 47228.12 125448.7 66168.57 46369.19 15570.09 2722.384 285.7734 11.85763 0.1543745 0.0005190864 3.547807e-07 4.258434e-11 8.223488e-16 2.362856e-21 
1.152078e-35 1.599008e-27 2.682667e-20 5.440396e-14 1.333649e-08 0.0003951846 1.415487 612.8569 32074.5 202919.9 156674.6 49267.58 100044.5 64884.31 61629.53 19556.36 3116.886 229.0867 7.065957 0.07450468 0.000189259 9.617444e-08 8.497155e-12 1.172805e-16 2.37266e-22 
1.170818e-35 1.625018e-27 2.726305e-20 5.528891e-14 1.355343e-08 0.0004016128 1.438512 622.8259 32596.24 206234.9 161582.8 96960.92 213112 93482.35 50148.26 17640.81 3420.814 225.8858 5.153013 0.03725013 6.966163e-05 2.624627e-08 1.682647e-12 1.676235e-17 2.437785e-23 
1.042214e-35 1.446525e-27 2.426846e-20 4.921594e-14 1.206471e-08 0.0003574994 1.280505 554.4143 29015.86 183591.7 145093.7 104198.8 219004.3 128263 96550.43 22216.05 2706.691 186.0811 4.127935 0.02278051 2.889721e-05 7.469162e-09 3.409573e-13 2.438767e-18 2.532834e-24 
6.872005e-36 9.53789e-28 1.600179e-20 3.245131e-14 7.955056e-09 0.0002357229 0.8443209 365.5618 19132.08 121069.1 97573.13 96811.31 195494.7 125543.9 97957.4 27336.28 3686.383 161.8321 2.728557 0.01363338 1.388354e-05 2.530281e-09 7.774825e-14 3.781902e-19 2.733127e-25 
1.156222e-35 1.60476e-27 2.692317e-20 5.459965e-14 1.338446e-08 0.0003966061 1.420578 615.0614 32189.89 203671.8 159664.7 77416.43 130828.2 103348.4 82944.37 23373.2 3325.232 156.3407 2.088731 0.00711771 5.640446e-06 8.25918e-10 1.907519e-14 6.525396e-20 3.208596e-26 
7.416104e-36 1.029306e-27 1.726875e-20 3.502068e-14 8.584906e-09 0.0002543865 0.911171 394.5056 20646.92 130683.3 107758.8 123478.2 207743.2 95841.9 54479.45 16552.2 2358.229 109.1365 1.426907 0.004126831 2.323113e-06 2.378092e-10 4.079634e-15 1.06077e-20 3.88478e-27 
1.261294e-35 1.750593e-27 2.936982e-20 5.956141e-14 1.460078e-08 0.0004326478 1.549674 670.9553 35115.19 222203.2 175875.8 94812.68 141796.8 119685.9 73956.23 13376.62 1436.942 64.4928 0.7878117 0.002063877 9.88444e-07 7.74688e-11 9.373538e-16 1.691362e-21 4.403661e-28 
8.432131e-36 1.170324e-27 1.963462e-20 3.981861e-14 9.761063e-09 0.0002892381 1.036004 448.554 23475.68 148635.3 125632 154244.4 219479.2 101887 52351.08 13299.36 1232.088 35.57178 0.3492916 0.0007971356 3.255273e-07 2.113651e-11 2.033006e-16 2.765914e-22 5.175477e-29 
1.140382e-35 1.582775e-27 2.655433e-20 5.385165e-14 1.32011e-08 0.0003911727 1.401117 606.6353 31749.02 200959 163103.5 117242.9 160550.9 134481.2 65236.49 9912.275 827.3316 23.51854 0.1640957 0.0002632642 8.406829e-08 4.403635e-12 3.390769e-17 3.638526e-23 5.272882e-30 
1.47296e-35 2.044372e-27 3.429858e-20 6.955682e-14 1.705104e-08 0.0005052534 1.809735 783.553 41008.32 259616.4 213517.5 166098.7 195473.6 106248.4 50117.77 10214.01 682.0099 13.76221 0.08169662 0.000101405 2.243512e-08 8.304862e-13 4.760114e-18 3.905498e-24 4.349211e-31 
1.248658e-35 1.733055e-27 2.907559e-20 5.896471e-14 1.44545e-08 0.0004283134 1.534149 664.2336 34763.86 220237.8 191064.4 217759.7 249630.2 136272.4 49689.99 7195.605 477.5321 9.079239 0.03943055 3.635487e-05 6.18126e-09 1.670419e-13 6.669418e-19 3.804235e-25 3.014098e-32 
1.744443e-35 2.421172e-27 4.062018e-20 8.23769e-14 2.019373e-08 0.0005983771 2.143289 927.9705 48566.91 307588.8 257565.9 203288.1 226696.2 159168.3 55035.2 6597.391 309.3385 4.638828 0.01754439 1.26407e-05 1.544214e-09 3.019787e-14 8.860364e-20 3.66887e-26 2.05958e-33 
2.034156e-35 2.823274e-27 4.736628e-20 9.605786e-14 2.354745e-08 0.0006977541 2.499242 1082.086 56633.31 358891.7 310693.7 290407.8 281599.2 145075.8 47958.89 6191.504 248.1175 2.681055 0.00725733 4.060033e-06 3.897799e-10 5.694494e-15 1.196903e-20 3.517992e-27 1.412744e-34 
1.929018e-35 2.67735e-27 4.49181e-20 9.109301e-14 2.233038e-08 0.00066169 2.370066 1026.157 53707.07 340683.7 309389.7 348692.6 337367 184849.7 48756.67 4823.087 177.4889 1.696946 0.003446612 1.342684e-06 9.166537e-11 9.919438e-16 1.566268e-21 3.412776e-28 9.931169e-36 
1.653526e-35 2.294984e-27 3.850313e-20 7.808356e-14 1.914127e-08 0.0005671907 2.031585 879.607 46037.93 292359.6 276867.3 343498.9 338126.5 202435.8 50745.97 4403.047 121.4483 0.9099541 0.001528841 4.641202e-07 2.278566e-11 1.711155e-16 1.884933e-22 2.926076e-29 6.177301e-37 
1.454241e-35 2.018391e-27 3.386269e-20 6.867286e-14 1.683434e-08 0.0004988323 1.786736 773.5963 40490.34 257363.3 249110.3 307307.3 300818.7 182975.5 44389.53 3683.361 86.73131 0.4956126 0.0006097973 1.402403e-07 5.293867e-12 2.979249e-17 2.367006e-23 2.577988e-30 3.777567e-38 
1.760201e-35 2.443043e-27 4.098711e-20 8.312104e-14 2.037614e-08 0.0006037824 2.16265 936.354 49008.02 311102.8 283930.4 277292.4 267038.3 157071.6 37696.09 3098.405 70.66533 0.3702361 0.0003847158 7.07742e-08 2.123116e-12 9.682901e-18 6.336382e-24 5.690565e-31 6.800514e-39 
1.760201e-35 2.443043e-27 4.098711e-20 8.312104e-14 2.037614e-08 0.0006037824 2.16265 936.354 49008.02 311102.8 283930.4 277299.3 267264.3 157552.9 37171.79 2890.599 61.03119 0.2901232 0.0002694801 4.379402e-08 1.150625e-12 4.571782e-18 2.599183e-24 2.025273e-31 2.097878e-39 
