# Number of parameters = 79 Objective function value = 19421.1698615638  Maximum gradient component = 32.9599718815511
# srv_sel50:
0.999994666187
# srv_sel95:
1.00001622312
# stNatLen:
 10.8365304543 9.42661330463 8.03545180191 7.09910706320 6.45173490050 5.96911560298 5.59347975820 5.29451791154 5.05444162289 4.86201786380 4.70981470934 4.59279103967 4.50752102185 4.45174919597 4.42413526401
# log_avg_fmort_dir:
0.535767520854
# fmort_dir_dev:
 -0.436769521304 -0.233502982563 -0.278967407294 -0.298001337760 -0.577019958878 -0.179662151162 -0.108001989729 -0.0268852696781 -0.103475017577 -0.0142259433672 -0.00856145184639 0.0341885983073 -0.0273529977507 0.0669337262475 0.149334422756 0.274107464862 0.222912234897 0.210125494155 0.257150465551 0.229073209613 0.230555490536 0.231304845701 0.230413854328 0.291703781500 0.336408989689 0.313170390035 0.396597479785 0.0496060711696 -1.23116049022
# mean_log_rec:
13.6864299225
# rec_dev:
 -2.34809419409 -2.09763105504 -1.94783049794 -1.28924509310 -1.14873254223 -1.14989094094 -0.696455574700 -0.521045955982 -0.242931624515 0.0359421005384 0.308518046498 0.490790333249 0.652908453536 0.560335533007 0.519553992868 0.467356106023 0.404906634042 0.387880897912 0.378156939693 0.442064480830 0.509357323245 0.551493297557 0.651593837613 0.772927627248 0.798848737664 0.702609547402 0.666553398382 1.07003009711 1.07003009411
# log_avg_NatM:
-1.06669500000
# m_dev:
 0.00000000000 0.00000000000 0.00000000000 0.00000000000 0.00000000000 0.00000000000 0.00000000000 0.00000000000 0.00000000000 0.00000000000 0.00000000000 0.00000000000 0.00000000000 0.00000000000 0.00000000000 0.00000000000 0.00000000000 0.00000000000 0.00000000000 0.00000000000 0.00000000000 0.00000000000 0.00000000000 0.00000000000 0.00000000000 0.00000000000 0.00000000000 0.00000000000 0.00000000000
# log_avg_GrowthK:
-1.19613400000
# log_avg_Linf:
3.45239700000
# GrowthK_dev:
 0.00000000000 0.00000000000 0.00000000000 0.00000000000 0.00000000000 0.00000000000 0.00000000000 0.00000000000 0.00000000000 0.00000000000 0.00000000000 0.00000000000 0.00000000000 0.00000000000 0.00000000000 0.00000000000 0.00000000000 0.00000000000 0.00000000000 0.00000000000 0.00000000000 0.00000000000 0.00000000000 0.00000000000 0.00000000000 0.00000000000 0.00000000000 0.00000000000 0.00000000000
# Linf_dev:
 0.00000000000 0.00000000000 0.00000000000 0.00000000000 0.00000000000 0.00000000000 0.00000000000 0.00000000000 0.00000000000 0.00000000000 0.00000000000 0.00000000000 0.00000000000 0.00000000000 0.00000000000 0.00000000000 0.00000000000 0.00000000000 0.00000000000 0.00000000000 0.00000000000 0.00000000000 0.00000000000 0.00000000000 0.00000000000 0.00000000000 0.00000000000 0.00000000000 0.00000000000
# SelPars50:
1.00247315717
# SelPars95:
1.13092366403
# SelPars_dev50:
 0.00000000000 0.00000000000 0.00000000000 0.00000000000 0.00000000000 0.00000000000 0.00000000000 0.00000000000 0.00000000000 0.00000000000 0.00000000000 0.00000000000 0.00000000000 0.00000000000 0.00000000000 0.00000000000 0.00000000000 0.00000000000 0.00000000000 0.00000000000 0.00000000000 0.00000000000 0.00000000000 0.00000000000 0.00000000000 0.00000000000 0.00000000000 0.00000000000 0.00000000000
# SelPars_dev95:
 0.00000000000 0.00000000000 0.00000000000 0.00000000000 0.00000000000 0.00000000000 0.00000000000 0.00000000000 0.00000000000 0.00000000000 0.00000000000 0.00000000000 0.00000000000 0.00000000000 0.00000000000 0.00000000000 0.00000000000 0.00000000000 0.00000000000 0.00000000000 0.00000000000 0.00000000000 0.00000000000 0.00000000000 0.00000000000 0.00000000000 0.00000000000 0.00000000000 0.00000000000
