# Number of parameters = 78 Objective function value = 19326.1459893666  Maximum gradient component = 0.000516493990229981
# srv_sel50:
2.43169820261
# srv_sel95:
5.82786254686
# stNatLen:
 11.9987469837 10.0583001743 8.55869501578 7.51024911323 6.76294117539 6.20832423136 5.78222046937 5.44756304435 5.18191936863 4.97103874492 4.80553059851 4.67906937933 4.58737965424 4.52764505780 4.49816334849
# log_avg_fmort_dir:
0.559806554218
# fmort_dir_dev:
 -0.516141170002 0.0300507356489 0.297144531967 0.0922461207037 -0.105400748193 0.0399635721570 -0.000571966106207 -0.287585390904 -0.289589475042 -0.248986361372 -0.181466369448 -0.173519208495 -0.0135715902324 0.148043248921 0.295240150293 0.123308468107 0.194690038500 0.132270022497 0.120190115991 0.0593177946198 0.0709317434442 0.114910849804 0.138650159466 0.0508180101371 -0.00162611236207 -0.00863545472849 -0.00516095170803 -0.0755207636631
# mean_log_rec:
14.6441102165
# rec_dev:
 -2.17952947220 -2.21823443296 -2.19103728179 -1.69709694651 -1.46731830936 -1.32149912812 -0.898500220471 -0.421374557236 -0.0308426195228 0.202459997034 0.372016151676 0.600004329045 0.753323082843 0.622326378308 0.509723028551 0.484201348167 0.462561962764 0.499202391119 0.529336893088 0.579651403130 0.663633342155 0.723105282156 0.847719580755 0.966885267850 0.930146497430 0.892352469329 0.893391776062 0.893391786700
# log_avg_NatM:
0.481731941638
# m_dev:
 0.00000000000 0.00000000000 0.00000000000 0.00000000000 0.00000000000 0.00000000000 0.00000000000 0.00000000000 0.00000000000 0.00000000000 0.00000000000 0.00000000000 0.00000000000 0.00000000000 0.00000000000 0.00000000000 0.00000000000 0.00000000000 0.00000000000 0.00000000000 0.00000000000 0.00000000000 0.00000000000 0.00000000000 0.00000000000 0.00000000000 0.00000000000 0.00000000000
# log_avg_GrowthK:
-1.02151300000
# log_avg_Linf:
3.36611700000
# GrowthK_dev:
 0.00000000000 0.00000000000 0.00000000000 0.00000000000 0.00000000000 0.00000000000 0.00000000000 0.00000000000 0.00000000000 0.00000000000 0.00000000000 0.00000000000 0.00000000000 0.00000000000 0.00000000000 0.00000000000 0.00000000000 0.00000000000 0.00000000000 0.00000000000 0.00000000000 0.00000000000 0.00000000000 0.00000000000 0.00000000000 0.00000000000 0.00000000000 0.00000000000
# Linf_dev:
 0.00000000000 0.00000000000 0.00000000000 0.00000000000 0.00000000000 0.00000000000 0.00000000000 0.00000000000 0.00000000000 0.00000000000 0.00000000000 0.00000000000 0.00000000000 0.00000000000 0.00000000000 0.00000000000 0.00000000000 0.00000000000 0.00000000000 0.00000000000 0.00000000000 0.00000000000 0.00000000000 0.00000000000 0.00000000000 0.00000000000 0.00000000000 0.00000000000
# SelPars50:
2.47937606099
# SelPars95:
5.27118215126
# SelPars_dev50:
 0.00000000000 0.00000000000 0.00000000000 0.00000000000 0.00000000000 0.00000000000 0.00000000000 0.00000000000 0.00000000000 0.00000000000 0.00000000000 0.00000000000 0.00000000000 0.00000000000 0.00000000000 0.00000000000 0.00000000000 0.00000000000 0.00000000000 0.00000000000 0.00000000000 0.00000000000 0.00000000000 0.00000000000 0.00000000000 0.00000000000 0.00000000000 0.00000000000
# SelPars_dev95:
 0.00000000000 0.00000000000 0.00000000000 0.00000000000 0.00000000000 0.00000000000 0.00000000000 0.00000000000 0.00000000000 0.00000000000 0.00000000000 0.00000000000 0.00000000000 0.00000000000 0.00000000000 0.00000000000 0.00000000000 0.00000000000 0.00000000000 0.00000000000 0.00000000000 0.00000000000 0.00000000000 0.00000000000 0.00000000000 0.00000000000 0.00000000000 0.00000000000
