# Number of parameters = 77 Objective function value = 25283.8030708624  Maximum gradient component = 7.24764802801348e-05
# srv_sel50:
0.892953651460
# srv_sel95:
1.03252705111
# stNatLen:
 12.4059871373 11.2205242827 10.1570053445 9.33589800488 8.71518879039 8.23810033987 7.86381030549 7.56586966068 7.32718575919 7.13646627033 6.98607826022 6.87078861636 6.78701487006 6.73237349888 6.70540486585
# log_avg_fmort_dir:
0.532752384845
# fmort_dir_dev:
 0.0413202523997 -0.0361726933786 0.0277026090178 -0.0518967468122 0.115564843798 0.159697253812 0.0137627665587 0.0558852157021 -0.0490736409812 0.0889721910460 0.0621512049534 -0.100642377168 0.0339398805535 -0.0890012803998 -0.0765507125654 0.00690657941461 0.0635512380595 0.0476514078787 -0.0899309551993 0.137610867564 -0.00237756189371 0.00776793968180 0.0294355442385 -0.0200976817130 0.0370049710221 -0.0657270027011 -0.0921846033332 -0.255269509557
# mean_log_rec:
13.4016707066
# rec_dev:
 -0.867761077296 -0.886127386574 -0.798780351654 -0.590618482660 -0.513756765856 -0.435369063393 -0.313166100263 -0.295476031157 -0.177586320599 -0.202158192970 -0.201478578610 -0.0581383597068 0.0307584767678 0.208014507473 0.312388382221 0.276539079243 0.216411070587 0.216169074501 0.328508167991 0.323886095162 0.372412331823 0.468267151005 0.410862513518 0.328686333742 0.431035082473 0.462418209379 0.477030117458 0.477030117392
# log_avg_NatM:
-0.940144300000
# m_dev:
 0.00000000000 0.00000000000 0.00000000000 0.00000000000 0.00000000000 0.00000000000 0.00000000000 0.00000000000 0.00000000000 0.00000000000 0.00000000000 0.00000000000 0.00000000000 0.00000000000 0.00000000000 0.00000000000 0.00000000000 0.00000000000 0.00000000000 0.00000000000 0.00000000000 0.00000000000 0.00000000000 0.00000000000 0.00000000000 0.00000000000 0.00000000000 0.00000000000
# log_avg_GrowthK:
-1.02151300000
# log_avg_Linf:
3.36611700000
# GrowthK_dev:
 0.00000000000 0.00000000000 0.00000000000 0.00000000000 0.00000000000 0.00000000000 0.00000000000 0.00000000000 0.00000000000 0.00000000000 0.00000000000 0.00000000000 0.00000000000 0.00000000000 0.00000000000 0.00000000000 0.00000000000 0.00000000000 0.00000000000 0.00000000000 0.00000000000 0.00000000000 0.00000000000 0.00000000000 0.00000000000 0.00000000000 0.00000000000 0.00000000000
# Linf_dev:
 0.00000000000 0.00000000000 0.00000000000 0.00000000000 0.00000000000 0.00000000000 0.00000000000 0.00000000000 0.00000000000 0.00000000000 0.00000000000 0.00000000000 0.00000000000 0.00000000000 0.00000000000 0.00000000000 0.00000000000 0.00000000000 0.00000000000 0.00000000000 0.00000000000 0.00000000000 0.00000000000 0.00000000000 0.00000000000 0.00000000000 0.00000000000 0.00000000000
# SelPars50:
1.10193708258
# SelPars95:
1.90266186849
# SelPars_dev50:
 0.00000000000 0.00000000000 0.00000000000 0.00000000000 0.00000000000 0.00000000000 0.00000000000 0.00000000000 0.00000000000 0.00000000000 0.00000000000 0.00000000000 0.00000000000 0.00000000000 0.00000000000 0.00000000000 0.00000000000 0.00000000000 0.00000000000 0.00000000000 0.00000000000 0.00000000000 0.00000000000 0.00000000000 0.00000000000 0.00000000000 0.00000000000 0.00000000000
# SelPars_dev95:
 0.00000000000 0.00000000000 0.00000000000 0.00000000000 0.00000000000 0.00000000000 0.00000000000 0.00000000000 0.00000000000 0.00000000000 0.00000000000 0.00000000000 0.00000000000 0.00000000000 0.00000000000 0.00000000000 0.00000000000 0.00000000000 0.00000000000 0.00000000000 0.00000000000 0.00000000000 0.00000000000 0.00000000000 0.00000000000 0.00000000000 0.00000000000 0.00000000000
