# Number of parameters = 78 Objective function value = 19324.2770404915  Maximum gradient component = 0.00209574611859622
# srv_sel50:
2.79975720267
# srv_sel95:
5.96107058757
# stNatLen:
 12.3495627954 10.3808377739 8.88619762230 7.84193073610 7.09522748786 6.53967581053 6.11237680834 5.77664236571 5.51010652182 5.29850913197 5.13243777888 5.00554730998 4.91354759576 4.85361238945 4.82403421174
# log_avg_fmort_dir:
0.642955541523
# fmort_dir_dev:
 -0.169465107464 0.119092083953 0.169266442473 0.0917778514403 -0.203775375985 -0.142275579816 -0.107044502166 -0.361077712707 -0.351113387374 -0.320262504734 -0.125823386096 -0.0679723301067 -0.0170448657387 0.0561955980702 0.264716461241 0.236071842864 0.157340144939 -0.0749448427558 -0.0328403616844 -0.00556908921110 -0.0731803264244 0.0491922373571 -0.0394918630465 0.0900351986623 0.0690847098475 0.154091275969 0.276896145977 0.358121242518
# mean_log_rec:
14.9579049446
# rec_dev:
 -2.22312786618 -2.16049513938 -2.10708484113 -1.62323543257 -1.33125863348 -1.27456320120 -0.943676750277 -0.346694442724 0.0212895659090 0.196604502922 0.328206554028 0.603337168982 0.817207399104 0.669401667274 0.556588202385 0.557913883525 0.577574052703 0.584738714399 0.556209760694 0.659595449813 0.779701699665 0.805959295725 0.810857811452 0.807342245416 0.798208995772 0.695074906438 0.592162221745 0.592162208990
# log_avg_NatM:
0.603244026123
# m_dev:
 0.00000000000 0.00000000000 0.00000000000 0.00000000000 0.00000000000 0.00000000000 0.00000000000 0.00000000000 0.00000000000 0.00000000000 0.00000000000 0.00000000000 0.00000000000 0.00000000000 0.00000000000 0.00000000000 0.00000000000 0.00000000000 0.00000000000 0.00000000000 0.00000000000 0.00000000000 0.00000000000 0.00000000000 0.00000000000 0.00000000000 0.00000000000 0.00000000000
# log_avg_GrowthK:
-1.02151300000
# log_avg_Linf:
3.36611700000
# GrowthK_dev:
 0.00000000000 0.00000000000 0.00000000000 0.00000000000 0.00000000000 0.00000000000 0.00000000000 0.00000000000 0.00000000000 0.00000000000 0.00000000000 0.00000000000 0.00000000000 0.00000000000 0.00000000000 0.00000000000 0.00000000000 0.00000000000 0.00000000000 0.00000000000 0.00000000000 0.00000000000 0.00000000000 0.00000000000 0.00000000000 0.00000000000 0.00000000000 0.00000000000
# Linf_dev:
 0.00000000000 0.00000000000 0.00000000000 0.00000000000 0.00000000000 0.00000000000 0.00000000000 0.00000000000 0.00000000000 0.00000000000 0.00000000000 0.00000000000 0.00000000000 0.00000000000 0.00000000000 0.00000000000 0.00000000000 0.00000000000 0.00000000000 0.00000000000 0.00000000000 0.00000000000 0.00000000000 0.00000000000 0.00000000000 0.00000000000 0.00000000000 0.00000000000
# SelPars50:
2.76986712187
# SelPars95:
5.42774252084
# SelPars_dev50:
 0.00000000000 0.00000000000 0.00000000000 0.00000000000 0.00000000000 0.00000000000 0.00000000000 0.00000000000 0.00000000000 0.00000000000 0.00000000000 0.00000000000 0.00000000000 0.00000000000 0.00000000000 0.00000000000 0.00000000000 0.00000000000 0.00000000000 0.00000000000 0.00000000000 0.00000000000 0.00000000000 0.00000000000 0.00000000000 0.00000000000 0.00000000000 0.00000000000
# SelPars_dev95:
 0.00000000000 0.00000000000 0.00000000000 0.00000000000 0.00000000000 0.00000000000 0.00000000000 0.00000000000 0.00000000000 0.00000000000 0.00000000000 0.00000000000 0.00000000000 0.00000000000 0.00000000000 0.00000000000 0.00000000000 0.00000000000 0.00000000000 0.00000000000 0.00000000000 0.00000000000 0.00000000000 0.00000000000 0.00000000000 0.00000000000 0.00000000000 0.00000000000
