# Number of parameters = 106 Objective function value = 26549.4528605326  Maximum gradient component = 0.000520549956313287
# srv_sel50:
2.38718470045
# srv_sel95:
4.01860107889
# stNatLen:
 12.7127954538 11.6488561379 10.2484645415 9.17763195203 8.38542839861 7.78862197169 7.32841274870 6.96666610091 6.67929728255 6.45090042770 6.27136865805 6.13394246043 6.03409446070 5.96888664634 5.93659810822
# log_avg_fmort_dir:
1.04786750927
# fmort_dir_dev:
 -0.285571813025 -0.272947990967 -0.499663852398 -0.855047551895 -0.748745041561 -0.839789138043 -0.521428471224 -0.586310543030 -0.271532030726 0.0180186630009 -0.182173624636 -0.0995579807603 -0.125775065652 0.471007168626 0.279951395023 0.215739568442 0.286201558655 0.242370556203 0.231708020447 0.301128529308 0.343177184079 0.136773708732 0.325172171780 0.539651138673 0.415051895567 0.495007393640 0.430586351415 0.556997800326
# mean_log_rec:
16.6139848328
# rec_dev:
 -3.45434053876 -4.17049849663 -2.75307894442 -1.63946085794 -1.08450330914 -0.605286831022 -0.192532721974 -0.0285962982037 -0.211261121631 0.0145821495639 0.0948919376577 0.563361892418 0.590303588085 0.273108110951 0.521724192836 0.582268153971 0.604796848256 0.709454626691 0.745802440729 0.937796418330 1.03453686852 1.11703192778 1.00682475372 1.17467685495 1.17099349717 1.04425299527 0.976575954287 0.976575908540
# log_avg_NatM:
0.925314107014
# m_dev:
 -1.68916230613 -0.942845451129 -1.08162726547 -0.360727706840 -0.299616183926 -0.0851078514078 -0.194914084978 -0.0907053517901 -0.0172622547254 -0.237491753756 0.0172601169337 -0.0966420852847 0.0181920140772 0.114768160236 0.0166461900150 0.155002335930 0.198762853298 0.222042017476 0.258833152945 0.256409542244 0.340315363289 0.390531111624 0.460489380930 0.448880068396 0.538273115342 0.549840360539 0.614505578180 0.495350933983
# log_avg_GrowthK:
-1.20372700000
# log_avg_Linf:
3.45755400000
# GrowthK_dev:
 0.00000000000 0.00000000000 0.00000000000 0.00000000000 0.00000000000 0.00000000000 0.00000000000 0.00000000000 0.00000000000 0.00000000000 0.00000000000 0.00000000000 0.00000000000 0.00000000000 0.00000000000 0.00000000000 0.00000000000 0.00000000000 0.00000000000 0.00000000000 0.00000000000 0.00000000000 0.00000000000 0.00000000000 0.00000000000 0.00000000000 0.00000000000 0.00000000000
# Linf_dev:
 0.00000000000 0.00000000000 0.00000000000 0.00000000000 0.00000000000 0.00000000000 0.00000000000 0.00000000000 0.00000000000 0.00000000000 0.00000000000 0.00000000000 0.00000000000 0.00000000000 0.00000000000 0.00000000000 0.00000000000 0.00000000000 0.00000000000 0.00000000000 0.00000000000 0.00000000000 0.00000000000 0.00000000000 0.00000000000 0.00000000000 0.00000000000 0.00000000000
# SelPars50:
2.44053221365
# SelPars95:
4.01140421262
# SelPars_dev50:
 0.00000000000 0.00000000000 0.00000000000 0.00000000000 0.00000000000 0.00000000000 0.00000000000 0.00000000000 0.00000000000 0.00000000000 0.00000000000 0.00000000000 0.00000000000 0.00000000000 0.00000000000 0.00000000000 0.00000000000 0.00000000000 0.00000000000 0.00000000000 0.00000000000 0.00000000000 0.00000000000 0.00000000000 0.00000000000 0.00000000000 0.00000000000 0.00000000000
# SelPars_dev95:
 0.00000000000 0.00000000000 0.00000000000 0.00000000000 0.00000000000 0.00000000000 0.00000000000 0.00000000000 0.00000000000 0.00000000000 0.00000000000 0.00000000000 0.00000000000 0.00000000000 0.00000000000 0.00000000000 0.00000000000 0.00000000000 0.00000000000 0.00000000000 0.00000000000 0.00000000000 0.00000000000 0.00000000000 0.00000000000 0.00000000000 0.00000000000 0.00000000000
