# Number of parameters = 77 Objective function value = 19571.2760205479  Maximum gradient component = 1.45389435902318
# srv_sel50:
0.999889119816
# srv_sel95:
1.00036690470
# stNatLen:
 10.5688937462 9.36280259877 7.89926053225 6.89906856411 6.21908738498 5.71755023206 5.32970025197 5.02231530169 4.77618977093 4.57932439371 4.42384164900 4.30442845315 4.21748852249 4.16066103706 4.13254366455
# log_avg_fmort_dir:
0.694310999018
# fmort_dir_dev:
 -0.417170025267 -0.107991692931 -0.111781104957 -0.200718315732 -0.185772754693 -0.108983801349 -0.0144489757748 -0.141740215878 -0.196821474436 -0.0649308882215 -0.0504054298199 0.0502107256239 -0.0205456265800 -0.0541957335857 0.166047946067 0.0972497763737 0.0912579803924 0.194585208456 0.192555783750 0.155528271932 0.185538680568 0.182286426932 0.277919797779 0.197759415854 0.253981625161 0.219916341721 0.0542188990423 -0.643550840426
# mean_log_rec:
13.3258085381
# rec_dev:
 -2.32673376468 -1.97520269270 -1.68064855162 -1.47382510148 -1.48904788028 -1.33844600866 -0.919600228245 -0.477782880273 -0.196554366225 0.0315397194475 0.323522971412 0.516052985144 0.685572700340 0.607249583940 0.441522657993 0.467816814037 0.532775522011 0.478141937462 0.482542800619 0.544654736575 0.564671321290 0.635419814521 0.669182977438 0.788983928648 0.815928345131 0.875325111326 1.20846877388 1.20846877294
# log_avg_NatM:
-1.36837500000
# m_dev:
 0.00000000000 0.00000000000 0.00000000000 0.00000000000 0.00000000000 0.00000000000 0.00000000000 0.00000000000 0.00000000000 0.00000000000 0.00000000000 0.00000000000 0.00000000000 0.00000000000 0.00000000000 0.00000000000 0.00000000000 0.00000000000 0.00000000000 0.00000000000 0.00000000000 0.00000000000 0.00000000000 0.00000000000 0.00000000000 0.00000000000 0.00000000000 0.00000000000
# log_avg_GrowthK:
-1.19613400000
# log_avg_Linf:
3.45239700000
# GrowthK_dev:
 0.00000000000 0.00000000000 0.00000000000 0.00000000000 0.00000000000 0.00000000000 0.00000000000 0.00000000000 0.00000000000 0.00000000000 0.00000000000 0.00000000000 0.00000000000 0.00000000000 0.00000000000 0.00000000000 0.00000000000 0.00000000000 0.00000000000 0.00000000000 0.00000000000 0.00000000000 0.00000000000 0.00000000000 0.00000000000 0.00000000000 0.00000000000 0.00000000000
# Linf_dev:
 0.00000000000 0.00000000000 0.00000000000 0.00000000000 0.00000000000 0.00000000000 0.00000000000 0.00000000000 0.00000000000 0.00000000000 0.00000000000 0.00000000000 0.00000000000 0.00000000000 0.00000000000 0.00000000000 0.00000000000 0.00000000000 0.00000000000 0.00000000000 0.00000000000 0.00000000000 0.00000000000 0.00000000000 0.00000000000 0.00000000000 0.00000000000 0.00000000000
# SelPars50:
1.01020519900
# SelPars95:
1.12707028125
# SelPars_dev50:
 0.00000000000 0.00000000000 0.00000000000 0.00000000000 0.00000000000 0.00000000000 0.00000000000 0.00000000000 0.00000000000 0.00000000000 0.00000000000 0.00000000000 0.00000000000 0.00000000000 0.00000000000 0.00000000000 0.00000000000 0.00000000000 0.00000000000 0.00000000000 0.00000000000 0.00000000000 0.00000000000 0.00000000000 0.00000000000 0.00000000000 0.00000000000 0.00000000000
# SelPars_dev95:
 0.00000000000 0.00000000000 0.00000000000 0.00000000000 0.00000000000 0.00000000000 0.00000000000 0.00000000000 0.00000000000 0.00000000000 0.00000000000 0.00000000000 0.00000000000 0.00000000000 0.00000000000 0.00000000000 0.00000000000 0.00000000000 0.00000000000 0.00000000000 0.00000000000 0.00000000000 0.00000000000 0.00000000000 0.00000000000 0.00000000000 0.00000000000 0.00000000000
