#Simulated generalized assessment 
# 
#start/end year 
72 100 
#number of ages 
15 
#ages 
1 2 3 4 5 6 7 8 9 10 11 12 13 14 15 
#Number of length bins 
25 
#CPUE years 
29 
#years for CPUE 
72 73 74 75 76 77 78 79 80 81 82 83 84 85 86 87 88 89 90 91 92 93 94 95 96 97 98 99 100 
#survey years 
29 
#years for survey 
72 73 74 75 76 77 78 79 80 81 82 83 84 85 86 87 88 89 90 91 92 93 94 95 96 97 98 99 100 
#length freq from catch years 
29 
#years for length freq catch 
72 73 74 75 76 77 78 79 80 81 82 83 84 85 86 87 88 89 90 91 92 93 94 95 96 97 98 99 100 
#catch length sample sizes 
200 200 200 200 200 200 200 200 200 200 200 200 200 200 200 200 200 200 200 200 200 200 200 200 200 200 200 200 200 
#length freq from survey years 
29 
#years for length freq survey 
72 73 74 75 76 77 78 79 80 81 82 83 84 85 86 87 88 89 90 91 92 93 94 95 96 97 98 99 100 
#survey sample sizes 
200 200 200 200 200 200 200 200 200 200 200 200 200 200 200 200 200 200 200 200 200 200 200 200 200 200 200 200 200 
#total survey biomass 
24614.14 12486.9 15172.4 29274.5 33764.81 42785.28 44291.07 40706.82 100883.9 99410.27 162819.2 172976.9 261122.1 173526.7 187068 249273.4 215521.5 190046.3 173990.7 134938 202069.6 251925.1 220112.4 267450.3 254349.4 165912.3 224165.9 254496.6 203701.9 
#survey CV 
0.2 0.2 0.2 0.2 0.2 0.2 0.2 0.2 0.2 0.2 0.2 0.2 0.2 0.2 0.2 0.2 0.2 0.2 0.2 0.2 0.2 0.2 0.2 0.2 0.2 0.2 0.2 0.2 0.2 
#total CPUE 
24467.28 15585.68 9832.779 13682.74 32118.99 33853.46 60456.08 53121.68 80812.98 135515.1 105461.8 118991.6 203937.1 186552.6 243496.9 176493.7 146120.1 271568.2 162650 165540.9 269961.8 168294.2 187366.2 287610.7 183232.7 270520.2 391723.9 202173.6 261884 
#CPUE CV 
0.2 0.2 0.2 0.2 0.2 0.2 0.2 0.2 0.2 0.2 0.2 0.2 0.2 0.2 0.2 0.2 0.2 0.2 0.2 0.2 0.2 0.2 0.2 0.2 0.2 0.2 0.2 0.2 0.2 
#total catch biomass 
3516.958 4759.005 3949.966 2935.749 4675.971 8252.098 13434.29 13096.21 20413.95 37817.47 45262.55 53929.77 59976.74 68425.79 95856.59 94749.56 75960.75 76438.3 96313.7 80169.45 94319.08 97019.07 93853.53 93255.45 84522.77 95628.94 120213.1 96612.76 106364.9 
#catch CV 
0.1 0.1 0.1 0.1 0.1 0.1 0.1 0.1 0.1 0.1 0.1 0.1 0.1 0.1 0.1 0.1 0.1 0.1 0.1 0.1 0.1 0.1 0.1 0.1 0.1 0.1 0.1 0.1 0.1 
#Length Bins 
0.6062379 1.818714 3.03119 4.243665 5.456141 6.668617 7.881093 9.093569 10.30604 11.51852 12.731 13.94347 15.15595 16.36842 17.5809 18.79338 20.00585 21.21833 22.4308 23.64328 24.85575 26.06823 27.28071 28.49318 29.70566 
#catch length counts 
3.069161e-07 1.443585e-05 0.0004701663 0.01060344 0.1655883 1.790617 13.40844 69.53517 249.847 623.0881 1085.992 1358.017 1330.807 1247.53 1303.07 1369.235 1306.018 1177.1 1062.469 953.9017 829.5905 683.6314 515.498 337.893 182.0466 
4.694107e-07 2.207882e-05 0.0007190926 0.01621736 0.2532577 2.738635 20.5071 106.3431 382.027 951.9915 1654.215 2045.025 1930.213 1667.304 1606.213 1647.367 1601.621 1489.454 1364.57 1217.873 1046.68 854.876 639.6954 415.8481 222.3969 
9.803839e-12 4.620425e-10 1.516707e-08 3.526841e-07 6.166919e-06 9.500216e-05 0.001553528 0.02539975 0.3385748 3.285511 22.38342 106.1029 349.8796 806.9878 1322.267 1599.549 1551.224 1368.179 1209.365 1076.16 931.1073 759.8879 564.368 363.6657 192.9893 
1.027721e-07 4.833903e-06 0.000157437 0.003550602 0.05544768 0.5995851 4.489567 23.27793 83.57394 207.7723 357.7118 426.8811 356.4799 228.4265 193.3865 354.901 697.9499 1056.475 1232.679 1189.593 1029.276 831.2298 613.9341 393.6736 207.6356 
1.912187e-06 8.994007e-05 0.002929289 0.06606286 1.031665 11.15595 83.53359 433.1167 1555.057 3866.519 6659.83 7956.425 6625.569 3919.405 1762.141 727.4266 382.0138 347.4816 488.7494 679.5604 772.8095 713.6906 549.4106 353.8808 185.8615 
1.695901e-06 7.976703e-05 0.00259796 0.05859059 0.9149775 9.894245 74.08925 384.2113 1380.365 3441.022 5987.513 7439.904 7133.662 6333.382 6063.685 5564.365 4061.641 2207.025 958.9197 476.992 410.771 431.6442 387.6505 273.5763 149.3364 
3.584386e-06 0.0001685922 0.005490938 0.1238345 1.933854 20.91189 156.5869 811.9494 2916.008 7258.251 12555.56 15254.95 13545.05 9952.467 7604.786 6618.813 5752.797 4591.334 3246.741 1926.694 959.2045 477.5951 298.9263 204.3544 117.8948 
1.883028e-06 8.856854e-05 0.00288462 0.06505553 1.015939 10.98607 82.26704 426.6621 1533.486 3828.72 6703.041 8521.361 8781.591 9026.195 10034.37 10266.43 8634.819 6205.846 4242.537 2856.538 1766.835 941.4664 439.2189 197.0234 88.76646 
6.338895e-06 0.0002981511 0.009710584 0.2189982 3.419969 36.98204 276.9168 1435.846 5155.944 12826.73 22140.58 26676.59 22964 15341.96 9855.18 7685.591 6990.715 6418.374 5428.528 4001.334 2550.162 1426.944 698.5414 294.4636 107.2869 
7.889156e-06 0.0003710679 0.01208544 0.2725573 4.256377 46.02686 344.6515 1787.229 6420.153 15995.81 27774.95 34239.48 31977.74 26759.61 24122.43 21936.52 17026.62 11123.12 7030.809 4869.114 3451.793 2195.232 1170.719 512.9194 183.4725 
1.08118e-05 0.0005085348 0.01656264 0.3735296 5.833201 63.07788 472.3253 2449.19 8796.566 21901.76 37928.59 46281.84 41732.43 32002.31 26032.82 23285.35 19823.54 15278.62 10834 7011.219 4153.427 2334.99 1238.636 576.7984 219.2831 
1.426681e-05 0.000671042 0.0218554 0.4928945 7.697256 83.23499 623.2603 3231.83 11607.27 28897.52 50027.33 60967.5 54715.5 41359.88 32710.18 28174.7 22800.05 16626.08 11606.44 7889.162 4975.32 2796.351 1384.746 600.6642 222.5904 
1.856042e-05 0.0008729929 0.02843281 0.6412318 10.01376 108.2847 810.8327 4204.484 15100.94 37598.59 65112.66 79455.63 71640.84 54848.15 44186.69 38402.76 30863.65 21945.4 14663.43 9513.066 5848.46 3301.263 1658.315 715.725 257.443 
2.065898e-05 0.000971699 0.0316476 0.7137335 11.14598 120.5282 902.5142 4679.943 16809.4 41860.15 72546.06 88777.91 80856.6 63616.47 53359.51 47699.88 38911.04 27970.47 18768.65 12030.84 7179 3907.923 1910.736 814.4875 291.2269 
2.448332e-05 0.001151577 0.03750611 0.8458579 13.20929 142.8399 1069.582 5546.209 19920.08 49599 85905.95 104882.6 94744.72 72946.38 59411.8 52428.62 43162.84 31841.66 22066.52 14491.64 8726.761 4715.721 2257.174 936.5113 326.9756 
1.898744e-05 0.0008930779 0.02908696 0.6559848 10.24416 110.7766 829.5036 4301.546 15453.06 38510.05 66928.34 82789.93 78247.73 67488.93 63598.65 60794.29 50859.83 37117.91 25432.27 16779.45 10302.96 5689.269 2755.339 1140.122 392.442 
2.118813e-05 0.0009965873 0.0324582 0.7320145 11.43146 123.6151 925.6258 4799.715 17238.57 42918.75 74311.54 90614.65 81507.86 62103.45 50122.28 44891.3 38901.52 31208.36 23588.79 16465.18 10305.06 5735.566 2808.494 1177.151 408.4924 
1.811872e-05 0.0008522174 0.02775616 0.6259718 9.775454 105.708 791.5428 4104.555 14743.42 36722.11 63688.24 78158.06 71888.45 58019.85 50362.39 45934.54 37789.13 27609.54 19442.2 13618.92 9037.215 5367.4 2746.994 1179.457 415.0311 
1.893479e-05 0.0008906014 0.0290063 0.6541657 10.21574 110.4691 827.1959 4289.464 15408.02 38381.63 66594.87 81860.32 75736.69 62099.68 55267.16 51805.01 44154.54 33647.95 24146.18 16470.8 10464.26 6112.765 3198.932 1432.034 524.2044 
1.553738e-05 0.0007308034 0.02380179 0.5367907 8.382763 90.64803 678.7763 3519.854 12643.91 31499.93 54680.22 67335.18 62685.82 52207.1 47433.48 45137.71 39017.87 30411.47 22553.89 15916.65 10320.22 6018.831 3107.807 1383.908 512.7581 
2.157869e-05 0.001014957 0.0330565 0.7455078 11.64218 125.8938 942.6888 4888.207 17556.59 43712.43 75698.77 92367.02 83275.13 63824.72 51853.49 46330.99 39617 31332.95 23820.58 17293.96 11563.71 6941.856 3654.109 1638.66 607.5086 
1.952901e-05 0.0009185505 0.02991659 0.6746949 10.53633 113.9358 853.1537 4424.045 15891.1 39581.59 68653.55 84280.02 77611.45 62833.72 54784.13 50146.35 41370.38 30273.05 21273.43 14871.24 9978.916 6137.613 3325.632 1529.2 576.941 
2.07478e-05 0.0009758767 0.03178367 0.7168022 11.1939 121.0464 906.3951 4700.076 16881.83 42041.76 72869.21 89214 81392.83 64379.43 54613.7 49766.25 42027.87 31966.84 22947.96 15667.91 9974.475 5872.3 3137.408 1457.368 560.9154 
2.16782e-05 0.001019638 0.03320894 0.7489457 11.69586 126.4744 947.0378 4910.785 17638.06 43919.04 76082.18 92954.69 84182.27 65264.08 53714.42 47784.06 39621.07 29644.54 21160.02 14588.29 9376.847 5467.859 2841.158 1283.659 487.4384 
2.507561e-05 0.001179436 0.03841345 0.8663205 13.52884 146.2956 1095.46 5680.456 20403.05 50809.52 88056.92 107764.6 98168.67 77291.07 64949.48 58300.34 48005.91 35203.06 24460.8 16483.11 10462.07 6076.083 3146.238 1406.751 525.2776 
2.24393e-05 0.001055437 0.03437488 0.7752406 12.1065 130.915 980.2931 5083.316 18259 45477.62 78867.05 96757.31 88911.68 71621 62149.67 57040.03 47603.49 35311.3 24676.88 16507.14 10280.34 5841.115 2973.01 1314.155 486.113 
2.60144e-05 0.001223592 0.03985159 0.8987542 14.03534 151.7726 1136.47 5893.078 21166.26 52705.33 91309.83 111592.4 101171.4 78689.41 65161.67 58447.6 49044.61 37247.9 26808.1 18339.19 11537.29 6538.08 3285.371 1427.479 519.5751 
2.195287e-05 0.001032557 0.03362972 0.7584354 11.84407 128.0773 959.0497 4973.263 17865.19 44511.57 77292.77 95301.43 89093.6 74892.47 68535.98 64672.96 54239.17 40146.84 28188.58 19212.91 12273.75 7093.899 3607.991 1568.738 566.3419 
2.232573e-05 0.001050095 0.0342009 0.7713169 12.04523 130.2524 975.3311 5057.577 18166.42 45245.82 78456.89 96217.08 88309.52 70993.64 61754.06 57640.61 50050.32 39545.57 29514.91 20649.08 13174.98 7580.659 3872.509 1700.677 618.8535 
#survey length counts 
2.733328e-06 0.0001285626 0.004187198 0.09443194 1.474691 15.94675 119.4098 619.2062 2224.243 5540.79 9614.835 11824.92 10964.88 9071.456 8293.405 8267.517 7961.05 7378.44 6749.282 6019.456 5171.833 4223.616 3160.353 2054.424 1098.706 
5.732721e-11 2.700976e-09 8.85615e-08 2.05036e-06 3.531139e-05 0.0005232416 0.008123452 0.1287338 1.697536 16.42364 111.8036 529.8659 1747.11 4029.229 6600.367 7979.906 7729.902 6806.402 6007.422 5341.404 4619.96 3769.966 2799.829 1804.117 957.3985 
4.883509e-07 2.296967e-05 0.0007481071 0.0168717 0.2634755 2.8491 21.33347 110.6118 397.1254 987.288 1699.741 2028.082 1690.775 1066.662 840.6583 1457.262 2839.131 4293.444 5008.797 4833.251 4181.491 3376.681 2493.878 1599.129 843.4256 
8.34905e-06 0.000392699 0.01278995 0.2884456 4.504487 48.70943 364.7267 1891.084 6789.694 16881.67 29075.35 34725.4 28882.23 17007.2 7525.86 2983.494 1483.949 1310.704 1832.564 2546.156 2895.249 2673.709 2058.245 1325.729 696.2831 
7.227516e-06 0.0003399475 0.01107187 0.2496987 3.899408 42.16677 315.7478 1637.363 5882.045 14657.55 25467.81 31472.64 29633.11 25244.28 23088.63 20696.65 14993.13 8128.438 3526.767 1750.24 1504.464 1580.229 1419.089 1001.485 546.6776 
1.376265e-05 0.0006473286 0.02108307 0.4754765 7.425246 80.29347 601.2308 3117.528 11195.73 27862.87 48167.43 58378.24 51364.42 36726.42 26751.29 22433.96 19218.66 15270.7 10781.05 6393.06 3181.629 1583.771 991.1203 677.5187 390.8644 
7.174571e-06 0.0003374573 0.01099076 0.2478697 3.87085 41.85818 313.444 1625.558 5841.666 14576.95 25464.48 32112.16 32290.41 31715.87 33933.84 34162.27 28584.7 20497.68 13989.84 9409.329 5817.026 3099.052 1445.679 648.4728 292.1558 
2.353807e-05 0.001107117 0.03605809 0.813201 12.69929 137.3245 1028.267 5331.653 19144.88 47623.57 82175.46 98873.86 84662.78 55546.86 34194.51 25447.23 22649.88 20671.32 17455.19 12858.92 8193.373 4584.042 2243.91 945.8688 344.6193 
2.345288e-05 0.001103111 0.03592759 0.8102582 12.65335 136.8285 1024.574 5312.958 19084.17 47535.89 82456.87 101254.2 93312.96 75558.41 65355.74 58056.16 44699.36 29118.69 18373.31 12708.76 9004.675 5725.775 3053.423 1337.756 478.5159 
3.038517e-05 0.001429172 0.04654719 1.049757 16.39346 177.2722 1327.405 6883.034 24720.18 61537.86 106496 129606.8 115759.4 86428.5 67439.37 58621.08 49381.11 37931.65 26859.57 17370.09 10286.59 5782.074 3066.999 1428.181 542.9513 
4.0287e-05 0.001894906 0.06171585 1.391849 21.73571 235.041 1759.973 9126.001 32775.12 81583.69 141146 171580.9 152595.9 112411.3 85299.79 71338.99 57086.32 41475.57 28906.32 19631.66 12376.2 6955.005 3443.917 1493.844 553.5747 
5.036651e-05 0.002368998 0.0771567 1.740079 27.17383 293.8466 2200.309 11409.34 40976.32 102006.2 176534.3 214862.6 191933.1 143167.1 110773.1 93633.4 74473.17 52773.95 35207.68 22821.87 14024.93 7915.396 3975.896 1715.952 617.2159 
5.453972e-05 0.002565286 0.08354967 1.884257 29.42538 318.1941 2382.628 12354.86 44374.01 110483.1 191331.8 233473.8 210499.9 161158 129920.9 113210.6 91500.84 65573.27 43937.71 28142.01 16786.56 9136.486 4466.928 1904.071 680.8115 
6.370244e-05 0.002996256 0.09758609 2.200813 34.36886 371.6508 2782.904 14430.32 51826.52 129021 223316.5 271944 243395.5 182640.3 143007 122869.4 100158.9 73651.45 50968.85 33447.93 20135.41 10879.22 5207.054 2160.384 754.276 
4.686738e-05 0.002204415 0.07179637 1.61919 25.286 273.4333 2047.482 10617.43 38140.06 95023.3 164979.9 203302.2 189682.6 158654 144187.4 135178.4 112353.5 81809.95 55986.02 36911.88 22657.43 12509.84 6058.3 2506.802 862.8635 
5.514247e-05 0.002593636 0.08447303 1.905081 29.75057 321.7103 2408.949 12491.17 44861.25 111672.9 193233.5 235049.7 209564.6 155721.2 120788.3 105229.7 90257.71 72175.04 54483.31 38007.27 23781.52 13234.87 6480.336 2716.115 942.5342 
5.268405e-05 0.002478004 0.08070696 1.820146 28.42421 307.3681 2301.569 11934.65 42866.44 106745.9 184971.9 226240.7 205673.1 161009.2 134037.1 119168.9 97151.7 70761.07 49750.54 34819 23096.4 13715.59 7019.19 3013.722 1060.471 
5.076816e-05 0.00238789 0.077772 1.753956 27.39055 296.1906 2217.876 11500.74 41309.05 102878.6 178345.4 218491.2 199793.3 158980.7 135976.7 124502 105252.7 79987.23 57324.12 39075.02 24817.35 14495.39 7585.359 3395.602 1242.972 
4.408358e-05 0.002073479 0.06753186 1.523015 23.78407 257.1917 1925.855 9986.534 35871.12 89344.39 154942.8 190102.2 174741.8 140963.4 122939.6 114275 97985.26 76159.93 56405.39 39778.05 25783.76 15035.46 7763.137 3456.862 1280.808 
5.525893e-05 0.002599114 0.08465143 1.909104 29.8134 322.3898 2414.039 12517.6 44956.62 111914.8 193683.1 235741.7 210639.3 157429.7 122991.2 106977.9 90569.99 71404.12 54212.85 39334.7 26294.66 15783.52 8307.957 3725.597 1381.203 
5.118708e-05 0.002407594 0.07841375 1.768429 27.61656 298.6346 2236.173 11595.57 41648.89 103717.4 179747.3 219960.3 200318.4 157568.9 132107.8 118090.3 96611.84 70496.33 49469.24 34554.67 23179.08 14254.77 7723.558 3551.417 1339.883 
5.312144e-05 0.002498577 0.081377 1.835258 28.66019 309.9197 2320.671 12033.6 43220.52 107614.3 186385.7 227544 205513.7 158215.1 129090.2 114751.5 96050.63 72844.88 52224.7 35632.95 22677.81 13349.61 7132.014 3312.864 1275.058 
5.918074e-05 0.002783577 0.09065927 2.044596 31.92931 345.2705 2585.371 13406.07 48148.38 119868.7 207504.8 252829 226739.1 171108.2 135213.4 117059.2 96096.02 71663.46 51077.18 35187.14 22609.55 13182.48 6849.426 3094.573 1175.082 
6.404495e-05 0.003012366 0.09811078 2.212647 34.55366 373.6493 2797.875 14508.08 52107.67 129739.3 224685.4 274202.9 247320.1 189585.5 153255.4 134178.2 109494.4 80054.9 55549.34 37404.72 23733.49 13782.05 7136.121 3190.664 1191.381 
6.0714e-05 0.002855694 0.09300808 2.097568 32.75654 354.2162 2652.367 13753.68 49399.87 123014.3 213154.9 260678.8 236889.4 185341.2 154502.5 138355 114465.1 84660.53 59081.18 39491.24 24585.93 13967.4 7108.752 3142.208 1162.312 
6.926458e-05 0.003257872 0.1061067 2.392976 37.36975 404.1013 3025.895 15690.36 56352.78 140296.9 242887 296030.2 265783.7 201265.6 160116.6 139853.3 116219.7 87986.3 63237.16 43229.41 27187.43 15404.98 7740.599 3363.194 1224.13 
5.714722e-05 0.00268793 0.08754411 1.974342 30.8322 333.4075 2496.563 12946.02 46502.48 115834.2 200951.6 246876.5 227943.6 185821.7 163653.1 151135.1 125820.4 92892.7 65137.62 44364.13 28331.77 16372.97 8326.999 3620.482 1307.05 
5.532043e-05 0.002602007 0.08474565 1.911229 29.84659 322.7492 2416.741 12531.85 45011.21 112084.5 194207 237467 215698.1 168725.1 141299.6 128848.6 110968.2 87443.48 65186.65 45579.11 29074.08 16727.08 8544.543 3752.425 1365.452 
6.342211e-05 0.00298307 0.09715664 2.191128 34.21761 370.0151 2770.655 14366.77 51597.82 128447.1 222291.5 270547.8 241675.2 180392.8 140244.9 120473.5 99547.8 75790.44 55832.72 39989.14 26651.3 15916.48 8290.356 3668.663 1341.425 
