# Number of parameters = 77 Objective function value = 20932.1975182845  Maximum gradient component = 0.0186363738131154
# srv_sel50:
1.10838649643
# srv_sel95:
2.34160052063
# stNatLen:
 11.3637309705 10.7262155112 8.83747586129 7.56341824961 6.73827124257 6.16056831855 5.72802848868 5.39218132976 5.12694719695 4.91683709530 4.75204622207 4.62613229887 4.53481119421 4.47529812155 4.44591984600
# log_avg_fmort_dir:
0.644982174897
# fmort_dir_dev:
 -0.968114335738 -0.670972223288 -0.614791891527 -0.578745584958 -0.497835336523 -0.523664900543 -0.306733871623 -0.218593207550 -0.232445139230 -0.185645679325 0.00664179314945 0.0414283938653 -0.118237916959 0.0142966880447 0.153432408081 0.217082301885 0.183317533683 0.277304318088 0.382615052201 0.338870726195 0.447567801254 0.369294518395 0.380791981790 0.435690085276 0.493369978222 0.607497440834 0.453935402790 0.112643663511
# mean_log_rec:
13.5564815049
# rec_dev:
 -1.99297925631 -1.84852523929 -1.73131747655 -1.43047681370 -1.29908590004 -1.11842645476 -0.765191437251 -0.374653535495 -0.130621385789 -0.0281990259415 0.276498952092 0.635956872715 0.731456928969 0.506576960086 0.334360315844 0.437210246920 0.455171639664 0.408825046914 0.449647656240 0.527872803277 0.517163881050 0.630408265765 0.673946559288 0.802299851475 0.798908896101 0.758494760462 0.887338444264 0.887338444009
# log_avg_NatM:
-1.05607500000
# m_dev:
 0.00000000000 0.00000000000 0.00000000000 0.00000000000 0.00000000000 0.00000000000 0.00000000000 0.00000000000 0.00000000000 0.00000000000 0.00000000000 0.00000000000 0.00000000000 0.00000000000 0.00000000000 0.00000000000 0.00000000000 0.00000000000 0.00000000000 0.00000000000 0.00000000000 0.00000000000 0.00000000000 0.00000000000 0.00000000000 0.00000000000 0.00000000000 0.00000000000
# log_avg_GrowthK:
-1.18630400000
# log_avg_Linf:
3.44583300000
# GrowthK_dev:
 0.00000000000 0.00000000000 0.00000000000 0.00000000000 0.00000000000 0.00000000000 0.00000000000 0.00000000000 0.00000000000 0.00000000000 0.00000000000 0.00000000000 0.00000000000 0.00000000000 0.00000000000 0.00000000000 0.00000000000 0.00000000000 0.00000000000 0.00000000000 0.00000000000 0.00000000000 0.00000000000 0.00000000000 0.00000000000 0.00000000000 0.00000000000 0.00000000000
# Linf_dev:
 0.00000000000 0.00000000000 0.00000000000 0.00000000000 0.00000000000 0.00000000000 0.00000000000 0.00000000000 0.00000000000 0.00000000000 0.00000000000 0.00000000000 0.00000000000 0.00000000000 0.00000000000 0.00000000000 0.00000000000 0.00000000000 0.00000000000 0.00000000000 0.00000000000 0.00000000000 0.00000000000 0.00000000000 0.00000000000 0.00000000000 0.00000000000 0.00000000000
# SelPars50:
1.04252148558
# SelPars95:
1.15863667640
# SelPars_dev50:
 0.00000000000 0.00000000000 0.00000000000 0.00000000000 0.00000000000 0.00000000000 0.00000000000 0.00000000000 0.00000000000 0.00000000000 0.00000000000 0.00000000000 0.00000000000 0.00000000000 0.00000000000 0.00000000000 0.00000000000 0.00000000000 0.00000000000 0.00000000000 0.00000000000 0.00000000000 0.00000000000 0.00000000000 0.00000000000 0.00000000000 0.00000000000 0.00000000000
# SelPars_dev95:
 0.00000000000 0.00000000000 0.00000000000 0.00000000000 0.00000000000 0.00000000000 0.00000000000 0.00000000000 0.00000000000 0.00000000000 0.00000000000 0.00000000000 0.00000000000 0.00000000000 0.00000000000 0.00000000000 0.00000000000 0.00000000000 0.00000000000 0.00000000000 0.00000000000 0.00000000000 0.00000000000 0.00000000000 0.00000000000 0.00000000000 0.00000000000 0.00000000000
