# Number of parameters = 77 Objective function value = 25113.3791625387  Maximum gradient component = 25.6653222725310
# srv_sel50:
0.827195504922
# srv_sel95:
0.827596055442
# stNatLen:
 10.0016055169 8.80038322879 7.71192315114 6.88407134888 6.26429716313 5.79005304350 5.41865573600 5.12322051317 4.88657936670 4.69759675157 4.54863359767 4.43444138513 4.35140204673 4.29714535729 4.27042891132
# log_avg_fmort_dir:
0.400337625655
# fmort_dir_dev:
 -0.0742114762740 -0.135418182559 -0.0755533780022 -0.0667922255220 -0.0951006112649 0.0666501239709 0.159660609872 0.0152813386345 0.0684436915047 0.00211061486303 0.0500091621154 -0.270919433345 0.00782329265316 -0.0629510596989 0.117810745947 0.136052085124 0.0393617597067 0.0961461477241 0.0430471823963 -0.129694332071 0.00315312346236 -0.00523820550112 -0.0152266502185 -0.0890811263437 -0.0421297075454 -0.0661651495931 0.136192934788 0.186738725176
# mean_log_rec:
13.1487039231
# rec_dev:
 -2.53339441356 -2.05835307287 -1.90388854626 -1.54264931395 -1.28052096824 -1.11062976726 -0.853894172238 -0.398089496165 -0.169098908151 0.0658656400664 0.386954897864 0.680270718885 0.736946353422 0.687428858784 0.600982063464 0.617184510906 0.591428380657 0.509824319228 0.525281778298 0.663680035049 0.670608315987 0.807442402208 0.850791397360 0.872383456489 0.848364805874 0.728892655104 0.503001200711 0.503186868343
# log_avg_NatM:
-0.940144300000
# m_dev:
 0.00000000000 0.00000000000 0.00000000000 0.00000000000 0.00000000000 0.00000000000 0.00000000000 0.00000000000 0.00000000000 0.00000000000 0.00000000000 0.00000000000 0.00000000000 0.00000000000 0.00000000000 0.00000000000 0.00000000000 0.00000000000 0.00000000000 0.00000000000 0.00000000000 0.00000000000 0.00000000000 0.00000000000 0.00000000000 0.00000000000 0.00000000000 0.00000000000
# log_avg_GrowthK:
-1.02151300000
# log_avg_Linf:
3.36611700000
# GrowthK_dev:
 0.00000000000 0.00000000000 0.00000000000 0.00000000000 0.00000000000 0.00000000000 0.00000000000 0.00000000000 0.00000000000 0.00000000000 0.00000000000 0.00000000000 0.00000000000 0.00000000000 0.00000000000 0.00000000000 0.00000000000 0.00000000000 0.00000000000 0.00000000000 0.00000000000 0.00000000000 0.00000000000 0.00000000000 0.00000000000 0.00000000000 0.00000000000 0.00000000000
# Linf_dev:
 0.00000000000 0.00000000000 0.00000000000 0.00000000000 0.00000000000 0.00000000000 0.00000000000 0.00000000000 0.00000000000 0.00000000000 0.00000000000 0.00000000000 0.00000000000 0.00000000000 0.00000000000 0.00000000000 0.00000000000 0.00000000000 0.00000000000 0.00000000000 0.00000000000 0.00000000000 0.00000000000 0.00000000000 0.00000000000 0.00000000000 0.00000000000 0.00000000000
# SelPars50:
1.03041455170
# SelPars95:
1.53509551198
# SelPars_dev50:
 0.00000000000 0.00000000000 0.00000000000 0.00000000000 0.00000000000 0.00000000000 0.00000000000 0.00000000000 0.00000000000 0.00000000000 0.00000000000 0.00000000000 0.00000000000 0.00000000000 0.00000000000 0.00000000000 0.00000000000 0.00000000000 0.00000000000 0.00000000000 0.00000000000 0.00000000000 0.00000000000 0.00000000000 0.00000000000 0.00000000000 0.00000000000 0.00000000000
# SelPars_dev95:
 0.00000000000 0.00000000000 0.00000000000 0.00000000000 0.00000000000 0.00000000000 0.00000000000 0.00000000000 0.00000000000 0.00000000000 0.00000000000 0.00000000000 0.00000000000 0.00000000000 0.00000000000 0.00000000000 0.00000000000 0.00000000000 0.00000000000 0.00000000000 0.00000000000 0.00000000000 0.00000000000 0.00000000000 0.00000000000 0.00000000000 0.00000000000 0.00000000000
