#Simulated generalized assessment 
# 
#start/end year 
72 100 
#number of ages 
15 
#ages 
1 2 3 4 5 6 7 8 9 10 11 12 13 14 15 
#Number of length bins 
25 
#CPUE years 
29 
#years for CPUE 
72 73 74 75 76 77 78 79 80 81 82 83 84 85 86 87 88 89 90 91 92 93 94 95 96 97 98 99 100 
#survey years 
29 
#years for survey 
72 73 74 75 76 77 78 79 80 81 82 83 84 85 86 87 88 89 90 91 92 93 94 95 96 97 98 99 100 
#length freq from catch years 
29 
#years for length freq catch 
72 73 74 75 76 77 78 79 80 81 82 83 84 85 86 87 88 89 90 91 92 93 94 95 96 97 98 99 100 
#catch length sample sizes 
200 200 200 200 200 200 200 200 200 200 200 200 200 200 200 200 200 200 200 200 200 200 200 200 200 200 200 200 200 
#length freq from survey years 
29 
#years for length freq survey 
72 73 74 75 76 77 78 79 80 81 82 83 84 85 86 87 88 89 90 91 92 93 94 95 96 97 98 99 100 
#survey sample sizes 
200 200 200 200 200 200 200 200 200 200 200 200 200 200 200 200 200 200 200 200 200 200 200 200 200 200 200 200 200 
#total survey biomass 
22795.01 13070.78 12542.8 18523.71 29633.88 45383.5 60239.66 69094.56 127141.6 152962 190817.1 168458.7 283348 218373.3 211061.2 181870.6 166839.8 171166.6 211844.1 267403.9 231387.2 253280.7 194654.2 179167.8 221400.6 270916.6 227759.9 223676.8 282758.1 
#survey CV 
0.2 0.2 0.2 0.2 0.2 0.2 0.2 0.2 0.2 0.2 0.2 0.2 0.2 0.2 0.2 0.2 0.2 0.2 0.2 0.2 0.2 0.2 0.2 0.2 0.2 0.2 0.2 0.2 0.2 
#total CPUE 
21971.1 14371.22 10590.83 17517.41 38178.89 33680.89 52944.64 56831.64 72924.46 85100.78 178880 215773.9 284833.3 215309.7 121727.1 202113 245094.7 198430.4 246155.9 252243.4 178101.2 242112.9 205833 181684.5 255481.6 239421 187125.2 233940.7 267857.4 
#CPUE CV 
0.2 0.2 0.2 0.2 0.2 0.2 0.2 0.2 0.2 0.2 0.2 0.2 0.2 0.2 0.2 0.2 0.2 0.2 0.2 0.2 0.2 0.2 0.2 0.2 0.2 0.2 0.2 0.2 0.2 
#total catch biomass 
2912.506 4496.101 3345.09 2753.963 4719.971 7693.79 12396.55 13665.81 20137.39 37465.72 42017.53 69801.84 64414.74 94009.17 117186.7 89401 106886.9 82143.39 83651.61 74581.77 85105.15 83257.92 83193.06 85491.54 100584.7 97132.65 117414.1 98535.97 86432.52 
#catch CV 
0.1 0.1 0.1 0.1 0.1 0.1 0.1 0.1 0.1 0.1 0.1 0.1 0.1 0.1 0.1 0.1 0.1 0.1 0.1 0.1 0.1 0.1 0.1 0.1 0.1 0.1 0.1 0.1 0.1 
#Length Bins 
0.6062379 1.818714 3.03119 4.243665 5.456141 6.668617 7.881093 9.093569 10.30604 11.51852 12.731 13.94347 15.15595 16.36842 17.5809 18.79338 20.00585 21.21833 22.4308 23.64328 24.85575 26.06823 27.28071 28.49318 29.70566 
#catch length counts 
3.150579e-07 1.481881e-05 0.0004826388 0.01088473 0.1699809 1.838115 13.76403 71.37776 256.446 639.3315 1112.847 1384.805 1335.935 1212.746 1233.438 1298.887 1272.29 1186.478 1093.971 992.1368 876.4955 740.1822 571.1068 380.2665 207.1019 
4.075786e-07 1.917053e-05 0.0006243718 0.01408117 0.2198979 2.377898 17.80595 92.33745 331.7363 826.8978 1438.404 1785.529 1708.351 1521.229 1510.505 1558.307 1495.023 1370.965 1260.756 1149.84 1014.93 849.671 650.5622 431.7317 234.7479 
1.030762e-11 4.856714e-10 1.592803e-08 3.690738e-07 6.374993e-06 9.51959e-05 0.001493823 0.02383078 0.3149836 3.04957 20.76567 98.44624 324.8491 750.6079 1235.396 1509.568 1490.902 1343.388 1201.976 1073.752 937.8657 781.3426 595.477 393.1333 212.8514 
1.056744e-07 4.970414e-06 0.0001618831 0.003650872 0.05701354 0.6165176 4.616354 23.93531 85.93408 213.6396 367.8087 438.8737 366.0095 231.6803 185.6674 327.196 642.3594 980.3022 1159.068 1137.271 1000.755 821.8991 618.8924 405.5809 218.4999 
1.957532e-06 9.207286e-05 0.002998752 0.06762943 1.056129 11.42049 85.51444 443.387 1591.929 3958.166 6817.474 8143.757 6778.282 4002.299 1787.679 724.4446 365.8086 314.8555 431.1634 600.7158 691.5876 649.3849 509.4777 334.7262 179.2383 
1.547201e-06 7.277289e-05 0.002370165 0.05345325 0.8347507 9.026713 67.59345 350.533 1259.477 3140.742 5472.333 6834.046 6660.61 6124.305 6077.015 5671.719 4157.968 2254.234 964.4915 456.3847 374.8923 392.1307 356.2456 255.3886 141.7527 
3.592624e-06 0.0001689797 0.005503558 0.1241192 1.938299 20.95995 156.9468 813.8147 2922.699 7274.822 12583.66 15286.56 13565.92 9958.236 7620.864 6705.2 5963.363 4901.847 3549.892 2128.411 1051.125 506.0017 305.5147 207.2108 120.4718 
2.162e-06 0.0001016901 0.00331198 0.07469357 1.16645 12.61364 94.4542 489.8561 1760.439 4393.623 7680.194 9708.381 9834.487 9795.382 10608.31 10738.26 9014.887 6511.819 4520.017 3114.878 1969.032 1061.381 492.476 216.196 95.46998 
5.564555e-06 0.0002617299 0.008524369 0.1922461 3.002197 32.46446 243.0905 1260.469 4526.42 11262.92 19456.92 23517.38 20487.15 14225.71 9894.267 8249.461 7576.072 6838.337 5702.702 4193.911 2697.81 1534.974 763.7171 324.5124 117.7891 
8.853706e-06 0.0004164356 0.01356304 0.3058808 4.776769 51.65408 386.7849 2005.645 7203.732 17938 31078.48 37988.63 34454.13 26775.22 21943.06 19002.02 14787.94 10053.49 6737.851 4843.38 3460.82 2203.149 1181.805 523.1524 189.0185 
1.127378e-05 0.0005302645 0.01727037 0.3894905 6.082455 65.77324 492.5089 2553.869 9172.795 22841.09 39572.94 48370.9 43875.9 34157.17 28257.95 25135.93 20615.81 14950.97 10045.39 6405.63 3889.35 2269.987 1235.555 582.6698 223.2518 
1.874134e-05 0.0008815025 0.02870996 0.6474822 10.11136 109.3401 818.7328 4245.393 15247.07 37954.62 65675.79 79891.29 71227.97 52858.62 40643.53 34436.38 27867.01 20402.27 14103.77 9284.861 5626.934 3086.188 1531.544 677.7423 256.6736 
2.092031e-05 0.0009839906 0.03204793 0.722762 11.28697 122.0528 913.9294 4739.117 17021.66 42385.97 73438.43 89780.37 81477.96 63472.82 52390.92 46076.8 36853.35 25777.88 16884.39 10781.66 6523.788 3598.548 1760.854 746.3783 267.5847 
2.48161e-05 0.00116723 0.03801591 0.8573552 13.38884 144.7816 1084.124 5621.684 20192.1 50285.59 87158.56 106710.8 97356.32 76966.05 65073.14 58687.85 48436.64 35380.93 24062.49 15438.9 9101.917 4859.788 2324.508 969.0501 339.7561 
2.571766e-05 0.001209635 0.03939701 0.8885023 13.87525 150.0415 1123.513 5825.981 20926.6 52121.67 90388.22 110887.8 101884 82050.84 71202 65419.65 54753.49 40807.13 28620.29 19054.52 11606.66 6296.619 2993.835 1223.118 418.7689 
1.905368e-05 0.0008961933 0.02918843 0.6582731 10.27989 111.1629 832.3935 4316.474 15505.86 38633.43 67086.96 82724.84 77364.69 65125.63 59842.17 56988.94 48661.95 37000.71 26580.89 18172.19 11407.52 6394.03 3126.924 1297.684 444.5493 
2.309756e-05 0.001086398 0.03538327 0.7979824 12.46164 134.7551 1009.042 5232.267 18792.21 46787.82 81017.25 98822.26 88985.38 67975.79 54973.85 49028.41 41972.89 33204.81 25063.64 17855 11588.7 6705.003 3384.768 1446.663 507.2752 
1.921192e-05 0.0009036362 0.02943084 0.66374 10.36526 112.0858 839.2981 4352.148 15632.15 38929.72 67475.99 82613.46 75369.39 59557.57 50236.58 45023.81 36773.76 26708.47 18633.64 12931.51 8578.137 5169.486 2718.141 1203.934 435.3469 
1.739272e-05 0.0008180698 0.026644 0.6008897 9.383762 101.4724 759.8294 3940.151 14153.54 35259.4 61196.02 75310.25 69948.8 57890.45 52037.76 48789.99 41093.69 30626.99 21436.92 14346.77 9003.713 5228.724 2745.006 1245.444 465.4846 
1.911852e-05 0.000899243 0.02928775 0.660513 10.31486 111.5408 835.2156 4330.948 15555.57 38734.69 67108.63 82026.99 74408.01 57982.83 48242.1 43672.72 37279.01 29064.08 21492.8 14973.95 9513.888 5435.48 2766.392 1225.38 455.7259 
1.779992e-05 0.0008372226 0.02726779 0.6149578 9.603456 103.8481 777.6181 4032.388 14484.75 36083.34 62618.06 77022.41 71415.85 58838.86 52538.9 48949.46 40988.27 30534 21766.18 15178.62 9949.342 5883.347 3045.388 1343.602 492.3571 
2.045231e-05 0.0009619779 0.03133099 0.7065932 11.03447 119.3223 893.4836 4633.091 16640.76 41436.7 71788.43 87740.08 79567.13 61949.96 51461.05 46486.39 39541.42 30656.11 22551.24 15733.7 10144.19 5956.336 3117.045 1400.303 519.4013 
2.160358e-05 0.001016128 0.03309463 0.7463678 11.65561 126.0391 943.78 4893.922 17577.92 43773.57 75859.22 92818.99 84496.38 66409.2 55678.97 49953.62 41254.12 30542.49 21654.07 15022.22 9823.345 5834.596 3060.934 1376.701 513.5876 
1.918357e-05 0.0009023025 0.0293874 0.6627604 10.34996 111.9205 838.0628 4345.796 15610.1 38882.37 67445.55 82820.05 76344.82 61993.61 54364.06 50194.82 41966.34 31156.29 21841.75 14746.38 9352.64 5453.835 2853.019 1289.313 483.5925 
2.177659e-05 0.001024266 0.03335967 0.7523451 11.74895 127.0485 951.3384 4933.118 17718.75 44124.65 76470.39 93580.61 85241.53 67147.14 56657.44 51527.62 43641.77 33462.01 24306.17 16745.38 10611.14 6084.685 3114.549 1384.775 515.7117 
2.576716e-05 0.001211963 0.03947284 0.8902125 13.90195 150.3301 1125.67 5837.084 20965.29 52206.35 90455.18 110593.6 100408.5 78369.23 65119.9 58256.23 48353.42 36159.08 25840.22 17903.53 11587.22 6773.107 3485.875 1537.714 564.9766 
1.985798e-05 0.0009340235 0.03042053 0.6860602 10.71382 115.8553 867.5308 4498.688 16160.49 40265.17 69925.22 86246.34 80721.36 68046.37 62493.06 59107.35 49627.1 36705.1 25646.06 17340.97 11035.95 6429.497 3335.324 1485.993 548.2808 
2.00103e-05 0.000941188 0.03065388 0.6913226 10.796 116.7437 874.1784 4533.053 16282.42 40553.95 70324.37 86259 79219.87 63794.16 55633.97 52053.66 45323.56 35939.17 26906.41 18836.78 11992.1 6880.236 3518.489 1558.368 575.7427 
2.371611e-05 0.001115491 0.03633082 0.819352 12.79536 138.3638 1036.062 5372.355 19295.03 48036.58 83158.05 101331.1 90907.33 68689.24 54457.63 47467.03 39520.1 30271.43 22440.2 16158.41 10807.48 6464.357 3367.668 1491.484 547.4357 
#survey length counts 
2.470769e-06 0.000116213 0.003784983 0.08536097 1.333035 14.41495 107.94 559.7373 2010.744 5010.113 8701.927 10739.59 10077.32 8576.246 8089.012 8126.223 7726.812 7062.069 6483.774 5908.935 5214.115 4364.633 3341.703 2217.616 1205.79 
5.924949e-11 2.790988e-09 9.144105e-08 2.110636e-06 3.596334e-05 0.0005178638 0.007713568 0.1189968 1.554034 14.99516 102.0184 483.5365 1595.402 3685.953 6064.941 7406.373 7306.035 6572.303 5872.199 5241.775 4576.995 3812.69 2905.606 1918.249 1038.579 
5.009065e-07 2.356023e-05 0.0007673411 0.01730548 0.2702495 2.922351 21.88195 113.4556 407.3356 1012.67 1743.421 2079.971 1732.068 1081.136 808.8827 1341.911 2607.129 3974.495 4698.54 4609.729 4056.008 3330.892 2508.087 1643.611 885.4634 
9.080251e-06 0.0004270912 0.01391008 0.3137074 4.898986 52.97535 396.669 2056.702 7384.311 18359.98 31620.56 37761.01 31393.33 18454.72 8117.197 3160.741 1510.131 1259.515 1713.128 2384.811 2745.257 2577.672 2022.304 1328.643 711.4561 
7.139685e-06 0.0003358164 0.01093732 0.2466643 3.852023 41.65441 311.9126 1617.505 5811.127 14484.98 25196.29 31269.96 29862.54 26276.53 24915.63 22746.76 16559.85 8959.079 3828.186 1807.262 1481.545 1548.891 1407.053 1008.693 559.871 
1.409685e-05 0.000663048 0.02159504 0.4870228 7.605557 82.24327 615.8307 3193.229 11467.56 28539.05 49334.24 59782.72 52572.12 37549.11 27377.69 23197.27 20331.99 16639.54 12031.47 7208.84 3558.941 1712.848 1034.014 701.2599 407.7049 
8.162425e-06 0.0003839211 0.01250406 0.2819984 4.403819 47.62147 356.5989 1849.325 6645.226 16576.43 28918.69 36287.39 35926.52 34228.56 35627.38 35442.73 29588.45 21322.42 14775.57 10171.4 6426.68 3463.617 1606.99 705.4401 311.5095 
2.052787e-05 0.000965532 0.03144674 0.7092036 11.07523 119.7627 896.7686 4649.876 16697.5 41543 71733.7 86549.01 74890.63 50878.16 33814.41 27018.35 24371.7 21887.05 18224.36 13394.88 8614.3 4900.663 2438.138 1035.962 376.0206 
2.757331e-05 0.001296915 0.04223968 0.9526118 14.8764 160.8673 1204.568 6246.123 22433.27 55850.06 96688.06 117833.1 105737.8 79815.68 62632.89 52694.56 40571.95 27482.3 18383.19 13199.24 9427.003 6000.32 3218.526 1424.729 514.761 
3.424544e-05 0.001610741 0.05246076 1.183123 18.47617 199.7937 1496.047 7757.548 27861.62 69364.52 120084.4 146348.9 131357.7 99349.7 78715.69 68042.03 55223.02 39910.36 26772.46 17056.83 10352.03 6040.767 3287.757 1550.418 594.0426 
5.179948e-05 0.002436398 0.07935188 1.789586 27.94694 302.2065 2262.901 11733.76 42139.51 104882.5 181379.9 220137.4 194644.8 140995.5 104090.9 85549.01 68412.85 49896.53 34437.53 22652.77 13723.36 7525.716 3734.474 1652.55 625.8459 
5.934389e-05 0.00279125 0.09090919 2.050232 32.01733 346.2223 2592.5 13443.07 48281.65 120204.5 208112.9 253694.4 227894.5 172653.3 136725.1 117000.9 92644.38 64586.48 42235.97 26945.08 16296.85 8987.878 4397.701 1864.021 668.2657 
6.482357e-05 0.003048988 0.09930354 2.239546 34.97374 378.1919 2831.891 14684.49 52741.55 131320.5 227443.7 277663.4 250748 192874.5 156774.7 137885.5 112777.5 82134.67 55782.64 35764.3 21077.28 11252.19 5381.777 2243.527 786.5908 
6.191389e-05 0.002912131 0.0948462 2.139022 33.40391 361.2166 2704.786 14025.51 50376.39 125447.8 217383.3 265905.9 241821.5 189593 158567.3 142443 118275.6 87918.54 61586.86 40976.17 24952.61 13535.3 6435.322 2629.081 900.136 
4.717319e-05 0.0022188 0.07226485 1.629756 25.45099 275.2172 2060.833 10686.53 38386.47 95619.03 165890.3 203843.3 188354.3 153920.1 136294.2 127132.6 107792.4 81763.7 58668.01 40083.11 25154.93 14098.06 6894.207 2861.074 980.1176 
5.436737e-05 0.002557179 0.08328564 1.878302 29.33238 317.1883 2375.09 12315.63 44231.12 110107.6 190547.5 231887.7 207076.9 154527 120472.7 104758.2 88847.28 70080.57 52835.73 37618.98 24410.91 14122.5 7128.991 3046.926 1068.407 
5.219077e-05 0.002454802 0.0799513 1.803104 28.15807 304.49 2280.013 11822.77 42463.24 105728.3 183115.7 223533.1 201808.5 155058.2 125619.5 109720 88784.22 64282.35 44780.03 31051.05 20590.36 12406.87 6523.305 2889.293 1044.773 
4.642588e-05 0.00218365 0.07112005 1.603937 25.04779 270.8571 2028.18 10517.13 37776.7 94087.91 163150.4 200082.6 183614.5 147413.5 127393.5 116747.4 97558.05 72514.53 50687.8 33898.07 21266.48 12348.42 6482.416 2941.1 1099.229 
5.232205e-05 0.002460977 0.08015241 1.80764 28.22889 305.2557 2285.743 11852.41 42568.62 105980.1 183480.1 223643 200859.3 152298.8 121636.2 107180.7 90593.82 70404.77 51992.02 36198 22992.03 13134.26 6684.366 2960.8 1101.131 
4.750632e-05 0.002234468 0.07277517 1.641265 25.63071 277.1605 2075.38 10761.86 38655.48 96273.86 166921.9 204618.2 187483.5 149880.2 128660.1 117138.5 97303.8 72287.26 51458.99 35857.83 23496.53 13892.53 7190.857 3172.5 1162.543 
5.351948e-05 0.002517299 0.08198676 1.849009 28.87493 312.2418 2338.054 12123.66 43542.85 108405.6 187679.6 228762.8 205459.6 155781.8 124370.4 109438.7 92203.75 71264.04 52353.25 36502.09 23527.72 13813.15 7228.33 3247.207 1204.45 
5.688204e-05 0.002675457 0.08713788 1.96518 30.68911 331.8596 2484.955 12885.45 46279.61 115226.7 199540.2 243459.9 219411.4 167819.4 135237.3 118262.7 96764.14 71419.27 50562.46 35050.51 22912.75 13607.43 7138.397 3210.552 1197.712 
5.347666e-05 0.002515284 0.08192116 1.84753 28.85184 311.9924 2336.197 12114.24 43511.94 108357.7 187795.1 229837.5 209416.7 165001.9 138911.5 125142.5 103726.4 76782.53 53750.4 36260.89 22989.65 13404.16 7011.632 3168.577 1188.454 
5.906611e-05 0.002778185 0.09048367 2.040636 31.86746 344.6018 2580.368 13380.21 48056.65 119651.7 207206.8 252833.8 227941.3 174622.1 141488.3 125362.4 105181.8 80398.37 58318.93 40149.72 25434.02 14582.69 7464.032 3318.556 1235.874 
6.615467e-05 0.003111597 0.1013427 2.285534 35.69189 385.9576 2890.037 14985.92 53823.12 134002.9 232016.8 282904.5 254384.9 193391.9 154549 134763.4 110815.8 82615.58 58957.63 40819.97 26410.69 15436.14 7944.095 3504.303 1287.522 
5.277972e-05 0.002482504 0.08085352 1.823452 28.47583 307.9267 2305.763 11956.63 42948.75 106983.9 185610.2 228086.5 210779.8 172216.9 152136.8 140800.7 117342.9 86565.84 60403.37 40811.89 25964.2 15124.65 7845.591 3495.399 1289.676 
5.167189e-05 0.002430397 0.07915642 1.785178 27.87812 301.4629 2257.35 11705.34 42042.66 104692.8 181403 221827.3 201546.1 157777.3 132315.4 120867.7 104357.4 82521.28 61704.96 43172.58 27477.81 15763.19 8060.807 3570.139 1318.989 
6.506878e-05 0.003060522 0.09967918 2.248018 35.10602 379.6219 2842.586 14739.68 52936.02 131767.5 227963.5 277100.2 246396.8 181517.7 138155.7 116967.3 96315.99 73512.83 54412.57 39151.91 26178.61 15656.64 8156.132 3612.156 1325.802 
5.679907e-05 0.002671555 0.08701078 1.962314 30.64436 331.3762 2481.35 12867.07 46218.08 115117.7 199653 245017.9 225374.1 181899 157811.1 143602.4 117306.2 84188.17 57376.32 38742.42 25250.07 15242.14 8173.922 3729.953 1395.575 
