# Number of parameters = 599 Objective function value = 93215.4  Maximum gradient component = 70188.3
# srv_sel50:
0.674922882911
# srv_sel95:
0.674939400377
# stNatLen:
 6.27447344991 5.97440813122 5.82539462611 5.61955246703 5.43940588866 5.17764779868 4.78841736061 4.40364059356 4.19999772149 4.20733742939 4.41069288391 4.77708507348 5.23159980976 5.64726641965 5.84280637644
# log_avg_fmort_dir:
-0.494484764913
# fmort_dir_dev:
 -0.455727204272 -0.463286557346 -0.535563440768 -0.689335302642 -0.825201191679 -0.853713593786 -1.01535141948 -1.10088152902 -1.10065923514 -1.06647152546 -1.03582408841 -0.977118025762 -1.03010243741 -0.991111854445 -1.06925508983 -1.12494437475 -1.10798712579 -0.965088167493 -0.953317765670 -0.852855413453 -0.867695336460 -0.875574457551 -0.982168745750 -1.00992137476 -1.09079169541 -0.995913568289 -1.01834521451 -0.966862792065 -0.978146799700 -0.988617247843 -0.981683259731 -0.959314793640 -0.954861343119 -1.00240160263 -0.931308470175 -0.988833460049 -1.01274661483 -0.886708059450 -0.949475539870 -0.845222629390 -0.836780011507 -0.794753150419 -0.565005684160 -0.473423955155 -0.354867448827 -0.321432310319 -0.157534700423 -0.158184782098 0.0817600843665 0.0355453861050 0.0263558038286 0.280762969295 0.200529820318 0.262856801400 0.379939527677 0.323882594372 0.598046399068 0.530160463747 0.560838613367 0.657659954891 0.769769113732 0.746189684525 0.718238217517 0.774206477343 0.827488548450 0.907453324619 0.862163931962 0.942574463721 0.902249115434 0.979080480551 0.945458992510 1.01811279485 1.01004242583 1.04429012066 1.14452082783 1.17958390122 1.10767499869 1.10437223964 1.14089094894 1.15674379625 0.996569584529 1.17225265204 1.23129928642 1.05899864693 1.12366568982 1.03657880729 1.10327097664 1.20240947306 1.12415415234 1.15554669145 1.29619924539 1.23031469342 1.20819893440 1.11497505163 0.919745932009 0.968747750659
# mean_log_rec:
6.99246403095
# rec_dev:
 -0.606483738847 -0.483201841774 -0.431491087472 -0.395274454347 -0.372246114837 -0.335149808708 -0.328169808575 -0.318980830436 -0.307835470857 -0.357036833584 -0.379330542811 -0.402753999640 -0.364857985402 -0.317611368978 -0.331289467274 -0.286650271589 -0.393421495702 -0.456018501481 -0.463432453165 -0.494055492436 -0.461594343301 -0.425827823798 -0.379957192889 -0.392357416879 -0.314070815468 -0.280413673775 -0.306311092410 -0.369309935235 -0.395469358553 -0.411669232544 -0.430066040975 -0.468167900359 -0.477903376838 -0.440886471626 -0.415218798064 -0.404119308037 -0.418722355268 -0.464970667314 -0.487477481286 -0.463936851078 -0.447064229319 -0.404482598365 -0.394566085627 -0.357322925042 -0.341731715193 -0.338141455044 -0.393218261147 -0.442344615372 -0.375656717687 -0.363362209442 -0.336693456469 -0.318870724354 -0.300902775968 -0.242258255287 -0.216748888253 -0.202248408374 -0.174525414818 -0.158618672700 -0.162574710137 -0.147967129571 -0.121876715026 -0.0955640298814 -0.0735248105132 -0.0439966471586 -0.0427171069476 -0.0324384742557 0.00729386442994 0.100382444107 0.205953176262 0.307435215582 0.365377047915 0.407616514285 0.455947195202 0.496411344100 0.559326229394 0.661133975083 0.751782553536 0.832466522019 0.896514042695 0.927749230631 0.962679799075 0.961861127617 0.960863983040 0.943934845629 0.941792943052 1.00813355158 1.04596395522 1.02979393131 1.02191178902 1.03000743058 1.06280975709 1.09576228330 1.14343556564 1.00984280300 0.730647148757 0.638328466402
# log_avg_NatM:
-2.64825939836
# m_dev:
 0.00745712665264 0.0664196791044 0.354984570595 0.579913054230 0.707662495827 0.731295998756 0.838352693578 0.819852205257 0.850857281473 1.10192010282 1.18209262217 0.963808093791 0.789394094444 0.798848737844 0.893832165448 1.03109165619 1.10669370480 1.13480374427 0.965201141444 0.769182734297 0.738083836290 0.703561486540 0.773474001885 0.737993754627 0.633133160478 0.762342860755 1.04734513695 1.23807038871 0.990910392275 0.919115562844 0.874721188953 1.00068338350 0.966686367156 0.741995298831 0.658991013282 0.648469804370 0.875088874394 1.12060533901 0.951989129459 0.858888474978 0.741848513136 0.662668637916 0.616462540534 0.496436569625 0.566787796814 0.727751906090 0.890926273691 0.755172165475 0.480687531913 0.324701507380 0.204839756989 0.163289312687 0.225627327297 0.294454166816 0.338445450417 0.371391192526 0.333094966434 0.284539121954 0.177019966494 0.160488871293 0.125204341801 0.0378013969369 -0.0180607615019 -0.0161251675291 0.123254573291 0.286197651919 0.365035199176 0.278479011659 0.301863066865 0.119039890527 0.0362686510516 -0.0297818632956 0.000859762786404 -0.0780790814236 -0.249547849051 -0.484071899326 -0.707448113336 -0.799676882969 -0.970235783439 -1.30636680456 -1.47409362668 -1.55225960125 -1.74612297441 -2.01534666332 -2.27302559114 -2.34109546187 -2.36758013077 -2.45011649617 -2.53611839273 -2.59812558756 -2.74663256340 -2.91101131354 -2.87188347329 -2.86796453167 -2.93620012933 -3.07947973621
# log_avg_GrowthK:
-0.967584000000
# log_avg_Linf:
3.40543291681
# GrowthK_dev:
 0.00000000000 0.00000000000 0.00000000000 0.00000000000 0.00000000000 0.00000000000 0.00000000000 0.00000000000 0.00000000000 0.00000000000 0.00000000000 0.00000000000 0.00000000000 0.00000000000 0.00000000000 0.00000000000 0.00000000000 0.00000000000 0.00000000000 0.00000000000 0.00000000000 0.00000000000 0.00000000000 0.00000000000 0.00000000000 0.00000000000 0.00000000000 0.00000000000 0.00000000000 0.00000000000 0.00000000000 0.00000000000 0.00000000000 0.00000000000 0.00000000000 0.00000000000 0.00000000000 0.00000000000 0.00000000000 0.00000000000 0.00000000000 0.00000000000 0.00000000000 0.00000000000 0.00000000000 0.00000000000 0.00000000000 0.00000000000 0.00000000000 0.00000000000 0.00000000000 0.00000000000 0.00000000000 0.00000000000 0.00000000000 0.00000000000 0.00000000000 0.00000000000 0.00000000000 0.00000000000 0.00000000000 0.00000000000 0.00000000000 0.00000000000 0.00000000000 0.00000000000 0.00000000000 0.00000000000 0.00000000000 0.00000000000 0.00000000000 0.00000000000 0.00000000000 0.00000000000 0.00000000000 0.00000000000 0.00000000000 0.00000000000 0.00000000000 0.00000000000 0.00000000000 0.00000000000 0.00000000000 0.00000000000 0.00000000000 0.00000000000 0.00000000000 0.00000000000 0.00000000000 0.00000000000 0.00000000000 0.00000000000 0.00000000000 0.00000000000 0.00000000000 0.00000000000
# Linf_dev:
 0.116417353635 0.0461604641855 0.0542084590510 0.0657196801730 0.0422686663729 0.0459328834805 0.0368118232509 0.0217920439804 0.0285843553804 0.0129343910521 0.0168792869182 0.0172785498234 0.0221540878416 0.0139516204381 0.0164610104043 0.0299302713768 0.0225446184388 0.0121645142387 0.0219464974501 0.0110874073547 0.0168419176557 0.0135900457761 0.0122769192695 0.0139242770654 0.00323082995463 0.0229601354611 0.0191958651691 0.0222601880320 0.0124338337980 0.0192871504852 0.0197439956726 0.0125880919833 0.0156537772435 0.0159838670080 0.0120511660319 0.0150506032516 0.0211060478362 0.0264539328927 0.0124255846980 0.0152532513489 0.0143323052605 0.0136192996104 0.0108737151859 0.00432201515826 0.00501723990685 -0.00125821955904 0.00296729111190 0.00186139814989 -0.00411020500536 -0.000438541332388 0.000949490649402 0.0126122880830 0.00798059124652 0.00915538962062 0.0119443186210 0.0172404391051 0.0189586628331 0.0163006772337 0.0169751381427 0.0264247643984 0.0200706420627 0.0220790970272 0.0301345732117 0.0297815447652 0.0369904100883 0.0334303242567 0.0339706752387 0.0287905266717 0.0201936459033 0.00787773549252 0.00415810614184 0.00316148871758 -0.00740326496704 -0.0160913564651 -0.0192848385710 -0.0240840343798 -0.0335722157803 -0.0464021296701 -0.0589801908288 -0.0684112726397 -0.0684664780150 -0.0734440702212 -0.0685968331842 -0.0659583176216 -0.0686809614140 -0.0682790771156 -0.0716173399391 -0.0678459173628 -0.0700402483952 -0.0733244694250 -0.0717974650116 -0.0708754159373 -0.0788762118913 -0.0822201924509 -0.0848935618613 -0.0747604303302
# SelPars50:
2.19449447349
# SelPars95:
3.23948486780
# SelPars_dev50:
 1.06876438573 1.68991295854 1.13411843208 0.557487062702 0.332593691651 0.259285042107 0.226207410859 -0.0912790106649 -0.0806697106612 -0.0794233379086 -0.0601778864651 -0.135315972452 -0.180306521932 -0.0946060270452 0.00321409602774 -0.174538153433 -0.189831155295 -0.187076771409 -0.187749842766 -0.192881420937 -0.101571067858 -0.191790824729 -0.0649911822633 -0.0429417262651 -0.184533643627 -0.182579530585 -0.136814537496 -0.180127576830 -0.0681804722007 -0.0960071699555 -0.106755934387 -0.0679525816491 0.0232920718158 0.0311701634641 -0.0179819311928 -0.0328387396788 0.0263088363758 0.145819288711 0.0563926993752 -0.0434713225173 -0.105536929167 -0.0581105871530 0.0290635400595 -0.0326928092596 -0.0572700134563 -0.0577823673239 -0.0993646304037 -0.0887984442171 -0.0753027146187 -0.143476275994 -0.191819649356 -0.0498429710037 -0.0979177600827 -0.0210954630089 0.103191311899 0.184355039521 0.188617416692 0.180150962342 0.160739734555 0.120907874391 0.153987696231 0.182583310094 0.0903869409895 0.0654173857339 0.0850820952255 0.144953047359 0.0943857267119 0.0696309898287 0.0284226198173 0.0670407991929 0.0242764553210 0.00967134688719 -0.0313793787638 0.00456917667745 0.0470405191338 0.0439706897514 0.0195924545405 -0.0476648289408 -0.0993478080246 -0.100666835700 -0.190887902275 -0.0780851898437 -0.0155880789212 -0.231862789495 -0.267878441764 -0.276345482440 -0.138101136017 -0.111554837519 -0.216664166048 -0.0995025788269 0.157336990295 0.135279261598 0.259040788559 0.0331334381301 -0.738377558199 -1.34208207094
# SelPars_dev95:
 4.63901979320 3.09496268008 1.80477221054 0.544520209284 0.139154359368 0.0166734368661 -0.142527797154 -0.981483180062 -0.899763463252 -0.857399811957 -0.825477500759 -1.06791262785 -1.19801372301 -0.967439642673 -0.653041777874 -1.18534021584 -1.22508431816 -1.21443989421 -1.21686645795 -1.23516563627 -0.965833413461 -1.23157022994 -0.864858741994 -0.824736773402 -1.21107945853 -1.19851422908 -1.07400401264 -1.19975529931 -0.899470705194 -0.952668519216 -1.00931669218 -0.883925005136 -0.615219419386 -0.576005671802 -0.736646932608 -0.781809074901 -0.591179654056 -0.289674265518 -0.393142105630 -0.820739004722 -0.987721768588 -0.846082292240 -0.594181243867 -0.780993493767 -0.742769329292 -0.811197058890 -0.942888346547 -0.930335309968 -0.831790811199 -1.05886262450 -1.23022468579 -0.813995159762 -0.858075789223 -0.603064465436 -0.0810178381582 0.104986404218 0.156265305090 0.138183677403 0.122087148250 0.0590841080777 0.122438868541 0.183067086409 0.0527393575924 0.0338719674366 0.0427257740133 0.160887735369 0.113799908929 0.0962154385167 0.0308400047616 0.114066813877 0.0870825228020 0.117088023042 0.127049931653 0.232168301281 0.385858561000 0.459389640266 0.522007502203 0.556962646524 0.602925721033 0.750242016795 0.677414135759 0.838197236435 0.929212972833 0.727152491178 0.678250033797 0.672169790075 0.887886965186 1.05873397378 1.08320112601 1.35067703592 1.78332144133 2.08535846398 2.68021284259 3.45295203643 4.04908766324 4.33834010996
