# Number of parameters = 77 Objective function value = 23500.1761019371  Maximum gradient component = 6.52396941054077
# srv_sel50:
0.999814796254
# srv_sel95:
1.00088643733
# stNatLen:
 11.1905539096 10.3788820851 8.96057581385 7.81638327465 6.99498716047 6.39594504021 5.94388057085 5.59334896612 5.31736130486 5.09935472091 4.92876058186 4.79863639530 4.70437811639 4.64299714154 4.61272675413
# log_avg_fmort_dir:
0.664743700617
# fmort_dir_dev:
 -0.448099621870 -0.462013053343 -0.179346271071 -0.323317033661 -0.295758804499 -0.0877518321749 -0.340170050992 -0.0491981304142 -0.175530431927 -0.130105222359 -0.0538308254924 -0.0690788436328 -0.150458485526 0.0203349088181 0.0491706115579 0.128002587881 0.0962930780611 0.225599865442 0.229479010367 0.164862136892 0.103056264946 0.114171883924 0.308961569095 0.233571051053 0.118972766032 0.339617759844 0.377029549566 0.255535563484
# mean_log_rec:
13.3085450494
# rec_dev:
 -2.19269432615 -1.72947415096 -1.51186243201 -1.51209547595 -1.33285422130 -1.11733491935 -0.644394219440 -0.455760880129 -0.142697021491 0.113236113781 0.328199459358 0.590825369494 0.712151668595 0.496384500870 0.360403731704 0.393539140003 0.415955512644 0.373586999595 0.332978180043 0.443485153730 0.590225776345 0.671797001866 0.698954320213 0.784364842892 0.929816106438 0.859544135886 0.771859856903 0.771859776409
# log_avg_NatM:
-1.36448700000
# m_dev:
 0.00000000000 0.00000000000 0.00000000000 0.00000000000 0.00000000000 0.00000000000 0.00000000000 0.00000000000 0.00000000000 0.00000000000 0.00000000000 0.00000000000 0.00000000000 0.00000000000 0.00000000000 0.00000000000 0.00000000000 0.00000000000 0.00000000000 0.00000000000 0.00000000000 0.00000000000 0.00000000000 0.00000000000 0.00000000000 0.00000000000 0.00000000000 0.00000000000
# log_avg_GrowthK:
-1.20372700000
# log_avg_Linf:
3.45755400000
# GrowthK_dev:
 0.00000000000 0.00000000000 0.00000000000 0.00000000000 0.00000000000 0.00000000000 0.00000000000 0.00000000000 0.00000000000 0.00000000000 0.00000000000 0.00000000000 0.00000000000 0.00000000000 0.00000000000 0.00000000000 0.00000000000 0.00000000000 0.00000000000 0.00000000000 0.00000000000 0.00000000000 0.00000000000 0.00000000000 0.00000000000 0.00000000000 0.00000000000 0.00000000000
# Linf_dev:
 0.00000000000 0.00000000000 0.00000000000 0.00000000000 0.00000000000 0.00000000000 0.00000000000 0.00000000000 0.00000000000 0.00000000000 0.00000000000 0.00000000000 0.00000000000 0.00000000000 0.00000000000 0.00000000000 0.00000000000 0.00000000000 0.00000000000 0.00000000000 0.00000000000 0.00000000000 0.00000000000 0.00000000000 0.00000000000 0.00000000000 0.00000000000 0.00000000000
# SelPars50:
1.04397185945
# SelPars95:
1.20471853325
# SelPars_dev50:
 0.00000000000 0.00000000000 0.00000000000 0.00000000000 0.00000000000 0.00000000000 0.00000000000 0.00000000000 0.00000000000 0.00000000000 0.00000000000 0.00000000000 0.00000000000 0.00000000000 0.00000000000 0.00000000000 0.00000000000 0.00000000000 0.00000000000 0.00000000000 0.00000000000 0.00000000000 0.00000000000 0.00000000000 0.00000000000 0.00000000000 0.00000000000 0.00000000000
# SelPars_dev95:
 0.00000000000 0.00000000000 0.00000000000 0.00000000000 0.00000000000 0.00000000000 0.00000000000 0.00000000000 0.00000000000 0.00000000000 0.00000000000 0.00000000000 0.00000000000 0.00000000000 0.00000000000 0.00000000000 0.00000000000 0.00000000000 0.00000000000 0.00000000000 0.00000000000 0.00000000000 0.00000000000 0.00000000000 0.00000000000 0.00000000000 0.00000000000 0.00000000000
