# Number of parameters = 106 Objective function value = 26691.0482568077  Maximum gradient component = 0.000973557008511421
# srv_sel50:
3.76446684079
# srv_sel95:
10.4134578121
# stNatLen:
 13.2575891540 12.4689182705 11.6698095761 10.8881920147 10.2115886838 9.66209305790 9.22271895669 8.87127837487 8.58986752577 8.36550837130 8.18904572064 8.05407622499 7.95618418187 7.89244743678 7.86108909246
# log_avg_fmort_dir:
-0.347120221593
# fmort_dir_dev:
 -0.0634497892062 -0.419178885909 -0.630885583217 -0.976215479887 -0.766502727101 -0.606796314226 -0.206381674873 -0.482203435532 -0.311978958152 -0.166502825036 -0.0443802318663 -0.0376505728099 0.137328798952 0.459092947733 0.422969601135 0.361668129709 0.191660371504 0.218678783243 0.0521303818212 0.168828252363 0.229600985521 0.198538641467 0.253919102222 0.395073341758 0.372935282498 0.487921632936 0.237483302857 0.524296922097
# mean_log_rec:
15.4429242015
# rec_dev:
 -2.92426688237 -4.10260895537 -2.34303650014 -0.856037002696 -0.539650463222 -0.300571402272 0.0595302181243 0.171557370651 0.206470225902 0.392902744746 0.614198956263 0.630604580551 0.593916834689 0.390995108920 0.520360153294 0.530355101606 0.456005088742 0.502039554504 0.470646788675 0.616068887858 0.600653997316 0.548691928986 0.650008885307 0.625874981350 0.387880107408 0.699475092904 0.698967308414 0.698967289854
# log_avg_NatM:
0.00116717752273
# m_dev:
 -0.486846915238 -0.501407055198 -0.728560806150 -0.415807388049 -0.227152959458 0.129809500254 -0.150695866817 0.0616904083805 0.116029343808 -0.0252803621201 0.0592179611299 0.226749062793 0.147326150577 0.316380402038 0.0124487355888 0.156695435006 0.221631080547 0.0782553565765 0.166386153217 -0.0582545829406 0.136274091833 0.226318482105 0.0455193006749 0.165697616960 0.345389841698 -0.195324867616 0.149491907133 0.0280199732677
# log_avg_GrowthK:
-1.02151300000
# log_avg_Linf:
3.36611700000
# GrowthK_dev:
 0.00000000000 0.00000000000 0.00000000000 0.00000000000 0.00000000000 0.00000000000 0.00000000000 0.00000000000 0.00000000000 0.00000000000 0.00000000000 0.00000000000 0.00000000000 0.00000000000 0.00000000000 0.00000000000 0.00000000000 0.00000000000 0.00000000000 0.00000000000 0.00000000000 0.00000000000 0.00000000000 0.00000000000 0.00000000000 0.00000000000 0.00000000000 0.00000000000
# Linf_dev:
 0.00000000000 0.00000000000 0.00000000000 0.00000000000 0.00000000000 0.00000000000 0.00000000000 0.00000000000 0.00000000000 0.00000000000 0.00000000000 0.00000000000 0.00000000000 0.00000000000 0.00000000000 0.00000000000 0.00000000000 0.00000000000 0.00000000000 0.00000000000 0.00000000000 0.00000000000 0.00000000000 0.00000000000 0.00000000000 0.00000000000 0.00000000000 0.00000000000
# SelPars50:
3.45984495916
# SelPars95:
8.35933771099
# SelPars_dev50:
 0.00000000000 0.00000000000 0.00000000000 0.00000000000 0.00000000000 0.00000000000 0.00000000000 0.00000000000 0.00000000000 0.00000000000 0.00000000000 0.00000000000 0.00000000000 0.00000000000 0.00000000000 0.00000000000 0.00000000000 0.00000000000 0.00000000000 0.00000000000 0.00000000000 0.00000000000 0.00000000000 0.00000000000 0.00000000000 0.00000000000 0.00000000000 0.00000000000
# SelPars_dev95:
 0.00000000000 0.00000000000 0.00000000000 0.00000000000 0.00000000000 0.00000000000 0.00000000000 0.00000000000 0.00000000000 0.00000000000 0.00000000000 0.00000000000 0.00000000000 0.00000000000 0.00000000000 0.00000000000 0.00000000000 0.00000000000 0.00000000000 0.00000000000 0.00000000000 0.00000000000 0.00000000000 0.00000000000 0.00000000000 0.00000000000 0.00000000000 0.00000000000
