# Number of parameters = 77 Objective function value = 19520.2631533339  Maximum gradient component = 0.00538059588875058
# srv_sel50:
0.989094532693
# srv_sel95:
1.02914922621
# stNatLen:
 10.6284611621 9.58160536765 8.15736114835 7.17395244839 6.50614162641 6.01417977658 5.63402987958 5.33289394880 5.09184754033 4.89908717223 4.74687396151 4.62999222965 4.54491132122 4.48930870920 4.46180170045
# log_avg_fmort_dir:
0.759220253179
# fmort_dir_dev:
 -0.305489875941 -0.166710087293 -0.218537627531 -0.265636336909 -0.176856758290 -0.0222994062882 -0.164840015370 -0.177567857816 -0.138911159606 -0.0579166528405 -0.0575122762839 -0.0698094801788 -0.149805615322 0.0855941538687 0.0343596944853 0.123167983001 0.0824203553332 0.160246667267 0.0987643703825 0.111722004416 0.181945459063 0.196519574994 0.200210250077 0.234930757314 0.314750373117 0.235827002734 0.186178970361 -0.274744466745
# mean_log_rec:
13.3112667854
# rec_dev:
 -2.35939175368 -2.05124937784 -1.68102387090 -1.38807763092 -1.49518088171 -1.43141602115 -0.862900586618 -0.407793087305 -0.167095499385 0.0258708646423 0.271483298082 0.537538964800 0.752566894935 0.588760476554 0.521506664587 0.501198267394 0.531939387277 0.492537985136 0.537979657394 0.641025279682 0.644978129344 0.697219617959 0.781693940193 0.819750396810 0.774639745611 0.803782307843 0.959828414917 0.959828416343
# log_avg_NatM:
-1.36837500000
# m_dev:
 0.00000000000 0.00000000000 0.00000000000 0.00000000000 0.00000000000 0.00000000000 0.00000000000 0.00000000000 0.00000000000 0.00000000000 0.00000000000 0.00000000000 0.00000000000 0.00000000000 0.00000000000 0.00000000000 0.00000000000 0.00000000000 0.00000000000 0.00000000000 0.00000000000 0.00000000000 0.00000000000 0.00000000000 0.00000000000 0.00000000000 0.00000000000 0.00000000000
# log_avg_GrowthK:
-1.19613400000
# log_avg_Linf:
3.45239700000
# GrowthK_dev:
 0.00000000000 0.00000000000 0.00000000000 0.00000000000 0.00000000000 0.00000000000 0.00000000000 0.00000000000 0.00000000000 0.00000000000 0.00000000000 0.00000000000 0.00000000000 0.00000000000 0.00000000000 0.00000000000 0.00000000000 0.00000000000 0.00000000000 0.00000000000 0.00000000000 0.00000000000 0.00000000000 0.00000000000 0.00000000000 0.00000000000 0.00000000000 0.00000000000
# Linf_dev:
 0.00000000000 0.00000000000 0.00000000000 0.00000000000 0.00000000000 0.00000000000 0.00000000000 0.00000000000 0.00000000000 0.00000000000 0.00000000000 0.00000000000 0.00000000000 0.00000000000 0.00000000000 0.00000000000 0.00000000000 0.00000000000 0.00000000000 0.00000000000 0.00000000000 0.00000000000 0.00000000000 0.00000000000 0.00000000000 0.00000000000 0.00000000000 0.00000000000
# SelPars50:
1.01362969590
# SelPars95:
1.12501880933
# SelPars_dev50:
 0.00000000000 0.00000000000 0.00000000000 0.00000000000 0.00000000000 0.00000000000 0.00000000000 0.00000000000 0.00000000000 0.00000000000 0.00000000000 0.00000000000 0.00000000000 0.00000000000 0.00000000000 0.00000000000 0.00000000000 0.00000000000 0.00000000000 0.00000000000 0.00000000000 0.00000000000 0.00000000000 0.00000000000 0.00000000000 0.00000000000 0.00000000000 0.00000000000
# SelPars_dev95:
 0.00000000000 0.00000000000 0.00000000000 0.00000000000 0.00000000000 0.00000000000 0.00000000000 0.00000000000 0.00000000000 0.00000000000 0.00000000000 0.00000000000 0.00000000000 0.00000000000 0.00000000000 0.00000000000 0.00000000000 0.00000000000 0.00000000000 0.00000000000 0.00000000000 0.00000000000 0.00000000000 0.00000000000 0.00000000000 0.00000000000 0.00000000000 0.00000000000
