# Number of parameters = 79 Objective function value = 22757.0347182804  Maximum gradient component = 0.000881706994888752
# srv_sel50:
0.0379664558469
# srv_sel95:
2.55247619691
# stNatLen:
 10.3306434432 9.59460361572 8.33567594748 7.31757789045 6.56604597917 6.00905982520 5.58525086451 5.25511954363 4.99450472853 4.78833373944 4.62687854000 4.50369387236 4.41447260965 4.35639451526 4.32775187022
# log_avg_fmort_dir:
0.699413179316
# fmort_dir_dev:
 -0.263461569688 -0.101893310601 -0.231291678311 -0.166986934339 -0.105389145503 -0.0821787608271 0.0700880347095 0.0396265494468 -0.219059420028 0.0116857541229 0.274203308761 -0.00392596972216 -0.0387904636668 0.329568229593 0.134912386223 0.302986971798 0.137051989817 0.280910165549 0.247948349558 0.233243493146 0.195917134980 0.0561225414752 0.220686018382 0.209424496304 0.120406953394 0.245115320300 0.207433955635 0.136689602504 -2.24104400301
# mean_log_rec:
12.4147064024
# rec_dev:
 -1.92405840329 -1.66135969083 -1.38446612026 -1.08099570149 -1.09430465350 -1.33976211616 -1.01084064347 -0.196683319309 -0.203337343313 -0.240807513984 0.392657187542 0.663121312886 0.522747801781 0.266075534159 0.247082943615 0.404652294371 0.336628424612 0.362558887165 0.296923347111 0.352378759687 0.532791005673 0.539418663046 0.681316214099 0.682903289524 0.554384154112 0.489755266971 0.661353352961 1.07493346274 1.07493360355
# log_avg_NatM:
-0.940144300000
# m_dev:
 0.00000000000 0.00000000000 0.00000000000 0.00000000000 0.00000000000 0.00000000000 0.00000000000 0.00000000000 0.00000000000 0.00000000000 0.00000000000 0.00000000000 0.00000000000 0.00000000000 0.00000000000 0.00000000000 0.00000000000 0.00000000000 0.00000000000 0.00000000000 0.00000000000 0.00000000000 0.00000000000 0.00000000000 0.00000000000 0.00000000000 0.00000000000 0.00000000000 0.00000000000
# log_avg_GrowthK:
-1.02151300000
# log_avg_Linf:
3.36611700000
# GrowthK_dev:
 0.00000000000 0.00000000000 0.00000000000 0.00000000000 0.00000000000 0.00000000000 0.00000000000 0.00000000000 0.00000000000 0.00000000000 0.00000000000 0.00000000000 0.00000000000 0.00000000000 0.00000000000 0.00000000000 0.00000000000 0.00000000000 0.00000000000 0.00000000000 0.00000000000 0.00000000000 0.00000000000 0.00000000000 0.00000000000 0.00000000000 0.00000000000 0.00000000000 0.00000000000
# Linf_dev:
 0.00000000000 0.00000000000 0.00000000000 0.00000000000 0.00000000000 0.00000000000 0.00000000000 0.00000000000 0.00000000000 0.00000000000 0.00000000000 0.00000000000 0.00000000000 0.00000000000 0.00000000000 0.00000000000 0.00000000000 0.00000000000 0.00000000000 0.00000000000 0.00000000000 0.00000000000 0.00000000000 0.00000000000 0.00000000000 0.00000000000 0.00000000000 0.00000000000 0.00000000000
# SelPars50:
1.72659595622
# SelPars95:
2.80297874363
# SelPars_dev50:
 0.00000000000 0.00000000000 0.00000000000 0.00000000000 0.00000000000 0.00000000000 0.00000000000 0.00000000000 0.00000000000 0.00000000000 0.00000000000 0.00000000000 0.00000000000 0.00000000000 0.00000000000 0.00000000000 0.00000000000 0.00000000000 0.00000000000 0.00000000000 0.00000000000 0.00000000000 0.00000000000 0.00000000000 0.00000000000 0.00000000000 0.00000000000 0.00000000000 0.00000000000
# SelPars_dev95:
 0.00000000000 0.00000000000 0.00000000000 0.00000000000 0.00000000000 0.00000000000 0.00000000000 0.00000000000 0.00000000000 0.00000000000 0.00000000000 0.00000000000 0.00000000000 0.00000000000 0.00000000000 0.00000000000 0.00000000000 0.00000000000 0.00000000000 0.00000000000 0.00000000000 0.00000000000 0.00000000000 0.00000000000 0.00000000000 0.00000000000 0.00000000000 0.00000000000 0.00000000000
