# Number of parameters = 79 Objective function value = 21736.3476992002  Maximum gradient component = 0.0132826913822591
# srv_sel50:
1.11443227211
# srv_sel95:
2.34231974922
# stNatLen:
 11.3288096099 10.6988870728 8.81648793094 7.53668849311 6.70717756791 6.12691351656 5.69270103883 5.35567462302 5.08957318259 4.87881243643 4.71353283857 4.58725891056 4.49568605154 4.43601616183 4.40656260911
# log_avg_fmort_dir:
0.607874188142
# fmort_dir_dev:
 -0.934642953708 -0.635230308948 -0.618828832054 -0.423413159282 -0.454363939266 -0.364276881475 -0.317577390821 -0.190287722783 -0.175061201321 -0.0903733673175 -0.119730895231 -0.0536759250963 0.00841729316754 -0.00381824762644 0.186154547582 0.247280626208 0.306850351721 0.266269562598 0.312710261080 0.440553180207 0.542916973361 0.432850109041 0.514610808016 0.411083857573 0.440711043055 0.542630797335 0.559434408445 0.607328378999 -1.43852137346
# mean_log_rec:
13.5667725676
# rec_dev:
 -2.02585506558 -1.83911578223 -1.69956559583 -1.40561712462 -1.30233495108 -1.14683909635 -0.768513136984 -0.376470772960 -0.138953600547 -0.0444371434062 0.278976689219 0.611080445162 0.673386422010 0.487515188950 0.350981638031 0.408972501066 0.355389862606 0.347160036368 0.418265199804 0.485783413135 0.528530056720 0.574620104879 0.625103561767 0.768256542681 0.813917823801 0.678932265519 0.626028075647 0.857401221131 0.857401221086
# log_avg_NatM:
-1.05607500000
# m_dev:
 0.00000000000 0.00000000000 0.00000000000 0.00000000000 0.00000000000 0.00000000000 0.00000000000 0.00000000000 0.00000000000 0.00000000000 0.00000000000 0.00000000000 0.00000000000 0.00000000000 0.00000000000 0.00000000000 0.00000000000 0.00000000000 0.00000000000 0.00000000000 0.00000000000 0.00000000000 0.00000000000 0.00000000000 0.00000000000 0.00000000000 0.00000000000 0.00000000000 0.00000000000
# log_avg_GrowthK:
-1.18630400000
# log_avg_Linf:
3.44583300000
# GrowthK_dev:
 0.00000000000 0.00000000000 0.00000000000 0.00000000000 0.00000000000 0.00000000000 0.00000000000 0.00000000000 0.00000000000 0.00000000000 0.00000000000 0.00000000000 0.00000000000 0.00000000000 0.00000000000 0.00000000000 0.00000000000 0.00000000000 0.00000000000 0.00000000000 0.00000000000 0.00000000000 0.00000000000 0.00000000000 0.00000000000 0.00000000000 0.00000000000 0.00000000000 0.00000000000
# Linf_dev:
 0.00000000000 0.00000000000 0.00000000000 0.00000000000 0.00000000000 0.00000000000 0.00000000000 0.00000000000 0.00000000000 0.00000000000 0.00000000000 0.00000000000 0.00000000000 0.00000000000 0.00000000000 0.00000000000 0.00000000000 0.00000000000 0.00000000000 0.00000000000 0.00000000000 0.00000000000 0.00000000000 0.00000000000 0.00000000000 0.00000000000 0.00000000000 0.00000000000 0.00000000000
# SelPars50:
1.04213982342
# SelPars95:
1.15904369018
# SelPars_dev50:
 0.00000000000 0.00000000000 0.00000000000 0.00000000000 0.00000000000 0.00000000000 0.00000000000 0.00000000000 0.00000000000 0.00000000000 0.00000000000 0.00000000000 0.00000000000 0.00000000000 0.00000000000 0.00000000000 0.00000000000 0.00000000000 0.00000000000 0.00000000000 0.00000000000 0.00000000000 0.00000000000 0.00000000000 0.00000000000 0.00000000000 0.00000000000 0.00000000000 0.00000000000
# SelPars_dev95:
 0.00000000000 0.00000000000 0.00000000000 0.00000000000 0.00000000000 0.00000000000 0.00000000000 0.00000000000 0.00000000000 0.00000000000 0.00000000000 0.00000000000 0.00000000000 0.00000000000 0.00000000000 0.00000000000 0.00000000000 0.00000000000 0.00000000000 0.00000000000 0.00000000000 0.00000000000 0.00000000000 0.00000000000 0.00000000000 0.00000000000 0.00000000000 0.00000000000 0.00000000000
