#Simulated generalized assessment 
# 
#start/end year 
69 97 
#number of ages 
15 
#ages 
1 2 3 4 5 6 7 8 9 10 11 12 13 14 15 
#Number of length bins 
25 
#CPUE years 
29 
#years for CPUE 
69 70 71 72 73 74 75 76 77 78 79 80 81 82 83 84 85 86 87 88 89 90 91 92 93 94 95 96 97 
#survey years 
29 
#years for survey 
69 70 71 72 73 74 75 76 77 78 79 80 81 82 83 84 85 86 87 88 89 90 91 92 93 94 95 96 97 
#length freq from catch years 
29 
#years for length freq catch 
69 70 71 72 73 74 75 76 77 78 79 80 81 82 83 84 85 86 87 88 89 90 91 92 93 94 95 96 97 
#catch length sample sizes 
200 200 200 200 200 200 200 200 200 200 200 200 200 200 200 200 200 200 200 200 200 200 200 200 200 200 200 200 200 
#length freq from survey years 
29 
#years for length freq survey 
69 70 71 72 73 74 75 76 77 78 79 80 81 82 83 84 85 86 87 88 89 90 91 92 93 94 95 96 97 
#survey sample sizes 
200 200 200 200 200 200 200 200 200 200 200 200 200 200 200 200 200 200 200 200 200 200 200 200 200 200 200 200 200 
#total survey biomass 
8542.891 9310.306 15109.14 15361.44 21141.21 26280.8 29615.13 28338.38 48065.43 61419.74 62453.51 58836.37 110312.8 99245.82 82515.23 125665.8 77977.73 84099.7 99181.23 86859.81 83314.33 79697.65 63694.7 82602.35 140768.4 99566.61 93361.76 83281.6 96324.8 
#survey CV 
0.2 0.2 0.2 0.2 0.2 0.2 0.2 0.2 0.2 0.2 0.2 0.2 0.2 0.2 0.2 0.2 0.2 0.2 0.2 0.2 0.2 0.2 0.2 0.2 0.2 0.2 0.2 0.2 0.2 
#total CPUE 
6203.344 4741.462 10956.03 13212.92 24387 23474.13 28821.97 33390.4 50783.68 37989.38 44812.43 68666.74 107946.1 139698.5 161965.9 73480.93 98260.87 87717.08 80327.25 90951.89 76602.94 99097.19 117242.1 121495.9 151982.2 116060.5 113082.2 112950 155610.7 
#CPUE CV 
0.2 0.2 0.2 0.2 0.2 0.2 0.2 0.2 0.2 0.2 0.2 0.2 0.2 0.2 0.2 0.2 0.2 0.2 0.2 0.2 0.2 0.2 0.2 0.2 0.2 0.2 0.2 0.2 0.2 
#total catch biomass 
5605.916 6002.054 6331.737 9485.936 14271.55 18084.13 19931.85 25964.66 28700.76 40059.33 52306.89 58089.47 74836.44 93858.75 104011.4 91605.31 82948.06 77284.07 80791.09 77268.72 76168.17 89774.82 96717.62 105491.8 109789 113870.3 116608.5 108354.6 100737.1 
#catch CV 
0.05 0.05 0.05 0.05 0.05 0.05 0.05 0.05 0.05 0.05 0.05 0.05 0.05 0.05 0.05 0.05 0.05 0.05 0.05 0.05 0.05 0.05 0.05 0.05 0.05 0.05 0.05 0.05 0.05 
#Length Bins 
0.7268035 2.18041 3.634017 5.087624 6.541231 7.994838 9.448445 10.90205 12.35566 13.80927 15.26287 16.71648 18.17009 19.62369 21.0773 22.53091 23.98451 25.43812 26.89173 28.34534 29.79894 31.25255 32.70616 34.15976 35.61337 
#catch length counts 
1.336154e-37 1.854493e-29 3.111297e-22 6.309648e-16 1.546736e-10 4.583262e-06 0.0164165 7.107777 371.9927 2353.366 1816.235 1058.933 5799.724 4953.333 3838.843 3839.104 1743.822 710.5869 167.7971 21.87292 1.175086 0.018775 6.658292e-05 4.261052e-08 4.312043e-12 
1.578765e-37 2.191221e-29 3.676228e-22 7.455316e-16 1.827583e-10 5.415463e-06 0.01939731 8.398364 439.5369 2780.68 2146.463 1210.13 6190.243 5034.909 3957.697 3625.177 1570.895 582.3601 124.5401 14.11797 0.61858 0.007603745 1.996498e-05 9.245631e-09 6.683213e-13 
4.043181e-37 5.611669e-29 9.414739e-22 1.90929e-15 4.6804e-10 1.386888e-05 0.04967608 21.50803 1125.644 7121.2 5470.524 1681.526 6744.95 5233.301 4252.962 3578.115 1494.253 500.6152 94.69936 9.140867 0.325064 0.003071789 5.96281e-06 1.996401e-09 1.030562e-13 
7.017808e-37 9.740255e-29 1.63413e-21 3.313982e-15 8.123838e-10 2.407242e-05 0.08622348 37.33179 1953.797 12360.43 9515.248 3664.649 14907.36 10289.73 4788.611 3382.013 1335.409 399.8787 65.797 5.263949 0.1489099 0.001076558 1.546677e-06 3.747945e-10 1.382393e-14 
6.501347e-37 9.02344e-29 1.513869e-21 3.070097e-15 7.52598e-10 2.230086e-05 0.07987804 34.58443 1810.012 11450.96 8867.157 5359.074 22636.56 15252.16 9601.608 5862.455 1366.002 309.9874 43.41175 2.825768 0.06214807 0.0003384793 3.583693e-07 6.293844e-11 1.662554e-15 
1.377151e-36 1.911395e-28 3.206762e-21 6.503248e-15 1.594195e-09 4.723891e-05 0.1692021 73.25866 3834.067 24255.7 18655.21 5792.635 18893.7 13381.61 13688.47 8248.537 2177.801 364.7132 30.8493 1.503651 0.0252098 0.0001016854 7.838397e-08 9.9253e-12 1.87715e-16 
1.447391e-36 2.008883e-28 3.370318e-21 6.834937e-15 1.675504e-09 4.964825e-05 0.177832 76.9951 4029.617 25493.29 19733.43 10245.15 36135.5 21323.79 11939.3 7049.783 2574.801 448.3886 31.19795 0.9127887 0.01012596 2.932975e-05 1.624077e-08 1.467696e-12 1.974396e-17 
2.25948e-36 3.136009e-28 5.261306e-21 1.066982e-14 2.615582e-09 7.750447e-05 0.2776084 120.1949 6290.52 39796.53 30695.19 11395.83 34062.98 21899.12 20491.41 9557.084 2064.82 364.9805 28.21659 0.6740103 0.004633697 8.316729e-06 3.119986e-09 1.975685e-13 1.872453e-18 
2.378921e-36 3.301785e-28 5.539429e-21 1.123385e-14 2.753846e-09 8.160151e-05 0.2922833 126.5486 6623.05 41901.05 32493.19 16556.04 49648.16 27886.29 19686.53 9603.731 2704.737 336.9362 19.66528 0.4570713 0.002588675 3.048663e-06 6.999771e-10 2.84162e-14 1.817544e-19 
4.357332e-36 6.047689e-28 1.014625e-20 2.05764e-14 5.044062e-09 0.0001494648 0.5353585 231.7917 12131.06 76746.71 59214.27 19984.58 49137.41 29799.67 26989.89 10784.56 2349.961 304.806 15.38154 0.2549625 0.001196007 1.147187e-06 1.871366e-10 4.883412e-15 1.964952e-20 
6.552746e-36 9.094779e-28 1.525838e-20 3.094369e-14 7.58548e-09 0.0002247717 0.8050955 348.5786 18243.22 115416.6 89315.33 34984.1 82805.75 41281.81 25703.82 10123.38 2307.421 230.0304 9.714613 0.1356135 0.0004608882 3.284458e-07 4.16508e-11 8.169778e-16 2.308113e-21 
5.352182e-36 7.428476e-28 1.246281e-20 2.527433e-14 6.195704e-09 0.00018359 0.6575896 284.7136 14900.78 94275.81 73887.85 48429.34 118396.4 60017.8 40164.29 12053.52 1918.111 174.133 6.074077 0.0648496 0.0001725413 9.050977e-08 8.161251e-12 1.164635e-16 2.444925e-22 
1.163314e-35 1.614603e-27 2.708831e-20 5.493454e-14 1.346656e-08 0.0003990387 1.429292 618.834 32387.31 204900.7 158377.6 50408.81 94546.12 61026.7 54389.38 15699.45 2299.527 145.9661 3.772125 0.03183343 6.306692e-05 2.446977e-08 1.620186e-12 1.653025e-17 2.446904e-23 
1.201821e-35 1.668048e-27 2.798497e-20 5.675295e-14 1.391232e-08 0.0004122474 1.476603 639.3182 33459.39 211700.8 166272.9 100019.6 201147.6 84645.28 43945.01 14502.46 2538.604 145.422 2.787791 0.01609049 2.314433e-05 6.564219e-09 3.129513e-13 2.296473e-18 2.441179e-24 
1.083425e-35 1.503722e-27 2.522806e-20 5.116199e-14 1.254176e-08 0.0003716353 1.331137 576.3364 30163.18 190857.5 151307.7 108213.3 208385.8 119969.9 82729.23 17139.15 1945.045 117.2463 2.161547 0.009555164 9.350112e-06 1.808079e-09 6.071554e-14 3.169513e-19 2.391633e-25 
7.169916e-36 9.95137e-28 1.669549e-20 3.385811e-14 8.299918e-09 0.0002459418 0.8809234 381.4094 19961.49 126324.6 102249.2 99776.1 184585.6 116599.3 82421.27 20655.31 2408.007 90.57171 1.287921 0.005141225 4.042774e-06 5.5507e-10 1.258016e-14 4.447212e-20 2.3172e-26 
1.212756e-35 1.683225e-27 2.823959e-20 5.726932e-14 1.40389e-08 0.0004159983 1.490038 645.1351 33763.84 213636.3 167805.3 79980.26 124220.2 97618.89 70561.44 18175.22 2242.206 87.75707 0.9509652 0.002584929 1.586794e-06 1.753762e-10 3.007172e-15 7.539911e-21 2.687821e-27 
7.875558e-36 1.093075e-27 1.833861e-20 3.719033e-14 9.116772e-09 0.0002701466 0.9676212 418.9466 21926.09 138792.3 115031 127648.6 195923.4 88783.87 47397.96 13429.18 1671.648 65.08334 0.6816256 0.001531659 6.587859e-07 5.079142e-11 6.470462e-16 1.236178e-21 3.301514e-28 
1.353112e-35 1.87803e-27 3.150785e-20 6.389729e-14 1.566367e-08 0.0004641432 1.662485 719.7988 37671.49 238389.2 189088 98665.38 135992 112545.4 61393.99 10188.29 988.2329 37.54048 0.3680645 0.0007456697 2.693431e-07 1.569962e-11 1.40046e-16 1.849894e-22 3.504848e-29 
9.114077e-36 1.264974e-27 2.122256e-20 4.303892e-14 1.055049e-08 0.0003126302 1.11979 484.8306 25374.31 160678.4 136525.3 159851.3 207510.1 93547.8 43985.37 9958.3 785.0603 19.36001 0.1548768 0.000274065 8.437487e-08 4.058789e-12 2.860902e-17 2.83326e-23 3.841716e-30 
1.241243e-35 1.722763e-27 2.890292e-20 5.861454e-14 1.436866e-08 0.0004257698 1.525038 660.2889 34557.09 218751.2 178015.3 121780.4 154462.8 124550.6 52895.54 7217.671 518.0591 12.03913 0.06725377 8.438927e-05 2.042756e-08 7.943051e-13 4.484196e-18 3.499475e-24 3.667968e-31 
1.603081e-35 2.224971e-27 3.732851e-20 7.570147e-14 1.855732e-08 0.0005498874 1.969607 852.772 44631.08 282582.2 233051.9 171269.1 184198 95779.62 40266.8 7086.206 392.59 6.466159 0.03010064 2.861218e-05 4.781513e-09 1.317694e-13 5.550202e-19 3.316763e-25 2.674564e-32 
1.375077e-35 1.908516e-27 3.201931e-20 6.493451e-14 1.591793e-08 0.0004716774 1.689472 731.4831 38283.64 242586.1 211259.5 225194.3 237351 123305 39635.41 5039.925 276.7917 4.176497 0.01404734 9.805007e-06 1.240893e-09 2.474271e-14 7.242368e-20 3.009534e-26 1.727388e-33 
1.912342e-35 2.654205e-27 4.452979e-20 9.030552e-14 2.213734e-08 0.0006559697 2.349577 1017.286 53241.57 337248.6 283165.1 209800.6 217380.2 143556.9 43575.91 4567.391 178.1215 2.128153 0.006157089 3.32154e-06 2.995782e-10 4.279318e-15 9.115432e-21 2.732136e-27 1.107851e-34 
2.245292e-35 3.116317e-27 5.228269e-20 1.060282e-13 2.599158e-08 0.0007701779 2.758652 1194.402 62511.97 396239 344044.2 299567.1 268114.2 131298.6 38821.47 4349.895 144.3596 1.249628 0.002599403 1.084129e-06 7.634939e-11 8.113021e-16 1.232593e-21 2.60576e-28 7.50224e-36 
2.13479e-35 2.962948e-27 4.97096e-20 1.008101e-13 2.47124e-08 0.0007322737 2.622885 1135.62 59436.7 377159.1 343378.4 357332.4 320268.4 162397.9 37484.45 3212.86 97.60658 0.7409816 0.001158441 3.381794e-07 1.693599e-11 1.327507e-16 1.509011e-22 2.359722e-29 4.916927e-37 
1.838155e-35 2.551238e-27 4.280231e-20 8.680223e-14 2.127855e-08 0.0006305222 2.258428 977.8227 51179.25 325166.8 308827.1 353673.1 325199 178454.3 39046.35 2886.636 65.22552 0.3875534 0.0004995397 1.137757e-07 4.122119e-12 2.253734e-17 1.789013e-23 1.988362e-30 2.995159e-38 
1.615524e-35 2.242241e-27 3.761824e-20 7.628904e-14 1.870136e-08 0.0005541555 1.984895 859.3921 44980.49 285746.7 269862.8 304693.8 294214.5 167903.1 37743.07 2812.134 57.90269 0.2821814 0.000290131 5.498706e-08 1.696365e-12 7.757671e-18 4.981731e-24 4.362749e-31 5.116812e-39 
2.267379e-35 3.146973e-27 5.2797e-20 1.070713e-13 2.624726e-08 0.0007777543 2.785789 1206.152 63128.55 400571.9 358340.5 316291.2 296345.8 170577.2 40034.73 3103.545 65.27928 0.3088633 0.0002854348 4.616477e-08 1.20825e-12 4.787798e-18 2.717108e-24 2.114321e-31 2.187269e-39 
#survey length counts 
5.287316e-37 7.338445e-29 1.231176e-21 2.496801e-15 6.120614e-10 1.81365e-05 0.06496199 28.1263 1472.018 9312.448 7145.48 1958.487 8452.139 7149.829 5044.986 4942.657 2149.64 847.4578 193.6806 24.58043 1.270539 0.01943207 6.618053e-05 4.088381e-08 4.013754e-12 
1.09699e-36 1.522549e-28 2.554392e-21 5.180256e-15 1.269879e-09 3.762883e-05 0.1347804 58.35524 3054.081 19321.02 14802.93 2780.429 8651.533 6986.928 5222.716 4730.553 1994.148 715.1525 145.6292 15.87056 0.6726079 0.007974751 2.018367e-05 9.041213e-09 6.349131e-13 
1.587697e-36 2.203618e-28 3.697027e-21 7.497496e-15 1.837923e-09 5.446102e-05 0.1950705 84.45879 4420.237 27963.81 21451.68 5174.13 18296.44 13333.33 5826.005 4390.253 1759.99 567.4622 101.3613 9.235331 0.3140395 0.002869551 5.401954e-06 1.756316e-09 8.826057e-14 
1.263442e-36 1.753575e-28 2.941985e-21 5.966287e-15 1.462565e-09 4.333847e-05 0.1552314 67.20982 3517.494 22252.95 17131.33 6627.195 27006.4 19124.43 11464.08 7685.599 1839.087 442.4715 67.75827 5.069642 0.1351173 0.0009357551 1.303736e-06 3.080377e-10 1.110322e-14 
2.318424e-36 3.21782e-28 5.39856e-21 1.094817e-14 2.683816e-09 7.952636e-05 0.2848505 123.3304 6454.623 40834.04 31333.05 7288.846 21958.75 16080.94 16039.93 10646.56 2914.629 538.9577 49.41386 2.761248 0.05651078 0.0002914142 2.966429e-07 5.065183e-11 1.309141e-15 
2.123365e-36 2.94709e-28 4.944355e-21 1.002705e-14 2.458014e-09 7.283545e-05 0.2608847 112.9541 5911.567 37398.93 28830.74 11491.95 40886.09 25467.73 13881.54 8803.194 3370.86 658.1112 51.47363 1.741053 0.02340344 8.686639e-05 6.370182e-08 7.777777e-12 1.431718e-16 
3.004494e-36 4.17004e-28 6.996107e-21 1.418796e-14 3.478013e-09 0.0001030599 0.3691437 159.8265 8364.681 52918.13 40717.64 12616.46 38098.4 25334.53 23737.63 12284.79 2743.52 529.4047 47.10989 1.341984 0.01131403 2.589011e-05 1.28479e-08 1.100391e-12 1.428506e-17 
2.864844e-36 3.976215e-28 6.670926e-21 1.35285e-14 3.316353e-09 9.826961e-05 0.3519858 152.3977 7975.888 50459.23 39007.83 17341.97 54549.29 32039.67 22624.26 11965.99 3596.771 503.7544 32.91904 0.9201434 0.006541948 9.921625e-06 3.00797e-09 1.648584e-13 1.444765e-18 
4.775861e-36 6.62858e-28 1.112082e-20 2.25528e-14 5.528552e-09 0.0001638211 0.5867806 254.0557 13296.27 84117.76 64802.88 20331.75 52709.79 32901.62 30609.35 13472.16 3092.874 449.0978 26.31848 0.5221225 0.003072599 3.839278e-06 8.32262e-10 2.930312e-14 1.612196e-19 
6.768903e-36 9.39479e-28 1.576171e-20 3.196443e-14 7.835704e-09 0.0002321862 0.8316533 360.0772 18845.01 119222.8 92116.71 34638.94 88079.66 45934.61 29146.14 12466.95 3072.875 346.3073 16.85819 0.2868607 0.001231258 1.142392e-06 1.932923e-10 5.132144e-15 1.981083e-20 
5.314959e-36 7.376813e-28 1.237613e-20 2.509855e-14 6.152614e-09 0.0001823132 0.6530163 282.7335 14797.15 93618.47 73189.07 47246.38 125543.8 66026.58 45934.65 15264.27 2593.586 266.0502 10.90156 0.142054 0.0004804864 3.302418e-07 3.979378e-11 7.701307e-16 2.214333e-21 
1.151342e-35 1.597987e-27 2.680955e-20 5.436923e-14 1.332798e-08 0.0003949324 1.414583 612.4658 32054.03 202790.4 156573.4 49209.3 99931.93 65230.44 62402.92 19893.77 3186.389 231.236 6.968413 0.07241222 0.000183358 9.346799e-08 8.296355e-12 1.149774e-16 2.33323e-22 
1.173143e-35 1.628245e-27 2.731718e-20 5.539869e-14 1.358034e-08 0.0004024102 1.441368 624.0626 32660.96 206644.4 161895.8 96987.17 213116.8 93636.94 50509.52 18009.39 3543.865 235.9684 5.371703 0.03818134 7.02708e-05 2.627906e-08 1.682998e-12 1.68024e-17 2.451437e-23 
1.041798e-35 1.445947e-27 2.425876e-20 4.919627e-14 1.205989e-08 0.0003573565 1.279993 554.1927 29004.26 183518.4 145046.6 104366.8 219402.5 128310.7 96474.49 22233.27 2732.729 190.7254 4.276194 0.02364555 2.973194e-05 7.580262e-09 3.423229e-13 2.434495e-18 2.523587e-24 
6.876021e-36 9.543464e-28 1.601114e-20 3.247027e-14 7.959705e-09 0.0002358606 0.8448143 365.7754 19143.26 121139.8 97619 96670.69 195090.6 124521.5 96513.95 26517.07 3526.714 154.4228 2.62088 0.01321648 1.351872e-05 2.458926e-09 7.498737e-14 3.612062e-19 2.587709e-25 
1.156296e-35 1.604862e-27 2.69249e-20 5.460315e-14 1.338532e-08 0.0003966315 1.420669 615.1008 32191.95 203684.8 159678.3 77476.74 130963.9 103548.2 83113.03 23368.48 3298.708 153.1116 2.031851 0.006940324 5.538866e-06 8.15884e-10 1.889388e-14 6.45768e-20 3.162585e-26 
7.423487e-36 1.030331e-27 1.728594e-20 3.505554e-14 8.593454e-09 0.0002546397 0.9120781 394.8983 20667.47 130813.5 107868.4 123636.1 208115 96721.76 55608.9 17203.46 2475.504 114.7037 1.490287 0.00428137 2.406303e-06 2.471356e-10 4.261708e-15 1.113191e-20 4.088821e-27 
1.261274e-35 1.750565e-27 2.936935e-20 5.956046e-14 1.460055e-08 0.0004326409 1.549649 670.9446 35114.63 222199.7 175878.4 94881.82 141907.2 119719.5 74052.03 13498.95 1473.636 67.04012 0.8223792 0.00214886 1.023843e-06 7.992347e-11 9.65965e-16 1.745725e-21 4.559578e-28 
8.418948e-36 1.168494e-27 1.960392e-20 3.975635e-14 9.745802e-09 0.0002887859 1.034384 447.8527 23438.98 148403 125450 154175.4 219364.9 101654.7 52066.08 13169.89 1222.364 35.69683 0.3552137 0.0008160304 3.335165e-07 2.160321e-11 2.070633e-16 2.808374e-22 5.245e-29 
1.139568e-35 1.581645e-27 2.653538e-20 5.381321e-14 1.319167e-08 0.0003908934 1.400117 606.2022 31726.35 200815.4 162975.8 117035.4 160185.1 133952.5 64855.02 9783.431 810.0261 22.98086 0.1613346 0.0002616284 8.423897e-08 4.430038e-12 3.413866e-17 3.659303e-23 5.292026e-30 
1.472477e-35 2.043701e-27 3.428733e-20 6.953401e-14 1.704545e-08 0.0005050877 1.809142 783.2961 40994.88 259530.9 213422.5 165788.9 194764.4 104739.6 48740.79 9752.147 642.3909 12.75934 0.07512391 9.330344e-05 2.076281e-08 7.742586e-13 4.46439e-18 3.676507e-24 4.101598e-31 
1.250352e-35 1.735406e-27 2.911504e-20 5.904472e-14 1.447412e-08 0.0004288946 1.536231 665.1349 34811.03 220536 191278.9 217654 249318.8 135628.8 49150.95 6992.539 454.5851 8.495227 0.03635688 3.31546e-05 5.612459e-09 1.517771e-13 6.082037e-19 3.486315e-25 2.775703e-32 
1.744165e-35 2.420786e-27 4.061371e-20 8.236378e-14 2.019051e-08 0.0005982818 2.142948 927.8226 48559.17 307540.4 257560.9 203542 226956.3 159217.6 54995.19 6564.088 304.0009 4.468748 0.01660918 1.180671e-05 1.426669e-09 2.768221e-14 8.0889e-20 3.345994e-26 1.880381e-33 
2.030858e-35 2.818697e-27 4.728948e-20 9.590212e-14 2.350928e-08 0.0006966229 2.49519 1080.331 56541.5 358311.1 310264.4 290496.5 282125.5 146155.9 48587.45 6309.103 253.0183 2.716669 0.007252338 3.995422e-06 3.787654e-10 5.478156e-15 1.141901e-20 3.333964e-27 1.332331e-34 
1.929076e-35 2.67743e-27 4.491944e-20 9.109572e-14 2.233104e-08 0.0006617097 2.370136 1026.188 53708.66 340691.6 309279.5 347887 336052.3 183382.2 48183.23 4745.004 174.5594 1.668391 0.003375405 1.303719e-06 8.799147e-11 9.413668e-16 1.47184e-21 3.180906e-28 9.1927e-36 
1.651044e-35 2.29154e-27 3.844533e-20 7.796636e-14 1.911253e-08 0.0005663394 2.028535 878.2867 45968.83 291922.6 276535.9 343465.8 337886.3 201968.4 50517.17 4366.168 119.946 0.8965858 0.00150544 4.563447e-07 2.232075e-11 1.666037e-16 1.8211e-22 2.803801e-29 5.872857e-37 
1.455131e-35 2.019626e-27 3.388341e-20 6.871487e-14 1.684464e-08 0.0004991375 1.787829 774.0696 40515.11 257518.2 249150.5 306904.7 300561.7 182918 44333.11 3671.185 86.17751 0.4905893 0.0006018224 1.381943e-07 5.212483e-12 2.930123e-17 2.32309e-23 2.521916e-30 3.67943e-38 
1.759368e-35 2.441887e-27 4.096771e-20 8.30817e-14 2.03665e-08 0.0006034966 2.161627 935.9108 48984.83 310957.6 283883.1 277700 268106.3 158579.2 38404.34 3183.38 72.85288 0.3818553 0.0003961689 7.27206e-08 2.177414e-12 9.918462e-18 6.485832e-24 5.821286e-31 6.951131e-39 
1.759368e-35 2.441887e-27 4.096771e-20 8.30817e-14 2.03665e-08 0.0006034966 2.161627 935.9108 48984.83 310957.6 283883.1 277707.1 268338.5 159074 37865.82 2969.458 62.91575 0.299229 0.0002775307 4.500556e-08 1.180235e-12 4.683543e-18 2.660722e-24 2.072019e-31 2.144735e-39 
