# Number of parameters = 80 Objective function value = 27002.4153360179  Maximum gradient component = 0.000817382324864204
# srv_sel50:
0.935816418836
# srv_sel95:
1.04736269052
# stNatLen:
 10.9470159004 9.34108582311 7.87986458738 6.78331364550 5.98523990976 5.39492023261 4.94593225685 4.59633074620 4.32041606293 4.10214070422 3.93116445093 3.80065733321 3.70607572008 3.64447060966 3.61408459507
# log_avg_fmort_dir:
0.938008856511
# fmort_dir_dev:
 -1.36897780711 -0.908896607316 -0.710582864340 -0.894214358452 -0.971017722895 -0.843460682013 -0.655813747604 -0.573872898485 -0.530493849819 -0.452627214004 -0.428181007112 -0.338414957756 -0.225857126225 -0.110912340314 0.0386985252084 0.124978970116 0.0459206284713 0.254414600131 0.381281328233 0.400351298344 0.542592780101 0.591164060711 0.598604468701 0.803979952058 0.914242007765 1.00545251388 1.04769727842 1.05697946531 1.20696530599
# mean_log_rec:
13.4040553032
# rec_dev:
 -3.02128268912 -2.93994968783 -2.42368244220 -2.10256100230 -1.60429836053 -1.18306810573 -0.922276668607 -0.653156342072 -0.345792229585 0.0105122478730 0.368328908901 0.623357611719 0.674141945446 0.689621336676 0.809352845138 0.723613521142 0.872507948307 0.724825555630 0.596544844353 0.785459105630 0.693288392411 0.803435158864 0.998763906999 1.08873306077 0.772850814921 0.911471674391 0.975220593380 1.03701902890 1.03701902651
# log_avg_NatM:
-0.884458007437
# m_dev:
 0.00000000000 0.00000000000 0.00000000000 0.00000000000 0.00000000000 0.00000000000 0.00000000000 0.00000000000 0.00000000000 0.00000000000 0.00000000000 0.00000000000 0.00000000000 0.00000000000 0.00000000000 0.00000000000 0.00000000000 0.00000000000 0.00000000000 0.00000000000 0.00000000000 0.00000000000 0.00000000000 0.00000000000 0.00000000000 0.00000000000 0.00000000000 0.00000000000 0.00000000000
# log_avg_GrowthK:
-1.19807800000
# log_avg_Linf:
3.45748100000
# GrowthK_dev:
 0.00000000000 0.00000000000 0.00000000000 0.00000000000 0.00000000000 0.00000000000 0.00000000000 0.00000000000 0.00000000000 0.00000000000 0.00000000000 0.00000000000 0.00000000000 0.00000000000 0.00000000000 0.00000000000 0.00000000000 0.00000000000 0.00000000000 0.00000000000 0.00000000000 0.00000000000 0.00000000000 0.00000000000 0.00000000000 0.00000000000 0.00000000000 0.00000000000 0.00000000000
# Linf_dev:
 0.00000000000 0.00000000000 0.00000000000 0.00000000000 0.00000000000 0.00000000000 0.00000000000 0.00000000000 0.00000000000 0.00000000000 0.00000000000 0.00000000000 0.00000000000 0.00000000000 0.00000000000 0.00000000000 0.00000000000 0.00000000000 0.00000000000 0.00000000000 0.00000000000 0.00000000000 0.00000000000 0.00000000000 0.00000000000 0.00000000000 0.00000000000 0.00000000000 0.00000000000
# SelPars50:
0.936415586530
# SelPars95:
1.05799294421
# SelPars_dev50:
 0.00000000000 0.00000000000 0.00000000000 0.00000000000 0.00000000000 0.00000000000 0.00000000000 0.00000000000 0.00000000000 0.00000000000 0.00000000000 0.00000000000 0.00000000000 0.00000000000 0.00000000000 0.00000000000 0.00000000000 0.00000000000 0.00000000000 0.00000000000 0.00000000000 0.00000000000 0.00000000000 0.00000000000 0.00000000000 0.00000000000 0.00000000000 0.00000000000 0.00000000000
# SelPars_dev95:
 0.00000000000 0.00000000000 0.00000000000 0.00000000000 0.00000000000 0.00000000000 0.00000000000 0.00000000000 0.00000000000 0.00000000000 0.00000000000 0.00000000000 0.00000000000 0.00000000000 0.00000000000 0.00000000000 0.00000000000 0.00000000000 0.00000000000 0.00000000000 0.00000000000 0.00000000000 0.00000000000 0.00000000000 0.00000000000 0.00000000000 0.00000000000 0.00000000000 0.00000000000
