#Simulated generalized assessment 
# 
#start/end year 
71 98 
#number of ages 
15 
#ages 
1 2 3 4 5 6 7 8 9 10 11 12 13 14 15 
#Number of length bins 
25 
#CPUE years 
28 
#years for CPUE 
71 72 73 74 75 76 77 78 79 80 81 82 83 84 85 86 87 88 89 90 91 92 93 94 95 96 97 98 
#survey years 
28 
#years for survey 
71 72 73 74 75 76 77 78 79 80 81 82 83 84 85 86 87 88 89 90 91 92 93 94 95 96 97 98 
#length freq from catch years 
28 
#years for length freq catch 
71 72 73 74 75 76 77 78 79 80 81 82 83 84 85 86 87 88 89 90 91 92 93 94 95 96 97 98 
#catch length sample sizes 
200 200 200 200 200 200 200 200 200 200 200 200 200 200 200 200 200 200 200 200 200 200 200 200 200 200 200 200 
#length freq from survey years 
28 
#years for length freq survey 
71 72 73 74 75 76 77 78 79 80 81 82 83 84 85 86 87 88 89 90 91 92 93 94 95 96 97 98 
#survey sample sizes 
200 200 200 200 200 200 200 200 200 200 200 200 200 200 200 200 200 200 200 200 200 200 200 200 200 200 200 200 
#total survey biomass 
6656.493 9526.527 7544.765 8514.343 17231.27 17577.62 13144.1 26990.85 49614.92 64300.75 82150.77 103156.2 105968.9 166889.3 103912.9 182425.9 99701.99 96947.63 109009.6 132570 150930.7 103889.2 140771 111310.3 154628.8 188943.4 202461.7 132651.1 
#survey CV 
0.2 0.2 0.2 0.2 0.2 0.2 0.2 0.2 0.2 0.2 0.2 0.2 0.2 0.2 0.2 0.2 0.2 0.2 0.2 0.2 0.2 0.2 0.2 0.2 0.2 0.2 0.2 0.2 
#total CPUE 
4258.404 7097.558 6135.806 7972.914 9600.076 10367.71 14432.54 15117.34 35685.12 67475.04 58948.46 115813.4 88766.54 180778.9 140724.7 82335.74 79700.01 82669.65 98975.15 91986.27 115150.9 102828.1 102327 134199.7 126894.1 131949.9 110281.1 140524.7 
#CPUE CV 
0.2 0.2 0.2 0.2 0.2 0.2 0.2 0.2 0.2 0.2 0.2 0.2 0.2 0.2 0.2 0.2 0.2 0.2 0.2 0.2 0.2 0.2 0.2 0.2 0.2 0.2 0.2 0.2 
#total catch biomass 
5118.771 4848.009 5490.919 5475.38 6333.435 9427.014 10753.97 11200.36 18865.92 33066.39 52196.51 54092.61 79761.76 99691.15 106043.6 98422.52 88112.72 82917.51 81587.78 78810.64 83187.05 94804.27 96596.79 103654.6 106133.6 116699.2 112630.5 109153.8 
#catch CV 
0.05 0.05 0.05 0.05 0.05 0.05 0.05 0.05 0.05 0.05 0.05 0.05 0.05 0.05 0.05 0.05 0.05 0.05 0.05 0.05 0.05 0.05 0.05 0.05 0.05 0.05 0.05 0.05 
#Length Bins 
0.6062379 1.818714 3.03119 4.243665 5.456141 6.668617 7.881093 9.093569 10.30604 11.51852 12.731 13.94347 15.15595 16.36842 17.5809 18.79338 20.00585 21.21833 22.4308 23.64328 24.85575 26.06823 27.28071 28.49318 29.70566 
#catch length counts 
5.486234e-35 2.685131e-28 3.021353e-22 7.815954e-17 4.648441e-12 6.355903e-08 0.0001997984 0.1443947 23.99138 916.4399 8048.175 16249.5 7561.766 1315.244 3136.295 4386.87 1589.076 723.9865 530.3737 188.2165 75.23381 22.00448 4.721409 0.6281512 0.04281637 
5.545058e-35 2.713922e-28 3.053748e-22 7.899758e-17 4.698282e-12 6.424051e-08 0.0002019406 0.1459429 24.24862 926.2661 8134.469 16423.73 7642.737 1326.502 3152.543 4408.853 1588.104 695.624 504.99 177.2108 69.71094 19.94715 4.150848 0.5341827 0.0352563 
7.223252e-35 3.535281e-28 3.977955e-22 1.029059e-16 6.120202e-12 8.36827e-08 0.0002630573 0.1901121 31.58739 1206.598 10596.34 21394.26 9949.529 1561.759 3091.668 4314.568 1551.945 672.8122 485.8982 166.4736 63.72249 17.93404 3.646906 0.455344 0.02907015 
5.270228e-35 2.579411e-28 2.902395e-22 7.508222e-17 4.46542e-12 6.105656e-08 0.0001919318 0.1387095 23.04679 880.3575 7731.3 15609.77 7270.06 1423.317 3988.971 5583.815 1956.946 686.4758 471.8133 160.3691 60.53066 16.59452 3.280503 0.3996817 0.02479761 
7.936215e-35 3.884227e-28 4.370594e-22 1.130632e-16 6.724289e-12 9.19425e-08 0.0002890221 0.2088769 34.70518 1325.693 11642.24 23505.93 10928.54 1634.916 2902.254 4047.613 1504.47 803.8709 593.6343 179.8842 59.03652 15.73081 3.038152 0.3592999 0.02168497 
1.320384e-34 6.462362e-28 7.271554e-22 1.881082e-16 1.11875e-11 1.529689e-07 0.0004808589 0.3475178 57.74057 2205.615 19369.71 39107.84 18178.92 2630.446 4281.053 5952.935 2060.822 641.6426 434.1206 167.0967 68.3686 16.68585 2.876392 0.3265467 0.01915245 
1.275881e-34 6.244551e-28 7.026468e-22 1.817681e-16 1.081043e-11 1.478131e-07 0.0004646517 0.3358048 55.79444 2131.276 18716.86 37789.88 17584.2 3019.621 7054.721 9853.405 3384.393 964.2263 609.8078 173.8746 54.51088 15.90422 3.087487 0.32382 0.01762802 
1.337292e-34 6.54512e-28 7.364673e-22 1.905171e-16 1.133077e-11 1.549278e-07 0.0004870168 0.3519681 58.47999 2233.861 19617.76 39608.78 18426.9 3067.368 6798.439 9499.239 3402.222 1426.705 997.0681 271.8033 72.74033 15.99725 2.755002 0.3222321 0.01778135 
2.60871e-34 1.276783e-27 1.436656e-21 3.716494e-16 2.210338e-11 3.022238e-07 0.0009500431 0.6865982 114.0793 4357.681 38269.15 77266.1 35908.07 4973.729 7094.643 9849.972 3498.436 1376.671 970.6016 322.0404 111.4526 23.53473 3.228681 0.3074386 0.01675997 
4.65847e-34 2.279998e-27 2.565491e-21 6.636682e-16 3.947083e-11 5.396923e-07 0.001696528 1.226084 203.7156 7781.674 68338.66 137977 64127.77 9025.011 13543.59 18800.77 6391.155 1604.51 981.2804 314.3472 110.4099 28.15995 4.547015 0.3897734 0.01729325 
6.086087e-34 2.978718e-27 3.351701e-21 8.670534e-16 5.156691e-11 7.050843e-07 0.002216439 1.601825 266.1455 10166.41 89281.45 180261.3 83823.69 12947.92 24760.39 34496.98 11771.86 3100.017 1886.9 485.8003 120.9748 28.97603 5.081525 0.5105164 0.02327891 
7.153492e-34 3.501139e-27 3.939537e-21 1.019121e-15 6.061095e-11 8.287452e-07 0.002605168 1.88276 312.8233 11949.45 104940 211876.5 98540.24 15622.01 31565.7 44030.23 15348.53 5110.235 3365.082 883.2805 216.1749 41.18712 5.50988 0.5409615 0.02737543 
1.00283e-33 4.908159e-27 5.522739e-21 1.428681e-15 8.496898e-11 1.161797e-06 0.00365212 2.639395 438.5392 16751.63 147112.8 297024 138102.5 20874.44 37987.79 52924.82 18572 6585.352 4461.219 1307.012 384.4708 75.70017 9.149 0.7039338 0.03081939 
1.236742e-33 6.052995e-27 6.810926e-21 1.761922e-15 1.047881e-10 1.432788e-06 0.004503982 3.255037 540.8291 20658.97 181427.1 366305.6 170346.3 26571.65 51905.89 72363.28 25096.28 7945.995 5235.36 1585.382 501.2785 111.4645 15.51962 1.182544 0.04399133 
1.31276e-33 6.42505e-27 7.229569e-21 1.870221e-15 1.112291e-10 1.520856e-06 0.004780825 3.455113 574.0718 21928.8 192578.8 388821.6 180885.1 30018.57 66172.14 92402.52 32307.51 11074.74 7415.837 2124.324 625.7405 143.7867 22.09198 1.912031 0.07607142 
9.516093e-34 4.657468e-27 5.240657e-21 1.355709e-15 8.062906e-11 1.102457e-06 0.003465582 2.504584 416.1401 15896.02 139598.8 281854.9 131257 25341.21 69836.31 97772.69 34711.81 13599.57 9454.29 2816.797 865.239 190.0012 28.1813 2.58199 0.1140779 
9.908591e-34 4.849568e-27 5.456812e-21 1.411626e-15 8.395466e-11 1.147928e-06 0.003608523 2.607887 433.3041 16551.66 145356.7 293478.9 136527.7 22586.52 49512.59 69226.38 25589.06 13247.21 9800.987 3140.236 1066.255 245.4917 36.93065 3.284245 0.1468285 
8.965298e-34 4.387892e-27 4.937326e-21 1.27724e-15 7.596222e-11 1.038646e-06 0.003264993 2.359618 392.0538 14975.95 131518.8 265540.4 123585.3 21894.07 53700.42 75098.52 26656.51 10446.05 7487.854 2833.014 1158.126 293.5961 48.39105 4.477177 0.1996889 
9.765715e-34 4.779641e-27 5.378128e-21 1.391271e-15 8.274409e-11 1.131376e-06 0.00355649 2.570283 427.0562 16313 143260.7 289247.2 134556.7 22196.73 48406.57 67638.81 24439.82 10935.49 7883.327 2539.799 929.4084 274.3178 53.79748 5.542324 0.2638395 
9.276174e-34 4.540044e-27 5.10853e-21 1.321529e-15 7.859625e-11 1.074662e-06 0.003378208 2.441438 405.6484 15495.25 136079.3 274747.9 127849.3 22087.24 52105.9 72838.09 25832.29 10045.88 7098.621 2455.115 926.6543 241.6823 46.94748 5.619504 0.3059209 
9.527594e-34 4.663097e-27 5.246991e-21 1.357347e-15 8.072651e-11 1.103789e-06 0.003469771 2.507611 416.6431 15915.23 139767.5 282194.5 131301.6 22341.25 51413.86 71873.74 25821.77 11090.41 7926.386 2537.076 897.1088 243.3929 46.09467 5.269237 0.3085472 
1.038444e-33 5.082463e-27 5.718869e-21 1.479417e-15 8.798649e-11 1.203056e-06 0.003781818 2.733128 454.1131 17346.53 152337.3 307573 143091 23847.31 52964.88 74006.55 26486.92 11063.46 7917.137 2674.968 983.2827 250.8989 45.88828 5.226579 0.2985051 
1.082824e-33 5.299672e-27 5.963276e-21 1.542643e-15 9.174676e-11 1.254471e-06 0.003943441 2.849933 473.5204 18087.87 158847.7 320717.9 149228.9 25468.54 58905.01 82333.35 29322.31 11789.5 8350.502 2780.198 1021.274 271.8627 49.86963 5.443167 0.3043192 
1.158901e-33 5.672017e-27 6.382244e-21 1.651026e-15 9.819271e-11 1.342608e-06 0.0042205 3.050164 506.7891 19358.69 170008 343250.9 159706.4 27071.5 61905.43 86529.74 31015.97 13099.56 9351.542 3046.775 1088.08 286.5614 53.36305 5.929765 0.3252326 
1.230595e-33 6.022909e-27 6.777073e-21 1.753165e-15 1.042673e-10 1.425667e-06 0.004481595 3.238859 538.1409 20556.29 180525.3 364485.6 169586.3 28741.78 65707.83 91840.62 32862.78 13703.54 9791.004 3278.444 1199.357 309.7269 56.35842 6.26833 0.3482145 
1.356722e-33 6.640215e-27 7.471676e-21 1.932852e-15 1.149539e-10 1.571788e-06 0.004940928 3.570819 593.2966 22663.17 199027.9 401842.9 186967.8 31689.72 72455.32 101273.8 36268.67 15219.06 10878.42 3619.59 1325.122 350.3424 64.29578 7.023653 0.3866249 
1.182584e-33 5.787929e-27 6.51267e-21 1.684766e-15 1.001994e-10 1.370045e-06 0.004306749 3.112496 517.1457 19754.3 173482.3 350266.3 163067 30197.57 78882.34 110406.2 39546.91 16618.78 11888.07 3969.355 1456.203 384.1113 71.18879 7.884748 0.4320113 
1.111609e-33 5.440558e-27 6.121803e-21 1.583653e-15 9.418575e-11 1.28782e-06 0.004048273 2.925696 486.1085 18568.72 163070.5 329244.5 153275.9 28269.06 73439.74 102847.5 37812 18954.76 14020.26 4691.192 1725.164 456.4315 84.72059 9.429823 0.5220062 
#survey length counts 
7.839965e-35 3.83712e-28 4.317588e-22 1.116919e-16 6.642737e-12 9.082743e-08 0.0002855168 0.2063436 34.28428 1309.615 11501.04 23220.93 10804.9 1851.571 4311.175 6028.216 2176.005 967.5711 704.778 248.0783 97.9066 28.05754 5.845574 0.7528171 0.04970862 
1.017928e-34 4.982053e-28 5.605886e-22 1.45019e-16 8.624821e-12 1.179288e-07 0.0003707103 0.2679132 44.51415 1700.383 14932.77 30149.6 14020.4 2178.095 4217.694 5884.641 2121.133 933.5179 676.4644 232.4583 89.2756 25.16396 5.12327 0.6401355 0.04088619 
7.391533e-35 3.617643e-28 4.07063e-22 1.053034e-16 6.262785e-12 8.563227e-08 0.0002691858 0.1945411 32.32328 1234.708 10843.2 21892.81 10195.24 1967.86 5421.419 7588.107 2663.692 948.2923 654.5029 223.1334 84.50096 23.201 4.592107 0.5598832 0.03475287 
1.10422e-34 5.404389e-28 6.081105e-22 1.573125e-16 9.35596e-12 1.279259e-07 0.000402136 0.2906246 48.28768 1844.527 16198.64 32705.39 15204.9 2255.651 3921.353 5467.647 2037.788 1105.557 818.6 248.6945 81.92013 21.86369 4.227775 0.5003486 0.03021167 
1.83304e-34 8.971463e-28 1.009483e-21 2.611438e-16 1.55312e-11 2.123611e-07 0.0006675589 0.4824463 80.15913 3061.976 26890.27 54291.98 25236.09 3624.164 5774.762 8027.621 2782.929 879.1794 597.7446 230.8488 94.72481 23.14873 3.995804 0.4539801 0.02663905 
1.767195e-34 8.649194e-28 9.732211e-22 2.517631e-16 1.497329e-11 2.047328e-07 0.0006435792 0.4651161 77.27969 2951.985 25924.33 52341.94 24353.81 4137.723 9498.448 13264.47 4561.688 1318.31 837.9916 239.5243 75.39041 22.03384 4.281889 0.4493966 0.02447654 
1.843475e-34 9.022531e-28 1.01523e-21 2.626303e-16 1.561961e-11 2.135699e-07 0.0006713589 0.4851925 80.61542 3079.405 27043.34 54601.2 25400.17 4187.326 9120.876 12742.43 4573.142 1947.168 1365.41 373.0323 100.2175 22.07681 3.807527 0.4456687 0.02460296 
3.578168e-34 1.751265e-27 1.970552e-21 5.097631e-16 3.031752e-11 4.145373e-07 0.001303102 0.9417543 156.4738 5977.098 52490.87 105980 49250.83 6781.621 9484.084 13163.4 4684.147 1871.523 1324.485 440.7371 153.0263 32.35454 4.444705 0.4236078 0.02310534 
6.436757e-34 3.150346e-27 3.54482e-21 9.170115e-16 5.453811e-11 7.457101e-07 0.002344146 1.694119 281.4803 10752.19 94425.69 190647.2 88604.25 12386.84 18204.88 25263.19 8596.988 2188.199 1346.157 432.4823 152.4316 38.93465 6.293776 0.5398773 0.02396648 
8.355944e-34 4.089655e-27 4.601746e-21 1.190428e-15 7.079922e-11 9.680514e-07 0.003043078 2.199239 365.4066 13958.06 122579.7 247491.2 115081 17633.64 33119.87 46134.01 15760.65 4209.073 2576.029 664.5818 166.1753 39.8759 7.00174 0.703902 0.03211072 
9.880368e-34 4.835755e-27 5.441269e-21 1.407605e-15 8.371554e-11 1.144659e-06 0.003598245 2.600459 432.0699 16504.52 144942.7 292642.7 136096 21382.8 42412.18 59148.27 20650.16 6977.767 4614.572 1213.757 298.2107 56.90559 7.62394 0.7491835 0.03793003 
1.377573e-33 6.742267e-27 7.586507e-21 1.962558e-15 1.167207e-10 1.595944e-06 0.005016864 3.625698 602.4149 23011.47 202086.8 408017.5 189701.1 28453.98 50834.15 70807.23 24888.6 8958.457 6093.797 1789.778 528.3716 104.1725 12.60666 0.9708126 0.04252962 
1.717481e-33 8.405878e-27 9.458428e-21 2.446806e-15 1.455207e-10 1.989733e-06 0.006254743 4.520316 751.0569 28689.41 251950.4 508693.5 236549.6 36564.05 70028.38 97606.83 33899.41 10891 7208.801 2188.747 694.5179 154.6526 21.5587 1.643863 0.06118569 
1.818746e-33 8.9015e-27 1.001611e-20 2.591073e-15 1.541008e-10 2.10705e-06 0.006623531 4.78684 795.3402 30380.97 266805.7 538687.6 250589.1 41168.89 89112.9 124415.8 43569.69 15158.41 10193.08 2926.969 865.4066 199.1682 30.63867 2.653572 0.1056223 
1.312159e-33 6.422107e-27 7.226258e-21 1.869365e-15 1.111781e-10 1.52016e-06 0.004778636 3.45353 573.8089 21918.76 192490.6 388645 180972.2 34518.53 93706.61 131179.7 46659.89 18559.64 12950.28 3868.229 1192.49 262.2448 38.94777 3.571135 0.1578532 
1.384998e-33 6.778604e-27 7.627394e-21 1.973135e-15 1.173497e-10 1.604545e-06 0.005043902 3.645239 605.6616 23135.49 203175.9 410217.4 190822.2 31230 67125.89 93837.5 34776.59 18279.34 13561.84 4357.225 1484.514 342.2676 51.55322 4.588061 0.2052214 
1.250955e-33 6.122557e-27 6.889198e-21 1.782171e-15 1.059924e-10 1.449254e-06 0.004555742 3.292445 547.0444 20896.39 183512.1 370516.3 172428.5 30185.03 72704.4 101660.8 36152.14 14381.82 10348.97 3928.351 1610.654 408.8618 67.46883 6.246599 0.2787414 
1.362346e-33 6.667739e-27 7.502647e-21 1.940864e-15 1.154304e-10 1.578303e-06 0.004961408 3.58562 595.7559 22757.11 199852.9 403508.2 187698.2 30637.64 65528.99 91548.52 33151.61 15060.45 10892.33 3519.105 1292.379 382.0516 75.00478 7.732014 0.3682402 
1.311898e-33 6.42083e-27 7.22482e-21 1.868993e-15 1.11156e-10 1.519857e-06 0.004777685 3.452843 573.6948 21914.4 192452.3 388566.5 180798 30840.93 71271.56 99612.04 35392.43 13970.03 9908.897 3437.451 1301.609 339.9754 66.12664 7.920581 0.4313572 
1.351527e-33 6.614789e-27 7.443066e-21 1.925451e-15 1.145138e-10 1.565769e-06 0.004922008 3.557146 591.0248 22576.39 198265.8 400304.1 186241.4 31291.54 70487.45 98519.53 35467.73 15463.1 11088.66 3559.127 1262.923 343.1704 65.06764 7.443531 0.4360658 
1.484933e-33 7.267715e-27 8.17775e-21 2.115507e-15 1.258171e-10 1.720322e-06 0.005407845 3.908261 649.3632 24804.84 217836.1 439816.7 204597.7 33662.35 73060.94 102064.6 36601.32 15517.1 11142.86 3775.925 1392.533 355.8433 65.16474 7.427514 0.424401 
1.553005e-33 7.600885e-27 8.552637e-21 2.212486e-15 1.315849e-10 1.799185e-06 0.005655754 4.087426 679.1315 25941.95 227822.2 459979.2 214008 36028.99 81438.81 113806.4 40607.72 16570.13 11778.84 3933.015 1449.606 386.458 70.97467 7.752329 0.4336278 
1.663653e-33 8.142426e-27 9.161988e-21 2.37012e-15 1.409599e-10 1.927372e-06 0.00605871 4.378643 727.5177 27790.24 244053.9 492751.3 229245.6 38335.04 85648.04 119691.8 42988.68 18427.52 13199.84 4312.739 1545.451 407.6319 76.00088 8.451241 0.4637406 
1.79183e-33 8.769764e-27 9.867878e-21 2.552727e-15 1.518202e-10 2.075867e-06 0.006525507 4.715998 783.5697 29931.35 262857.1 530715.6 246905.9 41232.93 91906.89 128429.7 46045.02 19484.31 13969.17 4691.059 1721.812 445.2993 81.12749 9.029731 0.5018427 
1.980103e-33 9.691233e-27 1.090473e-20 2.820951e-15 1.677725e-10 2.293986e-06 0.007211164 5.211524 865.902 33076.34 290476.4 586479.7 272848.9 45559.5 101527.8 141876.4 50909.36 21678.07 15548.04 5188.245 1905.756 504.6004 92.71636 10.13554 0.5581832 
1.765734e-33 8.642046e-27 9.724169e-21 2.515551e-15 1.496092e-10 2.045636e-06 0.006430473 4.647317 772.1583 29495.45 259029.1 522987.8 243445.3 44223.68 112499.5 157425.1 56498.18 24087.47 17288.55 5789.171 2130.864 562.9017 104.4507 11.57693 0.6345974 
1.650264e-33 8.076898e-27 9.088254e-21 2.351046e-15 1.398255e-10 1.911861e-06 0.006009951 4.343405 721.6628 27566.59 242089.8 488786.8 227519.8 41188.63 104270.6 145996.2 53804.57 27368.18 20300.42 6812.057 2513.413 665.9646 123.7622 13.78512 0.7634492 
1.733204e-33 8.482831e-27 9.545017e-21 2.469206e-15 1.468529e-10 2.007948e-06 0.006312003 4.561698 757.9325 28952.05 254256.9 513351.8 238875 41145.18 96603.8 135153.1 49729.25 25076 18844.01 7032.853 2875.931 772.6276 144.0745 16.09274 0.8948312 
