# Number of parameters = 77 Objective function value = 23505.4239600798  Maximum gradient component = 73.1387233012455
# srv_sel50:
0.999991256237
# srv_sel95:
1.00005378687
# stNatLen:
 11.3558701210 10.3968956997 9.08760441513 8.03222778318 7.26495407306 6.69965581536 6.26993813760 5.93503533145 5.67040944923 5.46084474269 5.29655329978 5.17106599244 5.08007154962 5.02075924114 4.99144531452
# log_avg_fmort_dir:
0.661722790414
# fmort_dir_dev:
 -0.574669175865 -0.306261776862 -0.356322677266 -0.343500702196 -0.197451800831 -0.157873805818 -0.331569495395 -0.0610164541368 -0.121724306188 -0.0315310165132 0.0817493853792 -0.0800076903411 -0.0733223644252 0.0778014887674 0.251264275709 0.0788972429372 0.0287443713623 0.183178293370 0.211184246704 0.125509249446 0.389567474275 0.143241677617 0.238659451293 0.244173614389 0.281973266390 0.180611359778 0.237492455519 -0.118796587098
# mean_log_rec:
13.4223695544
# rec_dev:
 -1.65795430635 -1.49994443772 -1.30047153230 -0.982467935879 -0.831302183336 -0.666384823628 -0.372270485226 -0.323971599657 -0.173227995169 -0.136692029718 -0.0790149963324 0.145365270462 0.278007452063 0.311534079425 0.227801113561 0.316160111244 0.395871108999 0.408841845587 0.487676462451 0.623092605875 0.473532309580 0.540859045415 0.534784049110 0.495142170601 0.515600887155 0.634151872566 0.817640945109 0.817640996116
# log_avg_NatM:
-1.36598700000
# m_dev:
 0.00000000000 0.00000000000 0.00000000000 0.00000000000 0.00000000000 0.00000000000 0.00000000000 0.00000000000 0.00000000000 0.00000000000 0.00000000000 0.00000000000 0.00000000000 0.00000000000 0.00000000000 0.00000000000 0.00000000000 0.00000000000 0.00000000000 0.00000000000 0.00000000000 0.00000000000 0.00000000000 0.00000000000 0.00000000000 0.00000000000 0.00000000000 0.00000000000
# log_avg_GrowthK:
-1.19807800000
# log_avg_Linf:
3.45748100000
# GrowthK_dev:
 0.00000000000 0.00000000000 0.00000000000 0.00000000000 0.00000000000 0.00000000000 0.00000000000 0.00000000000 0.00000000000 0.00000000000 0.00000000000 0.00000000000 0.00000000000 0.00000000000 0.00000000000 0.00000000000 0.00000000000 0.00000000000 0.00000000000 0.00000000000 0.00000000000 0.00000000000 0.00000000000 0.00000000000 0.00000000000 0.00000000000 0.00000000000 0.00000000000
# Linf_dev:
 0.00000000000 0.00000000000 0.00000000000 0.00000000000 0.00000000000 0.00000000000 0.00000000000 0.00000000000 0.00000000000 0.00000000000 0.00000000000 0.00000000000 0.00000000000 0.00000000000 0.00000000000 0.00000000000 0.00000000000 0.00000000000 0.00000000000 0.00000000000 0.00000000000 0.00000000000 0.00000000000 0.00000000000 0.00000000000 0.00000000000 0.00000000000 0.00000000000
# SelPars50:
1.04307078066
# SelPars95:
1.19918902300
# SelPars_dev50:
 0.00000000000 0.00000000000 0.00000000000 0.00000000000 0.00000000000 0.00000000000 0.00000000000 0.00000000000 0.00000000000 0.00000000000 0.00000000000 0.00000000000 0.00000000000 0.00000000000 0.00000000000 0.00000000000 0.00000000000 0.00000000000 0.00000000000 0.00000000000 0.00000000000 0.00000000000 0.00000000000 0.00000000000 0.00000000000 0.00000000000 0.00000000000 0.00000000000
# SelPars_dev95:
 0.00000000000 0.00000000000 0.00000000000 0.00000000000 0.00000000000 0.00000000000 0.00000000000 0.00000000000 0.00000000000 0.00000000000 0.00000000000 0.00000000000 0.00000000000 0.00000000000 0.00000000000 0.00000000000 0.00000000000 0.00000000000 0.00000000000 0.00000000000 0.00000000000 0.00000000000 0.00000000000 0.00000000000 0.00000000000 0.00000000000 0.00000000000 0.00000000000
