# Number of parameters = 109 Objective function value = 22408.7596075717  Maximum gradient component = 0.000798372832884392
# srv_sel50:
2.08576818144
# srv_sel95:
3.52448300651
# stNatLen:
 11.6878988672 11.1043234405 9.51309415098 8.26082703037 7.41947688364 6.82928627980 6.38731213371 6.04405750197 5.77290758571 5.55805909138 5.38950722714 5.26067815162 5.16720263274 5.10624256213 5.07611130462
# log_avg_fmort_dir:
0.771358726320
# fmort_dir_dev:
 -0.425040886292 -0.665197153379 -0.736669189885 -0.605021117584 -0.497492188523 -0.521492706173 -0.501055069456 -0.173559254648 -0.182014787545 -0.223782042696 -0.00566080317105 -0.0298090739573 -0.0492291312611 -0.0541008856459 0.112856027124 0.0926254838487 0.346883747225 0.474370807106 0.375666006031 0.211710627518 0.195324228076 0.205277793712 0.270457414086 0.258054595360 0.272203193119 0.589636640937 0.588433755447 0.378536912951 0.298087057676
# mean_log_rec:
14.7856877453
# rec_dev:
 -2.26175822977 -1.73404065568 -1.53653986674 -1.43402501253 -0.913792757993 -0.823177665267 -0.772023577629 -0.455607788397 -0.0838016152253 -0.104831017545 0.188480244565 0.548790195934 0.683811837921 0.236754718563 0.397727552186 0.172844633415 0.155307843281 0.334571064875 0.328408688423 0.664446417956 0.579702426626 0.617156898869 0.937279192155 0.965192681759 0.566557142734 0.412843319816 0.628604325396 0.850559499463 0.850559502828
# log_avg_NatM:
0.294149702418
# m_dev:
 -0.840075130119 -0.228469892057 -0.237748175191 -0.0815830667667 -0.367431741537 -0.0125725201405 0.00978474350767 -0.131011180182 0.0334939517329 0.114913982217 -0.0258227497331 0.0587410686193 -0.0517465405365 0.161386040666 -0.140059038330 0.183620379826 -0.00989543749341 -0.129536220343 0.0410181283412 0.0374378910611 0.294478277452 0.197772944839 0.116726849341 0.266885656100 0.359674057290 0.118076266589 -0.0204708829147 0.0762862957690 0.206126041995
# log_avg_GrowthK:
-1.18630400000
# log_avg_Linf:
3.44583300000
# GrowthK_dev:
 0.00000000000 0.00000000000 0.00000000000 0.00000000000 0.00000000000 0.00000000000 0.00000000000 0.00000000000 0.00000000000 0.00000000000 0.00000000000 0.00000000000 0.00000000000 0.00000000000 0.00000000000 0.00000000000 0.00000000000 0.00000000000 0.00000000000 0.00000000000 0.00000000000 0.00000000000 0.00000000000 0.00000000000 0.00000000000 0.00000000000 0.00000000000 0.00000000000 0.00000000000
# Linf_dev:
 0.00000000000 0.00000000000 0.00000000000 0.00000000000 0.00000000000 0.00000000000 0.00000000000 0.00000000000 0.00000000000 0.00000000000 0.00000000000 0.00000000000 0.00000000000 0.00000000000 0.00000000000 0.00000000000 0.00000000000 0.00000000000 0.00000000000 0.00000000000 0.00000000000 0.00000000000 0.00000000000 0.00000000000 0.00000000000 0.00000000000 0.00000000000 0.00000000000 0.00000000000
# SelPars50:
1.94010635951
# SelPars95:
3.02962701645
# SelPars_dev50:
 0.00000000000 0.00000000000 0.00000000000 0.00000000000 0.00000000000 0.00000000000 0.00000000000 0.00000000000 0.00000000000 0.00000000000 0.00000000000 0.00000000000 0.00000000000 0.00000000000 0.00000000000 0.00000000000 0.00000000000 0.00000000000 0.00000000000 0.00000000000 0.00000000000 0.00000000000 0.00000000000 0.00000000000 0.00000000000 0.00000000000 0.00000000000 0.00000000000 0.00000000000
# SelPars_dev95:
 0.00000000000 0.00000000000 0.00000000000 0.00000000000 0.00000000000 0.00000000000 0.00000000000 0.00000000000 0.00000000000 0.00000000000 0.00000000000 0.00000000000 0.00000000000 0.00000000000 0.00000000000 0.00000000000 0.00000000000 0.00000000000 0.00000000000 0.00000000000 0.00000000000 0.00000000000 0.00000000000 0.00000000000 0.00000000000 0.00000000000 0.00000000000 0.00000000000 0.00000000000
