# Number of parameters = 78 Objective function value = 20930.0628215455  Maximum gradient component = 0.0212524336614518
# srv_sel50:
1.04342318699
# srv_sel95:
1.99237525255
# stNatLen:
 11.3030540452 10.7456178438 8.87852548075 7.60476434176 6.77931469514 6.20231306707 5.77078487810 5.43597514509 5.17169972140 4.96243041259 4.79834870149 4.67300833693 4.58212452959 4.52290870944 4.49369393474
# log_avg_fmort_dir:
0.670238154243
# fmort_dir_dev:
 -0.903864725477 -0.757478695561 -0.676164478416 -0.545748836523 -0.539361992329 -0.343382601839 -0.335350556409 -0.196392065274 -0.165087291110 -0.142700784375 0.00668669551259 -0.00332960047799 -0.0297542259605 -0.0125080892463 0.175797393473 0.165409042393 0.190256971883 0.290218189735 0.240942760711 0.319053815394 0.332797516847 0.398842447027 0.433757522922 0.435281705450 0.511739614532 0.579741312736 0.390332635699 0.180266318682
# mean_log_rec:
13.5353447292
# rec_dev:
 -2.00665542105 -1.83587883740 -1.70271548774 -1.41172683506 -1.27655509708 -1.14544429247 -0.737761090160 -0.369709943651 -0.160842676808 -0.0283060242662 0.296207919875 0.680569574567 0.709268008667 0.519332097100 0.373805520257 0.421358615169 0.389919216855 0.429438595007 0.441400307993 0.475757055556 0.543757082308 0.634594853989 0.686305825782 0.796286554632 0.789113287969 0.725482499867 0.881499345061 0.881499345037
# log_avg_NatM:
-0.715425505567
# m_dev:
 0.00000000000 0.00000000000 0.00000000000 0.00000000000 0.00000000000 0.00000000000 0.00000000000 0.00000000000 0.00000000000 0.00000000000 0.00000000000 0.00000000000 0.00000000000 0.00000000000 0.00000000000 0.00000000000 0.00000000000 0.00000000000 0.00000000000 0.00000000000 0.00000000000 0.00000000000 0.00000000000 0.00000000000 0.00000000000 0.00000000000 0.00000000000 0.00000000000
# log_avg_GrowthK:
-1.18630400000
# log_avg_Linf:
3.44583300000
# GrowthK_dev:
 0.00000000000 0.00000000000 0.00000000000 0.00000000000 0.00000000000 0.00000000000 0.00000000000 0.00000000000 0.00000000000 0.00000000000 0.00000000000 0.00000000000 0.00000000000 0.00000000000 0.00000000000 0.00000000000 0.00000000000 0.00000000000 0.00000000000 0.00000000000 0.00000000000 0.00000000000 0.00000000000 0.00000000000 0.00000000000 0.00000000000 0.00000000000 0.00000000000
# Linf_dev:
 0.00000000000 0.00000000000 0.00000000000 0.00000000000 0.00000000000 0.00000000000 0.00000000000 0.00000000000 0.00000000000 0.00000000000 0.00000000000 0.00000000000 0.00000000000 0.00000000000 0.00000000000 0.00000000000 0.00000000000 0.00000000000 0.00000000000 0.00000000000 0.00000000000 0.00000000000 0.00000000000 0.00000000000 0.00000000000 0.00000000000 0.00000000000 0.00000000000
# SelPars50:
1.04805849571
# SelPars95:
1.17780363032
# SelPars_dev50:
 0.00000000000 0.00000000000 0.00000000000 0.00000000000 0.00000000000 0.00000000000 0.00000000000 0.00000000000 0.00000000000 0.00000000000 0.00000000000 0.00000000000 0.00000000000 0.00000000000 0.00000000000 0.00000000000 0.00000000000 0.00000000000 0.00000000000 0.00000000000 0.00000000000 0.00000000000 0.00000000000 0.00000000000 0.00000000000 0.00000000000 0.00000000000 0.00000000000
# SelPars_dev95:
 0.00000000000 0.00000000000 0.00000000000 0.00000000000 0.00000000000 0.00000000000 0.00000000000 0.00000000000 0.00000000000 0.00000000000 0.00000000000 0.00000000000 0.00000000000 0.00000000000 0.00000000000 0.00000000000 0.00000000000 0.00000000000 0.00000000000 0.00000000000 0.00000000000 0.00000000000 0.00000000000 0.00000000000 0.00000000000 0.00000000000 0.00000000000 0.00000000000
