#Simulated generalized assessment 
# 
#start/end year 
73 100 
#number of ages 
15 
#ages 
1 2 3 4 5 6 7 8 9 10 11 12 13 14 15 
#Number of length bins 
25 
#CPUE years 
28 
#years for CPUE 
73 74 75 76 77 78 79 80 81 82 83 84 85 86 87 88 89 90 91 92 93 94 95 96 97 98 99 100 
#survey years 
28 
#years for survey 
73 74 75 76 77 78 79 80 81 82 83 84 85 86 87 88 89 90 91 92 93 94 95 96 97 98 99 100 
#length freq from catch years 
28 
#years for length freq catch 
73 74 75 76 77 78 79 80 81 82 83 84 85 86 87 88 89 90 91 92 93 94 95 96 97 98 99 100 
#catch length sample sizes 
200 200 200 200 200 200 200 200 200 200 200 200 200 200 200 200 200 200 200 200 200 200 200 200 200 200 200 200 
#length freq from survey years 
28 
#years for length freq survey 
73 74 75 76 77 78 79 80 81 82 83 84 85 86 87 88 89 90 91 92 93 94 95 96 97 98 99 100 
#survey sample sizes 
200 200 200 200 200 200 200 200 200 200 200 200 200 200 200 200 200 200 200 200 200 200 200 200 200 200 200 200 
#total survey biomass 
1997.3 4489.004 5569.522 6351.548 14059.86 22143.03 31326.07 52344.86 50353.24 67328.06 97363.7 126393.8 121899.1 127157.6 173285.5 118862.9 136503 99710.41 169215.8 148473.8 126888.4 129095.7 150611.2 156169.9 190088.2 181703.2 99685.96 156473.5 
#survey CV 
0.2 0.2 0.2 0.2 0.2 0.2 0.2 0.2 0.2 0.2 0.2 0.2 0.2 0.2 0.2 0.2 0.2 0.2 0.2 0.2 0.2 0.2 0.2 0.2 0.2 0.2 0.2 0.2 
#total CPUE 
1689.34 2499.915 3318.832 8151.899 10537.57 13870.55 30907.44 25784.32 51388.41 60286.49 81600.73 100576.6 139995.3 176298.4 120684 171482.2 112528 207142.1 96020.85 124237.1 106595.1 132348.3 132028 136770 162489.7 120106.7 136602.5 135810.7 
#CPUE CV 
0.2 0.2 0.2 0.2 0.2 0.2 0.2 0.2 0.2 0.2 0.2 0.2 0.2 0.2 0.2 0.2 0.2 0.2 0.2 0.2 0.2 0.2 0.2 0.2 0.2 0.2 0.2 0.2 
#total catch biomass 
981.5564 1344.835 2014.603 3137.921 4847.313 8648.224 12273.95 22467.34 30844.03 36713.61 50568.32 68100.85 82029.68 114174.3 85186.91 94642.29 85254.33 78658.33 71609.08 90587.81 92655.94 103429.6 107946.8 107098.6 117802.4 101271.8 92640.61 107404.9 
#catch CV 
0.1 0.1 0.1 0.1 0.1 0.1 0.1 0.1 0.1 0.1 0.1 0.1 0.1 0.1 0.1 0.1 0.1 0.1 0.1 0.1 0.1 0.1 0.1 0.1 0.1 0.1 0.1 0.1 
#Length Bins 
0.7268801 2.18064 3.634401 5.088161 6.541921 7.995682 9.449442 10.9032 12.35696 13.81072 15.26448 16.71824 18.172 19.62576 21.07952 22.53328 23.98704 25.44081 26.89457 28.34833 29.80209 31.25585 32.70961 34.16337 35.61713 
#catch length counts 
6.88102e-08 7.471978e-06 0.0004783623 0.01805582 0.4018085 5.271989 40.78914 186.2245 503.4946 820.4128 872.1605 777.9699 763.8388 713.84 540.9939 348.4952 194.0907 87.9462 31.51957 8.891507 1.929967 0.3113823 0.03603673 0.002890851 0.000156056 
1.789382e-07 1.943058e-05 0.001243962 0.04695341 1.044882 13.70924 106.0563 483.937 1304.743 2096.3 2089.649 1513.183 1100.127 864.7264 600.665 359.7179 189.5164 83.06475 29.0387 7.94247 1.650507 0.2519116 0.02738529 0.002059603 0.0001042626 
2.211748e-07 2.401698e-05 0.001537587 0.05803638 1.291524 16.94568 131.1087 598.5792 1618.057 2631.769 2765.169 2351.395 2104.766 1737.47 1071.519 505.6572 206.8544 75.64336 23.43462 5.878817 1.143806 0.1646823 0.01684876 0.001185677 5.588895e-05 
4.103813e-07 4.456258e-05 0.002852934 0.1076842 2.396367 31.44166 243.2515 1110.271 2997.137 4841.729 4933.601 3814.809 3022.576 2422.247 1609.156 869.523 385.3342 131.6911 33.69582 6.699285 1.069478 0.1336992 0.0123564 0.0008006847 3.498492e-05 
6.783842e-07 7.366454e-05 0.004716066 0.1780083 3.961341 51.97526 402.1207 1835.564 4956.811 8018.012 8203.184 6384.112 5021.538 3872.259 2390.978 1176.18 490.8209 168.5729 44.63272 8.796393 1.266419 0.1319163 0.009932666 0.0005366289 2.028903e-05 
1.045683e-06 0.0001135488 0.007269493 0.2743878 6.106151 80.11722 619.8715 2829.97 7646.973 12400.5 12799.35 10178.06 8178.165 6331.289 3900.787 1902.632 768.5162 248.4403 61.40302 11.48426 1.603598 0.161575 0.01134348 0.0005423519 1.743849e-05 
1.66955e-06 0.0001812935 0.01160656 0.4380911 9.749177 127.9173 989.7309 4519.006 12215.64 19834.3 20542.31 16413.57 13171.3 10154.38 6291.08 3112.964 1266.491 405.421 97.47624 17.39412 2.281162 0.214947 0.01417492 0.0006382185 1.916779e-05 
2.677291e-06 0.0002907223 0.01861229 0.7025235 15.63381 205.1293 1587.156 7246.924 19589.3 31789.59 32792.47 25752.39 19976.26 14936.58 9046.781 4378.722 1738.639 543.3659 127.5626 22.11028 2.785082 0.2486234 0.01534449 0.0006415541 1.784415e-05 
3.668838e-06 0.0003983927 0.02550545 0.9627075 21.42398 281.1058 2175.152 9934.251 26880.44 43787.44 45747.86 36992.5 29457.72 21948.4 12965.51 6037.707 2290.032 683.4768 153.3898 25.41605 3.05879 0.2603633 0.0152498 0.0006007824 1.56213e-05 
5.175365e-06 0.0005619839 0.03597871 1.358024 30.22139 396.5423 3068.523 14016.74 37948.8 61931.29 65018.42 52965.82 42275.01 31511.57 18816.11 8904.482 3379.557 985.0837 212.0807 33.36281 3.792946 0.3044259 0.01679921 0.0006228727 1.521397e-05 
7.71702e-06 0.0008379777 0.05364808 2.024958 45.06334 591.2872 4575.462 20898.9 56557.53 92086.33 95638.93 75233.33 56786.63 40583.19 23638.43 10967.43 4079.5 1165.272 245.2357 37.36862 4.058698 0.3072889 0.01586306 0.0005479235 1.244932e-05 
8.519858e-06 0.0009251568 0.05922941 2.235634 49.7524 652.8489 5052.911 23099 62715 103368.4 111838 96681.55 80572.39 59402.43 33988.22 15182.52 5420.39 1495.165 305.5922 45.25646 4.758505 0.3463377 0.01703598 0.0005554592 1.181397e-05 
1.229736e-05 0.001335349 0.08549029 3.226858 71.81115 942.2888 7292.584 33326.07 90340.3 147889.5 155930.7 126202.2 97578.88 70662.22 42049.35 19871.49 7287.226 1979.417 387.8401 54.51361 5.438234 0.3763822 0.01761728 0.0005455706 1.097875e-05 
1.360388e-05 0.001477222 0.09457324 3.569711 79.44218 1042.476 8069.512 36902.58 100290.6 165630.5 179334.6 153040.4 123108.5 87482.35 48840.91 21415.57 7467.891 1994.556 390.028 54.23606 5.241443 0.344742 0.01516613 0.0004396874 8.281209e-06 
1.23308e-05 0.001338981 0.08572306 3.235675 72.00986 945.0163 7317.07 33493.73 91334.25 152563 170735 155378 133060.5 98230.49 56557.72 25258.76 8670.927 2204.847 405.195 53.2911 4.93488 0.3133206 0.01327529 0.0003673903 6.536694e-06 
1.407122e-05 0.00152797 0.09782237 3.692371 82.17344 1078.382 8349.071 38203.77 104005.6 172526.9 188437.4 162345.7 131675.5 96336.56 57245.76 26704.23 9459.82 2437.47 445.3407 56.95506 5.024786 0.3003895 0.01195666 0.0003117428 5.241764e-06 
1.180319e-05 0.00128169 0.08205547 3.097268 68.93175 904.7119 7007.246 32107.23 87806.96 147784.1 167846.1 154589.4 130974.5 94395.2 53337.02 23627.03 8130.955 2086.023 383.7762 49.22762 4.297268 0.2499554 0.009526735 0.0002347848 3.699345e-06 
1.158689e-05 0.001258203 0.08055187 3.040527 67.66985 888.1845 6879.978 31532.63 86284.18 145318.7 164883.8 151162.4 128344.2 94889.99 55987.62 25588.29 8783.412 2190.065 389.0693 48.48389 4.143557 0.2366114 0.0088229 0.0002110555 3.195994e-06 
1.339262e-05 0.001454284 0.09310525 3.514361 78.21466 1026.541 7950.161 36408.78 99316.8 165335.5 180737.1 152572.3 117219 80601.72 45370.01 20109.95 6784.959 1671.742 291.5827 35.20184 2.881557 0.1568474 0.005577997 0.0001275751 1.850157e-06 
1.53374e-05 0.001665467 0.1066258 4.024751 89.57674 1175.786 9108.921 41756.07 114231.1 191676.4 213342.8 184481.6 141901.6 93725.37 49202.14 20181.78 6374.953 1496.099 251.6618 29.45304 2.334081 0.1222859 0.004154801 9.018569e-05 1.235867e-06 
1.565405e-05 0.001699853 0.1088275 4.107896 91.42955 1200.192 9299.838 42653.52 116834.9 196561.7 219537.5 189661.1 144217.6 93381.22 47541.48 18500.61 5399.174 1149.997 175.0329 18.71064 1.373818 0.06749472 0.002165391 4.448375e-05 5.764206e-07 
1.642345e-05 0.001783404 0.1141772 4.309891 95.92942 1259.416 9762.171 44817.97 123088.8 208451.7 235991.2 207556.7 159478.9 103331.8 52411.67 20181.84 5753.36 1176.607 168.5555 16.64122 1.114471 0.0497574 0.0014555 2.744514e-05 3.287116e-07 
1.988708e-05 0.002159517 0.1382568 5.21883 116.1599 1524.961 11818.62 54223.24 148541.2 249310 274805.1 228560.2 164297.6 101610.5 50087.41 18801.63 5201.681 1026.133 140.7386 13.17155 0.8263899 0.03415964 0.0009160473 1.573114e-05 1.710983e-07 
2.194008e-05 0.002382457 0.1525312 5.757799 128.1654 1682.912 13050.19 59967.94 164973.9 279830.1 315285.4 269818.8 195577.3 117549.8 54939.13 19435.9 5100.743 962.2552 126.5605 11.32659 0.6755389 0.02635759 0.0006622739 1.057932e-05 1.063135e-07 
2.38239e-05 0.002587025 0.1656292 6.252327 139.179 1827.715 14176.43 65176.65 179473.2 304771 343157.7 291714.3 208871.4 124080.5 57161.38 19638.51 4900.427 865.0185 105.7865 8.813428 0.4913202 0.01797441 0.0004237924 6.34356e-06 5.957042e-08 
2.267155e-05 0.002461908 0.1576217 5.95035 132.475 1740.324 13512.17 62289.71 172724.8 298328.8 347775.4 310442.4 230482.4 138043.3 62956.51 21228.58 5166.219 882.0416 103.1251 8.106975 0.4217919 0.01430789 0.0003120918 4.323681e-06 3.763205e-08 
2.529193e-05 0.002746457 0.1758397 6.638066 147.7824 1941.226 15066.39 69363.93 191518.1 326567.5 368726.9 311518.4 219228.9 127892.6 57883.02 19326.14 4596.756 757.483 84.7355 6.332585 0.3113232 0.009915372 0.0002017767 2.593399e-06 2.085375e-08 
2.216695e-05 0.002407147 0.1541212 5.818729 129.5739 1703.157 13241.2 61228.52 170916.5 298933.6 354459.7 318987.4 232919.6 134376.3 58459.86 18705.94 4301.023 689.7198 75.01356 5.41237 0.2545577 0.007691631 0.0001475086 1.777387e-06 1.334112e-08 
#survey length counts 
3.270558e-07 3.551441e-05 0.002273661 0.08581944 1.909788 25.05696 193.8373 884.3464 2382.529 3814.718 3744.414 2567.201 1692.255 1254.273 859.498 515.2503 274.3602 122.4457 43.83472 12.35663 2.664296 0.4246604 0.04851038 0.003855517 0.0002072571 
4.070858e-07 4.420472e-05 0.002830023 0.1068194 2.37712 31.18902 241.2941 1101.304 2972.885 4805.138 4920.616 3893.897 3208.884 2573.246 1586.428 752.0212 310.2702 115.321 36.56942 9.457185 1.911072 0.287755 0.03097935 0.002306476 0.0001155578 
7.060339e-07 7.666697e-05 0.004908283 0.1852634 4.122779 54.09262 418.4741 1909.649 5150.264 8285.853 8301.106 6092.924 4484.829 3476.619 2303.005 1253.933 565.0486 197.6147 51.88583 10.62496 1.759248 0.2299647 0.02238128 0.001536065 7.141337e-05 
1.172105e-06 0.0001272768 0.008148368 0.3075607 6.844342 89.80106 694.7365 3170.582 8553.717 13778.87 13865.14 10277.79 7575.06 5687.203 3511.419 1739.966 736.8395 258.9623 70.59246 14.40171 2.15731 0.2349772 0.01860804 0.00106417 4.283397e-05 
1.796561e-06 0.0001950853 0.01248953 0.4714182 10.49078 137.6451 1064.909 4860.584 13120.39 21183.9 21503.03 16329.02 12400.56 9406.987 5810.008 2861.014 1175.684 389.4931 99.13711 19.19946 2.79414 0.2951619 0.02183213 0.001104674 3.775772e-05 
2.664787e-06 0.0002893645 0.01852536 0.6992415 15.56071 204.1668 1579.606 7210.622 19472.49 31492.2 32145.83 24730.3 19008.8 14468.22 9008.485 4509.305 1870.771 615.0181 152.5919 28.24404 3.864884 0.3821463 0.02658216 0.00126833 4.052648e-05 
4.12598e-06 0.0004480329 0.02868345 1.08266 24.09321 316.1199 2445.798 11165.03 30153.82 48765.34 49693.53 37837.68 28359.84 21024.3 12820.79 6286.092 2548.416 818.9431 198.6907 35.78324 4.710839 0.441887 0.02879554 0.00127683 3.781229e-05 
5.697461e-06 0.0006186773 0.03960825 1.495019 33.26983 436.5294 3377.581 15422.02 41688.07 67655.04 69800.63 54820.21 42445.84 31508.49 18780.96 8871.47 3439.102 1056.531 245.3217 42.28567 5.325594 0.4769759 0.02953493 0.001235267 3.422269e-05 
7.650396e-06 0.0008307431 0.0531849 2.007472 44.674 586.1686 4535.589 20712.91 56024.45 91116.42 94621.83 75309.93 58957.47 43990.19 26555.04 12774.96 4967.647 1493.261 333.0933 54.57615 6.500459 0.5495858 0.03209838 0.001264829 3.294965e-05 
1.163726e-05 0.00126367 0.08090123 3.053631 67.95508 891.6406 6899.203 31505.42 85188.2 138287 142296.4 109743.2 81447.34 58307.49 34359.42 16221.11 6188.245 1825.108 398.594 63.3668 7.220789 0.5764972 0.03152488 0.00115817 2.808801e-05 
1.264676e-05 0.00137329 0.08791927 3.318537 73.85109 969.0463 7499.512 34271.94 92940.78 152595.8 163342.7 138696.1 114629.6 85192.58 49439.3 22498.8 8244.913 2350.496 499.1615 77.23573 8.533002 0.6558313 0.03421251 0.001187503 2.697539e-05 
1.744631e-05 0.001894464 0.1212853 4.577946 101.8779 1336.79 10344.94 47262.66 128008.4 208982.8 218751.4 174915.5 134591.2 98328.17 59416.57 28692.21 10834.96 3047.705 621.1729 91.30743 9.580964 0.7010838 0.03484557 0.00115005 2.474075e-05 
1.947704e-05 0.002114978 0.1354029 5.110835 113.7382 1492.481 11551.73 52809.51 143367.9 236025.6 253627.6 214317.6 172504.5 124144.7 70474.63 31561.75 11327.92 3135.923 639.1998 93.15714 9.484035 0.6601281 0.03085958 0.0009542396 1.923037e-05 
1.783029e-05 0.001936161 0.1239551 4.678752 104.1243 1366.413 10578.47 48402.06 131814.5 219374.9 243583.5 219952.7 189153.9 141663.1 83065.78 37993.59 13456.94 3550.727 680.4269 93.84441 9.166244 0.6168822 0.0278138 0.0008217762 1.565294e-05 
1.99878e-05 0.002170442 0.138954 5.244894 116.7235 1531.736 11857.67 54239.12 147504.8 244001.8 264995.8 227176.4 185296.5 137607.8 83370.73 39912.6 14617.92 3916.054 747.5962 100.432 9.355351 0.5932335 0.02514845 0.0007007777 1.262951e-05 
1.759274e-05 0.001910368 0.122304 4.616468 102.7409 1348.378 10441.86 47821.14 130599.4 219044.9 247253.9 227012.5 194064.1 142234.8 81969.74 37245.02 13250.84 3538.25 681.4503 92.00867 8.495418 0.5248342 0.02132231 0.0005619139 9.493553e-06 
1.627542e-05 0.001767322 0.1131462 4.270815 95.04942 1247.481 9661.564 44260.72 120962.3 203146.6 229528.2 210485.7 180808.3 136149.9 82123.64 38619.62 13734.2 3567.559 663.9101 87.178 7.89292 0.4795428 0.01909024 0.0004888888 7.943978e-06 
1.955511e-05 0.002123459 0.1359465 5.131424 114.2018 1498.789 11605.95 53130.68 144789 240513.6 262111.1 221475.6 172209.6 120717.4 69512.81 31716.43 11097.28 2853.316 522.2916 66.53539 5.775486 0.3347816 0.01272492 0.0003119763 4.861322e-06 
2.113634e-05 0.002295164 0.1469397 5.546424 123.4413 1620.201 12549.84 57505.29 157157.6 263200.3 292479.6 254150 198765 134225.7 72175.96 30484.76 9989.377 2448.395 432.7599 53.5238 4.504604 0.2516437 0.009146658 0.0002129842 3.13815e-06 
2.263581e-05 0.002457991 0.1573645 5.939963 132.2028 1735.307 13443.86 61632.01 168644.2 283193.4 315896.8 274450.9 212370.9 140763.4 73545.63 29530.11 8951.996 1992.28 318.649 36.00919 2.8103 0.1473966 0.005065288 0.0001117506 1.558344e-06 
2.305057e-05 0.002503032 0.1602487 6.048908 134.6326 1767.396 13696.94 62851.6 172435.1 291539.4 329992.5 292533.4 229210.3 152222.3 79345.01 31576.9 9366.843 2004.817 302.1845 31.55891 2.246935 0.107117 0.003357979 6.805758e-05 8.781299e-07 
2.859903e-05 0.003105534 0.198822 7.504934 167.0391 2192.752 16991.01 77920.86 213273.9 357506.7 394168.1 330456 242343.3 153843.7 78060.39 30327.67 8741.676 1807.064 261.1101 25.87825 1.727386 0.0762666 0.002191808 4.045209e-05 4.739779e-07 
3.108141e-05 0.0033751 0.2160818 8.156612 181.555 2383.741 18480.67 84879.63 233286.1 395262.6 445934.5 385624 285826.2 176551.1 84984.04 31129.9 8518.406 1686.065 233.948 22.19951 1.410037 0.05880536 0.001584176 2.720105e-05 2.944448e-07 
3.477123e-05 0.003775782 0.2417356 9.125113 203.1199 2667.123 20682.28 95038.92 261462 443576.2 500308.7 429995 315040.6 192570.9 91538.04 32621.29 8496.737 1574.464 203.2218 17.96446 1.067558 0.04178902 0.001057317 1.702299e-05 1.722673e-07 
3.226081e-05 0.003503196 0.2242873 8.466831 188.4895 2475.847 19216.94 88531.96 245235.6 423240.1 494861.6 447674.9 340627.2 210032.3 98906.41 34632.07 8809.482 1581.139 195.3321 16.30383 0.9045499 0.0328409 0.0007690541 1.146692e-05 1.076291e-07 
3.738623e-05 0.004059766 0.2599209 9.811964 218.4307 2868.883 22260.13 102427.7 282566.5 481545.1 545203.2 466385.8 336396 202383 94793.11 32928.43 8196.938 1421.318 168.1561 13.35508 0.7006736 0.02389696 0.0005222111 7.224224e-06 6.264605e-08 
3.260445e-05 0.003540552 0.2266858 8.558038 190.558 2504.278 19461.82 89926.7 250760.4 438439.6 522178.5 477195.7 357665.2 212764.9 95762.25 31890.63 7683.511 1298.741 149.6294 11.48663 0.5769773 0.0186784 0.0003848067 4.991983e-06 4.041486e-08 
3.655408e-05 0.003969446 0.2541455 9.59462 213.6297 2807.026 21802.37 100556.8 278820.4 479865.4 551396.7 477274.1 342889.9 202075.7 91468.33 30248.05 7068.18 1139.07 124.3695 9.056206 0.4324538 0.01331374 0.0002602903 3.192276e-06 2.432705e-08 
