#Simulated generalized assessment 
# 
#start/end year 
73 100 
#number of ages 
15 
#ages 
1 2 3 4 5 6 7 8 9 10 11 12 13 14 15 
#Number of length bins 
25 
#CPUE years 
28 
#years for CPUE 
73 74 75 76 77 78 79 80 81 82 83 84 85 86 87 88 89 90 91 92 93 94 95 96 97 98 99 100 
#survey years 
28 
#years for survey 
73 74 75 76 77 78 79 80 81 82 83 84 85 86 87 88 89 90 91 92 93 94 95 96 97 98 99 100 
#length freq from catch years 
28 
#years for length freq catch 
73 74 75 76 77 78 79 80 81 82 83 84 85 86 87 88 89 90 91 92 93 94 95 96 97 98 99 100 
#catch length sample sizes 
200 200 200 200 200 200 200 200 200 200 200 200 200 200 200 200 200 200 200 200 200 200 200 200 200 200 200 200 
#length freq from survey years 
28 
#years for length freq survey 
73 74 75 76 77 78 79 80 81 82 83 84 85 86 87 88 89 90 91 92 93 94 95 96 97 98 99 100 
#survey sample sizes 
200 200 200 200 200 200 200 200 200 200 200 200 200 200 200 200 200 200 200 200 200 200 200 200 200 200 200 200 
#total survey biomass 
21791 21758.74 18336.68 29212.26 48506.42 41666.83 44393.68 74723.5 44224.88 73644.15 79790.7 75925.58 152605.9 79463.42 128143.8 88424.23 94148.66 128650.7 102127.8 122339.5 150896.9 132916 157664.3 139090 127893.1 145918.2 156531.3 121898.1 
#survey CV 
0.2 0.2 0.2 0.2 0.2 0.2 0.2 0.2 0.2 0.2 0.2 0.2 0.2 0.2 0.2 0.2 0.2 0.2 0.2 0.2 0.2 0.2 0.2 0.2 0.2 0.2 0.2 0.2 
#total CPUE 
11784.79 18143.39 17791.11 25015.65 18513.31 32682.4 35222.26 59336.64 32675.69 55591.98 80352.93 76223.3 99258.73 136918.1 71323.85 157553 82489.66 108981.6 134157.8 165836.5 122913.5 196476.7 171250.3 87436.31 149754 207300.9 141447.3 105482.6 
#CPUE CV 
0.2 0.2 0.2 0.2 0.2 0.2 0.2 0.2 0.2 0.2 0.2 0.2 0.2 0.2 0.2 0.2 0.2 0.2 0.2 0.2 0.2 0.2 0.2 0.2 0.2 0.2 0.2 0.2 
#total catch biomass 
12233.94 11128.48 13649.87 15055.56 16052.96 27143.57 30796.84 26662.89 31602.25 39528.82 41985.89 43247.76 54601.52 71477.85 72408.35 67126.58 91857.37 76607.23 85827.45 107922.9 91959.51 114102.1 103888.9 102326 117707.7 85834.63 115762.9 104284.9 
#catch CV 
0.1 0.1 0.1 0.1 0.1 0.1 0.1 0.1 0.1 0.1 0.1 0.1 0.1 0.1 0.1 0.1 0.1 0.1 0.1 0.1 0.1 0.1 0.1 0.1 0.1 0.1 0.1 0.1 
#Length Bins 
0.7268801 2.18064 3.634401 5.088161 6.541921 7.995682 9.449442 10.9032 12.35696 13.81072 15.26448 16.71824 18.172 19.62576 21.07952 22.53328 23.98704 25.44081 26.89457 28.34833 29.80209 31.25585 32.70961 34.16337 35.61713 
#catch length counts 
5.817703e-07 6.317341e-05 0.004044415 0.1526569 3.397187 44.57399 344.8933 1575.23 4267.157 7018.431 7762.571 7675.241 8349.3 8148.581 6307.979 4138.667 2340.648 1082.691 404.2869 121.6907 28.46449 4.920084 0.6034626 0.05096938 0.00289436 
8.883547e-07 9.646487e-05 0.006175761 0.2331046 5.187434 68.0624 526.5894 2403.982 6496.657 10558.21 11078.96 9478.426 8826.524 8073.143 6150.122 4010.733 2239.266 1007.724 357.3768 99.69596 21.45689 3.446655 0.397759 0.03173923 0.001694965 
8.700875e-07 9.448127e-05 0.006048771 0.2283116 5.080796 66.66475 515.8313 2356.065 6382.317 10485.03 11484.38 10921.12 11121.84 10049.1 6970.271 3973.508 1990.845 842.4582 286.6051 76.26367 15.38766 2.279643 0.2408744 0.01763816 0.0008699499 
1.023908e-06 0.0001111844 0.007118118 0.2686743 5.979028 78.45083 607.042 2772.896 7513.454 12351.47 13536.57 12843.26 13099.35 12198.5 9126.241 5678.641 2917.206 1171.121 364.0028 88.73337 16.66241 2.310313 0.2270419 0.01531239 0.0006909378 
1.515663e-06 0.0001645832 0.01053676 0.3977111 8.850567 116.1268 898.5143 4102.913 11098.11 18090.45 19116.69 16401.3 14895.12 13071.28 9537.781 5891.309 3063.941 1261.696 396.7482 93.75565 16.34491 2.062008 0.1843331 0.01137326 0.0004708093 
2.251971e-06 0.0002445376 0.01565551 0.5909192 13.1502 172.5428 1335.062 6096.985 16498.24 26925.03 28523.67 24437.39 21716.19 18124.2 12158.12 6758.701 3225.427 1263.999 388.6353 90.8888 15.5897 1.89339 0.1585688 0.008975737 0.0003375128 
2.218997e-06 0.000240957 0.01542628 0.5822682 12.95779 170.0245 1315.791 6013.265 16322.06 26984.37 29963.52 28600.41 28052.54 24030.69 15859.57 8413.671 3703.006 1300.822 355.1878 75.02808 11.97159 1.381953 0.1106773 0.005953116 0.0002100111 
2.875026e-06 0.0003121941 0.01998694 0.7544107 16.7886 220.2872 1704.646 7787.624 21101.71 34603.47 37186.18 32715.27 29687.69 25309.21 17706.39 10127.03 4619.399 1591.498 406.931 77.72023 11.02028 1.133853 0.082213 0.004073943 0.0001339917 
3.560646e-06 0.0003866444 0.02475332 0.9343197 20.79238 272.8267 2111.366 9648.414 26171.42 43077.74 46802.25 41893.16 37935.01 31175.72 20524.1 11082.28 4953.185 1737.467 456.3883 87.27293 11.86286 1.124422 0.07326137 0.003234137 9.508388e-05 
4.224079e-06 0.0004586854 0.02936546 1.108407 24.66665 323.6688 2504.997 11450.08 31085.81 51313.02 56166.36 50800.84 46067.59 37619.08 24542.22 12948.79 5519.011 1819.878 452.2449 83.47165 11.12256 1.031696 0.06461662 0.002674825 7.209685e-05 
4.995429e-06 0.000542445 0.03472784 1.310813 29.1711 382.7789 2962.568 13542.76 36772.92 60688.12 66185.71 58937.95 52089.12 41713.31 26895.26 13998.91 5826.751 1852.233 437.2939 75.73801 9.437879 0.8234848 0.0489408 0.001931769 4.954562e-05 
5.697955e-06 0.0006187312 0.03961177 1.495163 33.274 436.6335 3379.878 15458.84 42059.67 69896.75 77803.12 71922.74 65275.43 52409.57 33587.93 17326.62 7127.665 2234.366 517.1965 86.74238 10.30464 0.8457424 0.04690419 0.001723792 4.123817e-05 
7.30621e-06 0.0007933689 0.05079226 1.917176 42.66569 559.8743 4333.776 19819.04 53879.49 89179.74 97651.42 86569.01 74939.86 58986.79 37874.53 19575.53 7955.476 2434.071 546.5789 88.59294 10.12277 0.7934918 0.04166023 0.001436598 3.20142e-05 
6.919287e-06 0.000751354 0.04810252 1.815664 40.40772 530.3001 4106.471 18807.21 51406.67 86717.79 100422.5 98622.09 92159.08 72951.74 45255.28 22391.85 8791.038 2625.389 576.071 90.60307 9.955673 0.7451297 0.0371552 0.001211203 2.539511e-05 
8.983199e-06 0.0009754707 0.06245067 2.357237 52.45976 688.4274 5329.631 24383.7 66364.1 110099.9 120757 106119.2 89952.6 69996.24 44897.14 22829.07 8854.615 2526.766 522.9299 77.66966 8.098575 0.5762021 0.02725938 0.0008398987 1.657992e-05 
8.462223e-06 0.0009188995 0.05882911 2.220564 49.42013 648.6325 5024.165 23028.92 63087.11 106958.6 124604.8 121426 109964.3 83759.67 50111.44 23905.09 9019.9 2570.469 530.2966 76.89202 7.655199 0.5131212 0.02275839 0.0006570017 1.215419e-05 
1.041689e-05 0.001131154 0.0724179 2.733483 60.83508 798.4259 6183.49 28323.9 77375.55 129771.9 146139.3 133586.6 115596.6 89248.26 55919.86 27375.27 10104.4 2729.607 532.3419 73.8233 7.089335 0.457593 0.01936875 0.0005279907 9.146818e-06 
1.027766e-05 0.001116037 0.07145033 2.696996 60.02563 787.917 6105.077 28009.92 76919.39 131071.9 153529.6 148644.5 131678.1 98422.79 58212.7 27196.5 9829.235 2630.879 503.0864 67.00063 6.083269 0.3693132 0.01472205 0.0003787866 6.193346e-06 
1.117246e-05 0.001213201 0.077671 2.931807 65.25171 856.5072 6636.02 30433.32 83417.35 141078.5 161357.7 149191.6 127072.4 94211.34 55955.41 25754.46 8904.654 2245.719 405.4418 51.39382 4.456626 0.2574015 0.009687568 0.0002336942 3.567777e-06 
1.18683e-05 0.001288764 0.08250907 3.114478 69.32092 910.0692 7054.618 32404.31 89244.11 152960.9 180353.5 173892.3 151192.3 111003.3 64599.13 29280.01 10041.23 2505.645 441.3798 53.63755 4.403837 0.2395783 0.008483953 0.0001924592 2.758256e-06 
1.394e-05 0.001513728 0.0969118 3.658149 81.42212 1068.937 8285.658 38045.35 104601.2 178057.1 205482.4 189939.4 158421.3 113799 65272.95 28850.13 9514.895 2269.83 382.5382 44.5266 3.492435 0.1803749 0.006019929 0.0001279394 1.711399e-06 
1.538918e-05 0.001671096 0.1069874 4.038549 89.89371 1180.336 9153.18 42080.67 116079.5 199183.6 233262.7 218214.1 179833.6 124262.2 67661.03 28395.47 8943.271 2041.102 327.7842 36.15076 2.676512 0.1302664 0.004092634 8.17434e-05 1.025028e-06 
1.777603e-05 0.001930285 0.1235819 4.665013 103.8415 1363.586 10576.26 48642.41 134261 230380.1 268666.9 247858.7 200102.6 135519.3 71960.27 29006.01 8632.036 1844 276.553 28.51684 1.976098 0.08998849 0.00264202 4.924906e-05 5.758047e-07 
1.67987e-05 0.001824167 0.1167896 4.408799 98.15004 1289.295 10009.86 46164.6 128383 224495.6 272068.1 263600.7 218476.7 146880.6 75883.33 29471.16 8394.595 1702.725 240.0787 23.06485 1.480807 0.0623487 0.001692663 2.919949e-05 3.161471e-07 
1.650802e-05 0.00179261 0.1147707 4.332732 96.46543 1267.471 9846.554 45482.53 126961.4 223836 275307.8 272063.8 230477.8 158775.2 83708.19 32614.42 9114.626 1781.388 239.0009 21.6466 1.300132 0.05088219 0.001277622 2.031777e-05 2.024494e-07 
1.961365e-05 0.002129851 0.1363622 5.147803 114.6087 1505.66 11691.26 53910.68 149628.6 259256.7 305442.1 280812.4 221418.9 145483.1 74515.97 28416.82 7777.96 1481.63 191.9151 16.58879 0.9408064 0.03447818 0.0008057543 1.187317e-05 1.092571e-07 
2.036387e-05 0.002211334 0.141582 5.345139 119.0186 1564.149 12156.34 56179.58 156736.1 274489.5 328551.3 304132 233803.6 144773.7 68780.33 24403.82 6293.377 1142.359 141.7529 11.73512 0.6349074 0.02206691 0.0004859467 6.706594e-06 5.750142e-08 
1.942639e-05 0.002109566 0.1350718 5.099912 113.5902 1493.901 11632.26 54015.56 152485.5 274284.6 345117.3 340737 275694.8 174997.8 83073.37 28691.23 7041.87 1201.005 139.5777 10.84606 0.5526327 0.01812452 0.0003766218 4.896547e-06 3.944311e-08 
#survey length counts 
1.509727e-06 0.0001639386 0.01049548 0.3961526 8.815829 115.6678 894.8529 4084.03 11022.24 17802.97 18202.84 14447.38 12305.35 10869.32 8232.001 5388.809 3047.423 1397.62 507.475 145.812 32.54639 5.460875 0.6627972 0.0559487 0.003175715 
1.594628e-06 0.0001731579 0.01108571 0.4184312 9.311637 122.1749 945.2657 4315.665 11667.47 18997.19 20090.71 17533.94 16497.63 14562.99 10087.21 5770.362 2922.678 1260.076 439.4883 120.6906 25.30166 3.920093 0.435948 0.03379503 0.001773384 
1.700404e-06 0.0001846439 0.01182106 0.446187 9.92932 130.2801 1008.002 4602.598 12448.78 20304.23 21595.28 19083.4 18262.46 16701.21 12498.46 7840.399 4095.564 1680.743 536.0841 134.9154 26.3506 3.826861 0.39634 0.02832246 0.001360424 
2.413208e-06 0.000262046 0.0167764 0.6332268 14.09163 184.8912 1430.476 6530.131 17641.03 28598.69 29591.09 24029.8 20570.76 17697.44 12913.11 8042.104 4255.056 1794.574 581.0911 142.2238 25.83224 3.415676 0.3219935 0.02106744 0.0009290875 
3.338093e-06 0.0003624776 0.02320612 0.8759174 19.49242 255.7549 1978.794 9034.274 24417.43 39654.17 41258.48 33816.65 28760.53 23732.91 15978.78 8962.995 4349.44 1745.597 553.066 134.1979 24.04018 3.066987 0.2712197 0.01628891 0.0006527129 
3.262862e-06 0.0003543085 0.02268314 0.8561785 19.05328 250.0004 1934.528 8837.408 23948.22 39335.37 42734.96 39038.1 37100.46 31692.22 21066.98 11309.31 5074.399 1828.393 514.4967 112.7124 18.79005 2.281425 0.1932486 0.01104376 0.0004154927 
4.17723e-06 0.0004535981 0.02903974 1.096109 24.39263 320.0554 2476.493 11310.25 30608.34 49949.94 52804.9 44812.71 39428.19 33444.34 23562.98 13677.85 6385.327 2263.5 597.9215 118.6162 17.58074 1.902705 0.1459763 0.0076929 0.0002701659 
4.999497e-06 0.0005428866 0.03475608 1.311874 29.19434 383.0648 2964.234 13541.32 36683.89 60095.8 64319.17 55886.8 49543.17 40733.89 27051.36 14814.13 6770.816 2446.153 665.6963 132.6571 18.89355 1.885937 0.1300535 0.006105886 0.0001917296 
5.773848e-06 0.0006269721 0.04013931 1.515067 33.71631 442.4057 3423.64 15643.75 42417.07 69702.91 75278.11 66451.18 59394.4 48690.22 32111.19 17224.92 7521.821 2556.238 658.1458 126.6719 17.71638 1.734317 0.1151545 0.005073159 0.0001460359 
7.088656e-06 0.0007697448 0.04927976 1.860077 41.39426 543.1558 4203.429 19208.33 52090.11 85590.29 92160.32 80219.62 69949.33 56256.36 36695.18 19443.61 8304.527 2725.294 667.6728 120.7144 15.79971 1.456132 0.09185697 0.00386417 0.0001059667 
7.830508e-06 0.0008503013 0.05443709 2.054746 45.72683 600.026 4644.148 21232.94 57690.11 95445.55 104992.4 95338.32 85978.27 69581.8 45186.97 23761.13 10042.7 3254.772 783.2211 137.3791 17.16743 1.489854 0.08777188 0.003440497 8.808316e-05 
9.954122e-06 0.001080901 0.06920031 2.611989 58.12792 762.7533 5903.583 26988.47 73283.3 120850.1 131087.3 114602.3 98815.14 78475.07 51122.81 26984.76 11286.18 3574.741 835.5641 141.8381 17.07315 1.417047 0.07911863 0.002912208 6.949014e-05 
9.064221e-06 0.0009842686 0.06301391 2.378496 52.93294 694.6477 5378.333 24620.16 67191.55 112848.1 129464.8 126044.7 118295.4 94890.82 59819.61 30243.88 12227.39 3784.967 865.9305 142.862 16.56006 1.31394 0.06975214 0.00242944 5.458483e-05 
1.208161e-05 0.001311922 0.08399056 3.170264 70.55278 925.8302 7166.743 32776.9 89108.59 147373.1 160518.4 139949 118884.3 93657.35 61151.12 31876.54 12764.42 3780.15 816.2364 127.2749 14.01568 1.058469 0.05337124 0.001758658 3.72317e-05 
1.136121e-05 0.001233696 0.07898265 2.981265 66.34895 870.7741 6743.659 30893.89 84500.74 142690.3 165030.5 160183.2 146302.4 113188.9 68944.49 33675.81 13117.17 3886.334 838.6544 127.921 13.46623 0.9588426 0.04536225 0.001401714 2.783393e-05 
1.365414e-05 0.001482681 0.09492294 3.582941 79.73904 1046.481 8103.41 37102.29 101235 169291.8 189686 173048.3 151098.9 118584.3 75860.96 38174.27 14579.74 4097.064 835.9891 122.0723 12.4151 0.8525889 0.03853586 0.001125154 2.093137e-05 
1.319451e-05 0.001432772 0.09172802 3.462384 77.05886 1011.436 7835.497 35929.57 98528 167374.9 195281.9 189491.4 170169.1 129562.9 78240.23 37554.42 14054.85 3921.676 786.4026 110.4418 10.62813 0.6869862 0.02927151 0.0008075419 1.41923e-05 
1.523469e-05 0.001654312 0.1059114 3.997755 88.9741 1167.819 9046.345 41466.34 113512 191442.2 218159.4 202028.4 174287.7 131700.2 80041.8 37945.08 13603.9 3578.042 677.7496 90.69635 8.347822 0.5139757 0.02069296 0.0005355356 8.792685e-06 
1.538506e-05 0.001670643 0.1069573 4.037291 89.85807 1179.594 9141.878 41967.31 115421.3 197316.1 232181.2 225118.6 198967.5 149118.7 88851.31 41507.53 14781.43 3854.766 713.8037 91.69052 7.997096 0.4641485 0.01759845 0.0004286803 6.611924e-06 
1.795548e-05 0.001949762 0.1248271 4.71183 104.8718 1376.686 10668.92 48963.01 134459.4 228418.7 263329.5 245020.3 207963.9 152738.9 89881.47 41018.11 14062.94 3508.81 622.2607 76.66161 6.39592 0.3527809 0.01261508 0.0002880336 4.148547e-06 
1.963264e-05 0.002131886 0.1364877 5.152058 114.6753 1505.588 11672.63 53632.61 147765.5 253095.8 296441.1 279830.3 235209.8 166400.2 93021.84 40332.41 13219.42 3159.932 534.6683 62.47604 4.924567 0.256198 0.008631794 0.0001853653 2.50424e-06 
2.26634e-05 0.002460996 0.1575586 5.947492 132.384 1738.218 13478.65 61955.62 170812.4 292658.8 341598.1 318332.9 262430.8 182252.3 99548.9 41527.07 12874.99 2882.779 455.8596 49.8467 3.68088 0.1793255 0.005650137 0.0001133118 1.428158e-06 
2.184407e-05 0.002372035 0.1518649 5.732773 127.618 1676.157 13009.14 59953.42 166503.3 290716.2 352992.8 346182.5 293361.9 202364.6 107628.2 43305.08 12867.55 2739.236 407.6569 41.5604 2.844885 0.128214 0.00373767 6.941051e-05 8.106187e-07 
2.057063e-05 0.002233761 0.1430137 5.398806 120.1932 1578.988 12262.19 56597.37 157778.7 277847.4 342742.8 343302.6 297636.3 210647.8 114564.4 46339.33 13529.47 2778.31 393.8355 37.88573 2.427764 0.101748 0.002744195 4.699069e-05 5.051754e-07 
2.456784e-05 0.002667818 0.1708036 6.447845 143.544 1885.534 14636.38 67448.51 187008 323777.2 382596.4 356401.8 287798.8 194560.4 102943.7 40808.95 11686.78 2342.807 321.0657 29.50489 1.78644 0.07013886 0.001761165 2.794972e-05 2.775281e-07 
2.701682e-05 0.002933772 0.187834 7.091067 157.8827 2074.544 16116.95 74428.24 207412.3 363019.4 436195.5 409708.3 322913.3 205843.7 101035.6 37271.87 10064.4 1924.931 253.0709 22.30297 1.28961 0.04805557 0.001137551 1.691191e-05 1.564752e-07 
2.439873e-05 0.002649506 0.1696398 6.404801 142.6385 1875.484 14596.12 67715.44 190913.4 343319.2 434341 436083.1 362159.5 236899.7 116382.2 41855.19 10765.68 1935.659 238.4912 19.74673 1.076508 0.03789498 0.0008472462 1.187435e-05 1.03269e-07 
2.666518e-05 0.002895629 0.1853989 6.999791 155.8864 2049.458 15943.06 73845.96 207108.9 366922.5 449165.3 430663.2 345812 223869.4 109796.5 39081.32 9782.38 1681.488 195.0603 15.04283 0.7595816 0.02473781 0.000512448 6.670241e-06 5.399163e-08 
