# Number of parameters = 77 Objective function value = 22920.3217684166  Maximum gradient component = 281.849589888955
# srv_sel50:
0.999929667863
# srv_sel95:
1.00040856929
# stNatLen:
 9.79149965823 8.54486848495 7.29848533485 6.35151247263 5.66412274129 5.15190916192 4.75740289416 4.44624291715 4.19815773010 4.00035324013 3.84438678019 3.72493182662 3.63801332859 3.58135091923 3.55317826754
# log_avg_fmort_dir:
0.425164305950
# fmort_dir_dev:
 -0.366486679478 -0.366780983401 -0.478585590543 -0.318952247866 -0.339332107158 -0.272810780421 -0.239795102238 -0.265807791722 -0.131128953518 -0.231381596539 0.0326052003390 -0.0987860953944 0.0291175935727 0.0419446875470 0.0254270963711 0.178428803719 0.241805787063 0.171401412078 0.0932936349724 0.222656833265 0.178868306451 0.305857032985 0.251643226436 0.460878974904 0.362964090510 0.234115668031 0.314017464686 -0.0351778846498
# mean_log_rec:
13.5537404866
# rec_dev:
 -3.12822412868 -2.69140634642 -2.14239780547 -1.70547521983 -1.21804475211 -0.842698688996 -0.470181438203 -0.180677255206 0.0915221470089 0.402709085436 0.487774306957 0.595396346888 0.548153208272 0.549063882861 0.597703808129 0.567779527132 0.552490378015 0.563037964322 0.564098083662 0.578754992318 0.680372420145 0.657338538465 0.669996529966 0.635339592944 0.718688486900 0.898687825731 1.01006422096 1.01013428880
# log_avg_NatM:
-1.06837800000
# m_dev:
 0.00000000000 0.00000000000 0.00000000000 0.00000000000 0.00000000000 0.00000000000 0.00000000000 0.00000000000 0.00000000000 0.00000000000 0.00000000000 0.00000000000 0.00000000000 0.00000000000 0.00000000000 0.00000000000 0.00000000000 0.00000000000 0.00000000000 0.00000000000 0.00000000000 0.00000000000 0.00000000000 0.00000000000 0.00000000000 0.00000000000 0.00000000000 0.00000000000
# log_avg_GrowthK:
-1.19807800000
# log_avg_Linf:
3.45748100000
# GrowthK_dev:
 0.00000000000 0.00000000000 0.00000000000 0.00000000000 0.00000000000 0.00000000000 0.00000000000 0.00000000000 0.00000000000 0.00000000000 0.00000000000 0.00000000000 0.00000000000 0.00000000000 0.00000000000 0.00000000000 0.00000000000 0.00000000000 0.00000000000 0.00000000000 0.00000000000 0.00000000000 0.00000000000 0.00000000000 0.00000000000 0.00000000000 0.00000000000 0.00000000000
# Linf_dev:
 0.00000000000 0.00000000000 0.00000000000 0.00000000000 0.00000000000 0.00000000000 0.00000000000 0.00000000000 0.00000000000 0.00000000000 0.00000000000 0.00000000000 0.00000000000 0.00000000000 0.00000000000 0.00000000000 0.00000000000 0.00000000000 0.00000000000 0.00000000000 0.00000000000 0.00000000000 0.00000000000 0.00000000000 0.00000000000 0.00000000000 0.00000000000 0.00000000000
# SelPars50:
1.02978836823
# SelPars95:
1.25566539024
# SelPars_dev50:
 0.00000000000 0.00000000000 0.00000000000 0.00000000000 0.00000000000 0.00000000000 0.00000000000 0.00000000000 0.00000000000 0.00000000000 0.00000000000 0.00000000000 0.00000000000 0.00000000000 0.00000000000 0.00000000000 0.00000000000 0.00000000000 0.00000000000 0.00000000000 0.00000000000 0.00000000000 0.00000000000 0.00000000000 0.00000000000 0.00000000000 0.00000000000 0.00000000000
# SelPars_dev95:
 0.00000000000 0.00000000000 0.00000000000 0.00000000000 0.00000000000 0.00000000000 0.00000000000 0.00000000000 0.00000000000 0.00000000000 0.00000000000 0.00000000000 0.00000000000 0.00000000000 0.00000000000 0.00000000000 0.00000000000 0.00000000000 0.00000000000 0.00000000000 0.00000000000 0.00000000000 0.00000000000 0.00000000000 0.00000000000 0.00000000000 0.00000000000 0.00000000000
