#Simulated generalized assessment 
# 
#start/end year 
72 100 
#number of ages 
15 
#ages 
1 2 3 4 5 6 7 8 9 10 11 12 13 14 15 
#Number of length bins 
25 
#CPUE years 
29 
#years for CPUE 
72 73 74 75 76 77 78 79 80 81 82 83 84 85 86 87 88 89 90 91 92 93 94 95 96 97 98 99 100 
#survey years 
29 
#years for survey 
72 73 74 75 76 77 78 79 80 81 82 83 84 85 86 87 88 89 90 91 92 93 94 95 96 97 98 99 100 
#length freq from catch years 
29 
#years for length freq catch 
72 73 74 75 76 77 78 79 80 81 82 83 84 85 86 87 88 89 90 91 92 93 94 95 96 97 98 99 100 
#catch length sample sizes 
200 200 200 200 200 200 200 200 200 200 200 200 200 200 200 200 200 200 200 200 200 200 200 200 200 200 200 200 200 
#length freq from survey years 
29 
#years for length freq survey 
72 73 74 75 76 77 78 79 80 81 82 83 84 85 86 87 88 89 90 91 92 93 94 95 96 97 98 99 100 
#survey sample sizes 
200 200 200 200 200 200 200 200 200 200 200 200 200 200 200 200 200 200 200 200 200 200 200 200 200 200 200 200 200 
#total survey biomass 
8115.617 5721.462 7473.714 9737.121 15313.53 24520.07 25914.91 53583.92 51380.75 67111.38 74929.25 143013.1 180048.3 151939.6 155790.3 175483.7 151145.2 125937.5 119494.2 174092.2 133008.8 285363.9 197191.8 327305.9 245244.7 212349 330220.9 184492.4 174193.2 
#survey CV 
0.2 0.2 0.2 0.2 0.2 0.2 0.2 0.2 0.2 0.2 0.2 0.2 0.2 0.2 0.2 0.2 0.2 0.2 0.2 0.2 0.2 0.2 0.2 0.2 0.2 0.2 0.2 0.2 0.2 
#total CPUE 
7980.46 7296.24 13572.55 9847.377 11093.87 16964.35 29389.03 28839.63 50291.47 56371.48 73625.08 90974.69 167310.8 192547.9 167897.5 159645.2 152662.1 145129.2 174906.6 204520.7 124618.6 310918 291787.3 274202.1 244536.5 301857.1 301959.2 224985.1 274274.5 
#CPUE CV 
0.2 0.2 0.2 0.2 0.2 0.2 0.2 0.2 0.2 0.2 0.2 0.2 0.2 0.2 0.2 0.2 0.2 0.2 0.2 0.2 0.2 0.2 0.2 0.2 0.2 0.2 0.2 0.2 0.2 
#total catch biomass 
4251.772 4344.78 4302.735 3286.075 6234.035 8835.101 17297.3 19189.36 31107.62 39579.03 56894.8 75004.74 109204.2 135208.8 136107.2 107981.5 133650.2 106579.4 141500.3 149826.5 143541.9 152565.3 168122.5 166504.8 210157.9 176227 191494.3 239793.3 179722.1 
#catch CV 
0.1 0.1 0.1 0.1 0.1 0.1 0.1 0.1 0.1 0.1 0.1 0.1 0.1 0.1 0.1 0.1 0.1 0.1 0.1 0.1 0.1 0.1 0.1 0.1 0.1 0.1 0.1 0.1 0.1 
#Length Bins 
0.7268801 2.18064 3.634401 5.088161 6.541921 7.995682 9.449442 10.9032 12.35696 13.81072 15.26448 16.71824 18.172 19.62576 21.07952 22.53328 23.98704 25.44081 26.89457 28.34833 29.80209 31.25585 32.70961 34.16337 35.61713 
#catch length counts 
1.070386e-07 1.162313e-05 0.0007441224 0.02808697 0.6250399 8.20103 63.45511 289.8077 785.0059 1291.471 1434.755 1457.579 1716.552 1980.475 2044.831 1899.332 1531.896 1085.999 696.4008 390.3728 177.9032 61.14069 14.81357 2.398743 0.2499863 
9.84922e-08 1.069509e-05 0.0006847091 0.02584444 0.5751383 7.546482 58.39819 266.8816 725.1229 1209.944 1418.601 1607.024 2010.19 2256.091 2188.285 1958.516 1581.829 1117.666 687.8482 360.1822 151.8214 47.97515 10.64466 1.577171 0.1505744 
9.915681e-09 1.076728e-06 6.893362e-05 0.002602016 0.05791661 0.7606967 5.915902 27.69763 84.06708 209.058 551.3629 1314.789 2246.524 2737.27 2697.106 2339.161 1762.989 1159.137 674.1881 333.1868 130.4037 37.78039 7.646243 1.032121 0.08980363 
1.291014e-07 1.40189e-05 0.0008975012 0.03387621 0.7538655 9.890883 76.51255 349.0254 939.6327 1499.106 1450.153 975.2039 812.01 1255.441 1911.099 2086.431 1629.964 999.3692 523.6637 234.8139 84.26386 22.38145 4.133487 0.5074683 0.04012149 
3.383428e-07 3.674005e-05 0.00235213 0.08878154 1.975737 25.92426 200.6208 916.9022 2490.746 4141.872 4739.866 4916.216 5223.925 4452.348 2662.871 1369.559 887.4359 628.8155 360.5959 156.4278 51.16926 12.26288 2.049895 0.2283302 0.01638752 
6.9509e-07 7.54786e-05 0.004832204 0.1823922 4.058923 53.25711 412.0932 1882.272 5098.016 8359.66 9055.058 8339.083 8390.39 8203.705 6757.788 4489.733 2252.528 857.2367 293.4674 101.9606 30.81825 6.844741 1.040089 0.1045386 0.006773622 
1.224763e-06 0.0001329948 0.008514443 0.3213787 7.151888 93.83892 726.068 3315.455 8967.016 14602.47 15350.39 12988.06 11851.99 11207.29 9426.761 6645.291 3641.237 1471.407 443.2969 106.0832 21.7537 3.786347 0.5013076 0.04547178 0.002669808 
1.446365e-06 0.0001570582 0.010055 0.379528 8.44599 110.8222 857.5934 3918.422 10625.7 17495.22 19151.09 17817.5 17605.69 16461.11 12948.8 8497.044 4457.923 1787.205 543.4792 125.0198 21.53372 2.779253 0.26991 0.01925442 0.000955271 
2.444583e-06 0.000265453 0.01699453 0.6414615 14.27501 187.3041 1449.358 6620.205 17924.91 29301.78 31146.04 26870.01 24750.37 23266.92 19186.88 12900.18 6592.699 2483.41 703.7882 152.6912 24.83089 2.909102 0.2381946 0.01341786 0.0005151343 
3.622675e-06 0.00039338 0.02518454 0.9505958 21.15456 277.5773 2148.072 9815.003 26610.05 43712.96 47197.24 41944.2 38950.39 35129.74 27009 16981.9 8262.623 2988.103 805.5865 163.3963 24.57582 2.655732 0.1992657 0.01007634 0.0003356639 
5.113118e-06 0.0005552246 0.03554598 1.341692 29.85811 391.7848 3032.01 13855.85 37581.57 61803.7 66843.68 59381.83 55043.94 49912.61 38440.72 23449.85 10567.65 3391.988 791.8308 139.7137 18.69637 1.829779 0.1251841 0.005774651 0.0001749267 
6.661101e-06 0.0007233174 0.04630746 1.74789 38.89794 510.4154 3950.501 18060.32 49056.4 81084.76 89043.37 81398.48 76896.05 69424.46 52475.75 31070.98 13445.27 4077.973 873.9338 136.3816 15.72646 1.322885 0.07887198 0.003225387 8.773024e-05 
9.776001e-06 0.001061559 0.06796201 2.565248 57.0876 749.0951 5797.65 26500.1 71913.43 118329.1 127583 111198.8 99648.54 88143.62 66181.33 38412.44 15956.62 4556.232 901.793 127.5492 13.10411 0.9671094 0.04999843 0.001765283 4.162197e-05 
1.040529e-05 0.001129893 0.07233695 2.730399 60.76445 797.4205 6174.012 28261.82 77124.54 129526.6 148883.6 147161.9 145362.5 128882.7 92433.58 51134.02 20574.38 5778.79 1129.941 155.8146 15.183 1.031654 0.0479823 0.00150081 3.105191e-05 
9.500759e-06 0.001031672 0.06604881 2.493063 55.48364 728.1706 5639.269 25837.32 70732.85 120073.8 142399.4 149781.8 159844.4 153868.4 118238.4 66832.12 25964.55 6735.423 1183.541 145.9327 12.90967 0.8112605 0.03513397 0.001017047 1.92357e-05 
8.481515e-06 0.0009209942 0.05896317 2.225619 49.53233 650.0958 5035.394 23081.59 63278.12 107823.3 128884.1 137054.1 148123 144819.7 112473.4 63567.7 24555.42 6331.731 1100.665 131.6734 10.95035 0.6292612 0.02462297 0.000645173 1.112418e-05 
1.151816e-05 0.001250738 0.08007368 3.022443 67.26491 882.7667 6835.523 31294.52 85367.82 142721.8 160517.1 151124.5 146086.6 135523 102664.4 57059.6 21870.45 5668.122 1001.307 121.8531 10.18019 0.5748106 0.02154464 0.0005281043 8.365917e-06 
1.153385e-05 0.001252443 0.08018313 3.026609 67.36033 884.1417 6849.462 31410.08 86159.28 146583.4 172374 172563 167111.4 143068.7 97241.45 49130.82 17499.45 4284.467 724.0748 85.34973 6.984177 0.3885992 0.01433541 0.0003431758 5.245682e-06 
1.212554e-05 0.001316695 0.08429684 3.181911 70.81853 929.6071 7203.475 33058.43 90881.86 155569.9 185685.5 191077.7 192161.3 171435.7 119783.7 60413.18 20864.08 4848.52 766.9816 84.12644 6.423201 0.3362533 0.01178107 0.0002698399 3.962847e-06 
1.194062e-05 0.001296616 0.08301163 3.133432 69.74187 915.5687 7096.926 32600.02 89862.66 154910.8 187604.7 196332.6 198476.2 175682.4 120629.1 59379 19948.85 4499.176 686.6298 71.80985 5.153628 0.2508001 0.008128916 0.0001723569 2.352416e-06 
1.441246e-05 0.00156503 0.100196 3.782093 84.17928 1105.083 8564.992 39322.45 108138.4 184728.4 217568.6 216100.4 208272.9 179445 120639.7 57976.15 18985.61 4176.723 621.5628 63.11031 4.358732 0.2018646 0.006157599 0.0001217108 1.537915e-06 
1.709579e-05 0.001856413 0.1188513 4.486328 99.85721 1311.033 10164.13 46700.31 128676 220685.1 260925.7 256469.9 237209.8 191962.3 120786 54697.26 17027.53 3583.667 511.8054 49.89852 3.304646 0.1463295 0.004249143 7.951685e-05 9.455177e-07 
1.761835e-05 0.001913162 0.1224857 4.623647 102.9225 1351.629 10487.03 48295.27 133963.1 233939.5 287835.6 298647.7 284766.7 229060.3 139881.7 60571.01 17842 3524.031 469.5999 42.64311 2.636427 0.1094193 0.002987709 5.264935e-05 5.893881e-07 
2.482179e-05 0.002695376 0.1725646 6.513978 144.9953 1903.853 14763.34 67854.59 186957.8 319677.9 372828.5 355491.2 318612.5 251290 151762.8 64085.95 18090.54 3371.653 418.2436 34.98016 1.980525 0.07523393 0.001885462 3.061712e-05 3.170633e-07 
2.440363e-05 0.002649987 0.1696624 6.404831 142.5925 1873.337 14550.22 67189.71 187595.8 332024.1 415792.5 430971.4 393638.2 293821.8 164380 65136.93 17602.38 3183.793 384.2721 30.99722 1.665731 0.05906243 0.001364401 2.027803e-05 1.916859e-07 
2.660208e-05 0.002888725 0.1849484 6.981992 155.4473 2042.359 15864.72 73263.79 204461.9 361122.1 450851.3 470837.2 443954.9 345234.4 197111.8 76886.85 19768.9 3320.61 367.5699 27.16991 1.347545 0.0444639 0.0009596311 1.330514e-05 1.167559e-07 
2.99764e-05 0.00325516 0.208412 7.868049 175.1905 2302.284 17893.7 82739.65 231525.5 410700.7 513934.6 530636.1 485079.5 362627.1 199665 75752.26 19114.57 3165.516 344.0582 24.61991 1.158844 0.03564975 0.0007098049 9.04946e-06 7.310362e-08 
2.844669e-05 0.00308908 0.1977843 7.467383 166.3017 2186.584 17016.87 78949.6 222749.4 402492.7 520162.1 554573.9 509833.1 371791.7 195616.1 69961.41 16484.32 2534.092 255.3207 16.99754 0.7489907 0.02166897 0.0004057345 4.843265e-06 3.639394e-08 
2.980762e-05 0.003236891 0.2072521 7.825187 174.2881 2292.118 17846.83 82878.12 234202.3 424034.9 548806.9 585492.1 538551.5 391691.4 203917.4 71525.65 16408.11 2439.04 235.552 14.86306 0.6137154 0.01650102 0.0002861039 3.162667e-06 2.20446e-08 
#survey length counts 
3.638332e-07 3.950801e-05 0.002529336 0.09546998 2.124558 27.87558 215.6726 984.6911 2662.926 4345.963 4663.157 4315.734 4580.308 4892.396 4712.02 4238.154 3457.15 2473.367 1548.519 832.0771 364.1931 120.9488 28.48622 4.513429 0.4631708 
3.887118e-08 4.220956e-06 0.00027023 0.01020002 0.2270063 2.97969 23.10123 106.5618 302.9129 611.6429 1198 2461.936 4073.695 4953.572 4899.584 4287.069 3267.77 2175.172 1288.401 655.1173 266.8484 81.35638 17.49036 2.525738 0.2362867 
7.68241e-07 8.342193e-05 0.00534074 0.2015863 4.486002 58.85687 455.2794 2076.447 5584.968 8868.948 8369.157 4899.789 2403.695 2284.956 3250.886 3599.282 2861.654 1782.192 951.7739 439.2643 164.2438 45.96667 9.025001 1.185798 0.1008193 
9.86546e-07 0.0001071273 0.006858379 0.2588701 5.760819 75.58599 584.8125 2670.051 7218.624 11748.95 12377.36 10587.31 9465.48 7631.088 4528.882 2310.156 1494.256 1081.691 639.3014 287.1459 98.02739 24.76404 4.402535 0.5249805 0.04052539 
1.227406e-06 0.0001332819 0.008532819 0.3220722 7.167311 94.0409 727.6236 3322.555 8988.098 14664.92 15598.14 13775.49 13371.11 12988.26 10789.62 7299.193 3745.091 1450.381 502.6266 179.2138 56.63917 13.2929 2.149837 0.2313423 0.0161226 
1.936318e-06 0.0002102613 0.01346111 0.5080909 11.30691 148.3549 1147.831 5240.447 14163.34 23000.69 23947.67 19817.06 17731.98 16736.79 14197.42 10183.96 5717.23 2374.341 735.9973 181.3845 38.54214 7.047198 0.9923668 0.09642359 0.006090206 
2.313906e-06 0.000251263 0.01608607 0.6071713 13.51189 177.2903 1371.859 6266.338 16972.89 27821.25 30010 27108.58 26240.84 24535.38 19477.49 12997.47 6980.798 2876.484 903.0745 215.6869 38.7768 5.254033 0.5400335 0.04114473 0.002195149 
3.490414e-06 0.0003790179 0.02426505 0.9158879 20.382 267.4315 2069.285 9450.111 25569.6 41696.39 43990.96 37413.34 34173.16 32262.05 26928.32 18478.13 9692.772 3756.945 1099.381 247.8787 42.20196 5.209378 0.4519198 0.02712306 0.001115978 
4.659143e-06 0.0005059281 0.03238996 1.222565 27.20687 356.9875 2762.466 12620.09 34194.31 56064.79 60252.82 53277.59 49663.04 45261.01 35271.21 22630.96 11307.84 4214.428 1175.546 248.1627 39.11443 4.458347 0.3548679 0.01912792 0.0006819868 
6.334225e-06 0.0006878225 0.04403501 1.662111 36.9886 485.3413 3755.86 17160.88 46520.71 76386.75 82362.47 73095.69 68304.44 62736.64 49105.65 30669.85 14233.27 4716.013 1139.282 209.1616 29.34199 3.031491 0.2201899 0.01083332 0.000351329 
7.949386e-06 0.0008632101 0.0552635 2.085936 46.42069 609.1185 4714.181 21547.65 58496.12 96548.96 105796.2 96907.26 92603.95 84843.5 65266.22 39619.05 17683.07 5547.998 1233.266 200.5629 24.25237 2.153154 0.1362921 0.005946904 0.0001732677 
1.196281e-05 0.001299021 0.08316451 3.139067 69.85719 916.6415 7094.005 32419.97 87933.24 144503 155502.3 135770.4 123026.1 110507.8 84587.28 50431.71 21643.05 6401.881 1316.03 194.2137 20.94569 1.632493 0.0896003 0.003374148 8.51966e-05 
1.202991e-05 0.001306307 0.08363109 3.156696 70.25106 921.891 7137.127 32662.14 89069.87 149366.1 171531.4 170633.8 171232.5 154450.2 112959.5 64178.94 26685.31 7772.76 1581.533 228.0429 23.36439 1.67791 0.08286632 0.002763943 6.121078e-05 
1.081911e-05 0.001174829 0.07521384 2.838996 63.18182 829.1747 6420.821 29409.06 80445.57 136344.6 161592.1 171156.7 185456.1 181691.3 142863.1 83262.56 33513.24 9026.392 1650.732 212.7873 19.80235 1.316945 0.06064065 0.001873166 3.791933e-05 
9.843192e-06 0.001068856 0.0684294 2.582921 57.48359 754.4244 5842.784 26773.25 73332.92 124737.6 148966.7 159425.9 174846.2 174076.7 138536.7 80833.12 32381.15 8680.844 1573.627 197.2046 17.27152 1.050558 0.04371062 0.00122273 2.258398e-05 
1.315136e-05 0.001428084 0.09142754 3.450993 76.8016 1007.893 7803.702 35717.91 97372.29 162598.9 182801.9 173164.4 169984.7 160827.8 124982.3 71752.94 28534.02 7695.497 1420.033 181.4194 15.99459 0.9573229 0.03817967 0.0009991456 1.694927e-05 
1.374721e-05 0.001492789 0.09557022 3.607396 80.2851 1053.737 8162.198 37415.84 102539.4 174169.9 204759.3 206614.8 203586.8 177868.2 123914.5 64618.56 23878.75 6086.354 1075.117 133.1787 11.51806 0.6805631 0.02675954 0.0006847884 1.121672e-05 
1.408313e-05 0.001529266 0.09790573 3.695577 82.24947 1079.597 8364.433 38370.44 105384 180110.6 214993.1 223094.4 228312.3 208123 149446.6 77982.75 27984.82 6777.049 1121.303 129.3214 10.4432 0.5811857 0.02173376 0.0005329626 8.40002e-06 
1.400373e-05 0.001520646 0.09735414 3.674789 81.78917 1073.654 8320.768 38203.59 105196.2 181037.8 219281.2 231480.4 238214.8 215629.5 152325.6 77648.37 27131.15 6384.095 1020.474 112.3594 8.535834 0.4418281 0.01529249 0.0003473929 5.09342e-06 
1.679173e-05 0.001823391 0.1167364 4.406408 98.07264 1287.389 9976.235 45781.7 125782.7 214560.9 252777.6 253192.5 248532.5 219281.3 151874.5 75654.18 25787.41 5924.784 924.7091 98.98843 7.245921 0.3572586 0.01164389 0.0002466551 3.348666e-06 
2.007773e-05 0.002180216 0.1395814 5.268783 117.2699 1539.53 11933.26 54802.49 150849 258350.9 305689.6 303340.7 286116.4 237303.1 153855.5 72230.82 23416.63 5151.19 772.3582 79.48305 5.58582 0.2636205 0.008187162 0.0001643147 2.100186e-06 
2.035735e-05 0.002210584 0.1415267 5.342344 118.9162 1561.506 12112.26 55745.97 154443.9 269306.9 331846.9 348177.1 338965.6 279736.2 176234.6 79196.31 24313.74 5022.64 703.0499 67.42889 4.427491 0.1960553 0.005731706 0.0001084332 1.305914e-06 
2.896105e-05 0.00314485 0.2013401 7.600105 169.1659 2221.034 17219.25 79103.87 217743.5 371851 434032.7 417723.3 382207.1 309917.9 193547.1 84958.11 25021.46 4880.946 636.322 56.22905 3.382372 0.1371584 0.003682905 6.42572e-05 7.165346e-07 
2.832084e-05 0.003075348 0.1968939 7.432673 165.4662 2173.532 16876.04 77871.22 217122.8 383764.7 481789.8 505852.1 472532.3 362431.9 209435 86228.25 24325.54 4611.325 585.8896 49.99815 2.856279 0.1081165 0.002675568 4.272186e-05 4.349173e-07 
3.085921e-05 0.003350995 0.2145429 8.099021 180.3058 2368.609 18392.52 84873.28 236537.8 417150.3 521722.4 551258.5 531710.8 425911.3 251947.7 102317.6 27483.4 4838.002 563.5977 44.08094 2.326305 0.0820506 0.001899123 2.830533e-05 2.675106e-07 
3.371968e-05 0.003661629 0.2344335 8.850164 197.0442 2589.035 20114.64 92935.61 259708.1 460148.3 577368.7 603971.7 565418 435669 248627.8 98263.74 25931.87 4507.957 516.5054 39.14834 1.960981 0.06446288 0.001376213 1.886639e-05 1.642506e-07 
3.286343e-05 0.003568679 0.2284877 8.626247 192.0914 2525.105 19641.62 91036.29 256428.7 462690.7 599726.6 648236.7 610678 459398.8 250735.3 93468.32 23038.5 3717.861 394.9458 27.86793 1.308362 0.0405 0.0008138457 1.044918e-05 8.460371e-08 
3.373857e-05 0.003663734 0.2345774 8.856494 197.2366 2593.283 20181.15 93622.44 264131.3 477582.7 620029.1 670839.1 632937.1 475604.9 257219.1 94144.11 22615.27 3532.542 360.0073 24.08866 1.0599 0.0304942 0.0005676348 6.753626e-06 5.076555e-08 
3.346434e-05 0.003633996 0.2326801 8.785498 195.6907 2574.089 20052.93 93256.04 264508.5 483071.6 634966.9 688336.8 636910.1 461847.7 239278.7 83689.98 19202.79 2864.373 278.4492 17.72608 0.7389266 0.02003045 0.0003491451 3.866998e-06 2.692831e-08 
