# Number of parameters = 106 Objective function value = 26542.3999795511  Maximum gradient component = 0.000930785656091143
# srv_sel50:
2.15064565634
# srv_sel95:
3.61391029748
# stNatLen:
 12.0722883640 11.5941222576 10.2343447974 9.18830749258 8.41112173776 7.82730644265 7.37884450703 7.02739540404 6.74880675607 6.52773006310 6.35415743127 6.22142504517 6.12507890757 6.06222343200 6.03115237442
# log_avg_fmort_dir:
1.00560659273
# fmort_dir_dev:
 -0.117029456251 -0.546436563076 -0.576681212121 -1.44493345656 -0.954837892337 -0.343103886937 -0.430751869352 -0.423116264871 -0.439001507156 -0.237067303726 -0.131700619012 -0.114744945446 0.0777466299024 0.100813059894 0.0768344806781 0.322854850511 0.323374639368 0.280919944295 0.323694413694 0.183899236147 0.100511621221 0.580064137555 0.564551328342 0.468689519122 0.475159480569 0.655392545541 0.490873948167 0.734025141835
# mean_log_rec:
16.0795645653
# rec_dev:
 -3.54915762501 -2.84616920228 -2.60821589285 -1.68142424301 -1.05483220624 -0.607804531537 -0.426317952900 -0.164495955013 -0.131946422556 0.433182962169 0.498934036729 0.439341369876 0.448456790503 0.491213399754 0.444341042291 0.495967299113 0.504865025803 0.698649767163 0.795659457400 0.907316767614 0.746390932828 0.755962222469 0.847720712821 1.05371487887 0.864753819634 0.974565263479 0.834664137443 0.834664145460
# log_avg_NatM:
0.594400140445
# m_dev:
 -1.44199135785 -1.02323476671 -0.698679301457 -0.473758257764 -0.311752222897 -0.177887359553 -0.0292206395225 -0.0509522396222 0.123534699453 -0.218975105624 0.101045607839 0.114473561291 -0.0395606960735 -0.0213916737458 0.131874240583 0.0908602278048 0.123284783789 0.0774758503785 0.215501727268 0.255596748839 0.411501263095 0.315464009245 0.335833225617 0.354722271237 0.503184930597 0.441507362165 0.531219634309 0.360323477312
# log_avg_GrowthK:
-1.20372700000
# log_avg_Linf:
3.45755400000
# GrowthK_dev:
 0.00000000000 0.00000000000 0.00000000000 0.00000000000 0.00000000000 0.00000000000 0.00000000000 0.00000000000 0.00000000000 0.00000000000 0.00000000000 0.00000000000 0.00000000000 0.00000000000 0.00000000000 0.00000000000 0.00000000000 0.00000000000 0.00000000000 0.00000000000 0.00000000000 0.00000000000 0.00000000000 0.00000000000 0.00000000000 0.00000000000 0.00000000000 0.00000000000
# Linf_dev:
 0.00000000000 0.00000000000 0.00000000000 0.00000000000 0.00000000000 0.00000000000 0.00000000000 0.00000000000 0.00000000000 0.00000000000 0.00000000000 0.00000000000 0.00000000000 0.00000000000 0.00000000000 0.00000000000 0.00000000000 0.00000000000 0.00000000000 0.00000000000 0.00000000000 0.00000000000 0.00000000000 0.00000000000 0.00000000000 0.00000000000 0.00000000000 0.00000000000
# SelPars50:
2.17222328082
# SelPars95:
3.43709991150
# SelPars_dev50:
 0.00000000000 0.00000000000 0.00000000000 0.00000000000 0.00000000000 0.00000000000 0.00000000000 0.00000000000 0.00000000000 0.00000000000 0.00000000000 0.00000000000 0.00000000000 0.00000000000 0.00000000000 0.00000000000 0.00000000000 0.00000000000 0.00000000000 0.00000000000 0.00000000000 0.00000000000 0.00000000000 0.00000000000 0.00000000000 0.00000000000 0.00000000000 0.00000000000
# SelPars_dev95:
 0.00000000000 0.00000000000 0.00000000000 0.00000000000 0.00000000000 0.00000000000 0.00000000000 0.00000000000 0.00000000000 0.00000000000 0.00000000000 0.00000000000 0.00000000000 0.00000000000 0.00000000000 0.00000000000 0.00000000000 0.00000000000 0.00000000000 0.00000000000 0.00000000000 0.00000000000 0.00000000000 0.00000000000 0.00000000000 0.00000000000 0.00000000000 0.00000000000
