# Number of parameters = 80 Objective function value = 20070.8185207987  Maximum gradient component = 0.000864754786853118
# srv_sel50:
2.93494768323
# srv_sel95:
6.19544068982
# stNatLen:
 12.4989241574 10.5686507756 9.10124254537 8.06972139503 7.32823006832 6.77489784926 6.34869956484 6.01362104659 5.74753473995 5.53626953870 5.37045005677 5.24374882879 5.15188524457 5.09203846249 5.06250375167
# log_avg_fmort_dir:
0.632816435148
# fmort_dir_dev:
 -0.151599350831 0.0496708164400 -0.0561600907351 -0.142653620092 -0.315207080723 -0.108390166971 -0.183918733080 -0.323283784682 -0.539544447536 -0.215645968577 -0.0798421520422 -0.0487628567538 0.0809365499054 0.113686620394 0.201996160813 0.208345660357 0.192268686733 0.110960219042 0.0517977355965 0.0241331948946 0.0375118300149 -0.0405965356347 -0.0458908278516 0.0781852795644 0.0107304954499 0.0972737362590 0.0495493677943 0.191927521360 0.752521740891
# mean_log_rec:
14.9755812345
# rec_dev:
 -2.11833477056 -2.07669842298 -2.00271195416 -1.64002357383 -1.47039100903 -1.39328056145 -0.981788368198 -0.368110647677 -0.0504676823271 0.0799454126379 0.289948443584 0.577634093593 0.670601986292 0.603286942861 0.497723043542 0.467578465126 0.473062148834 0.495867505390 0.557635601637 0.642258495844 0.726665256051 0.752459801900 0.826478773247 0.859919322239 0.886447876806 0.708487235206 0.668370656136 0.658717966303 0.658717962997
# log_avg_NatM:
0.595748187082
# m_dev:
 0.00000000000 0.00000000000 0.00000000000 0.00000000000 0.00000000000 0.00000000000 0.00000000000 0.00000000000 0.00000000000 0.00000000000 0.00000000000 0.00000000000 0.00000000000 0.00000000000 0.00000000000 0.00000000000 0.00000000000 0.00000000000 0.00000000000 0.00000000000 0.00000000000 0.00000000000 0.00000000000 0.00000000000 0.00000000000 0.00000000000 0.00000000000 0.00000000000 0.00000000000
# log_avg_GrowthK:
-1.02151300000
# log_avg_Linf:
3.36611700000
# GrowthK_dev:
 0.00000000000 0.00000000000 0.00000000000 0.00000000000 0.00000000000 0.00000000000 0.00000000000 0.00000000000 0.00000000000 0.00000000000 0.00000000000 0.00000000000 0.00000000000 0.00000000000 0.00000000000 0.00000000000 0.00000000000 0.00000000000 0.00000000000 0.00000000000 0.00000000000 0.00000000000 0.00000000000 0.00000000000 0.00000000000 0.00000000000 0.00000000000 0.00000000000 0.00000000000
# Linf_dev:
 0.00000000000 0.00000000000 0.00000000000 0.00000000000 0.00000000000 0.00000000000 0.00000000000 0.00000000000 0.00000000000 0.00000000000 0.00000000000 0.00000000000 0.00000000000 0.00000000000 0.00000000000 0.00000000000 0.00000000000 0.00000000000 0.00000000000 0.00000000000 0.00000000000 0.00000000000 0.00000000000 0.00000000000 0.00000000000 0.00000000000 0.00000000000 0.00000000000 0.00000000000
# SelPars50:
2.75143492002
# SelPars95:
5.43163527733
# SelPars_dev50:
 0.00000000000 0.00000000000 0.00000000000 0.00000000000 0.00000000000 0.00000000000 0.00000000000 0.00000000000 0.00000000000 0.00000000000 0.00000000000 0.00000000000 0.00000000000 0.00000000000 0.00000000000 0.00000000000 0.00000000000 0.00000000000 0.00000000000 0.00000000000 0.00000000000 0.00000000000 0.00000000000 0.00000000000 0.00000000000 0.00000000000 0.00000000000 0.00000000000 0.00000000000
# SelPars_dev95:
 0.00000000000 0.00000000000 0.00000000000 0.00000000000 0.00000000000 0.00000000000 0.00000000000 0.00000000000 0.00000000000 0.00000000000 0.00000000000 0.00000000000 0.00000000000 0.00000000000 0.00000000000 0.00000000000 0.00000000000 0.00000000000 0.00000000000 0.00000000000 0.00000000000 0.00000000000 0.00000000000 0.00000000000 0.00000000000 0.00000000000 0.00000000000 0.00000000000 0.00000000000
