# Number of parameters = 77 Objective function value = 19597.3440676405  Maximum gradient component = 93.4526621770462
# srv_sel50:
0.999999142379
# srv_sel95:
1.00000232834
# stNatLen:
 10.6374360654 9.52744773848 8.09391059209 7.10956639351 6.44138702651 5.94916942357 5.56881321158 5.26750225497 5.02630571503 4.83341725968 4.68109639271 4.56412635460 4.47897575535 4.42332188702 4.39577883612
# log_avg_fmort_dir:
0.735625634472
# fmort_dir_dev:
 -0.354079327966 -0.108388998259 -0.190688420011 -0.302086091216 -0.114880925141 -0.0469133100456 -0.191189310516 -0.218619270159 -0.117101998908 -0.0181919426747 -0.00430185200136 -0.0322931697156 -0.108706107366 -0.0380603982754 0.0651473735583 0.153177332722 0.125772287443 0.119958513135 0.0922573396013 0.145444602889 0.209272730706 0.116321861016 0.190819839427 0.179992176835 0.174545230901 0.309959665193 0.164010216012 -0.201178047184
# mean_log_rec:
13.3133940960
# rec_dev:
 -2.34748197557 -2.05709054941 -1.69407288202 -1.37257486010 -1.46413367427 -1.37629259355 -0.881240029328 -0.463185696713 -0.225904978717 0.00601504498850 0.301439335449 0.547219098545 0.731388512593 0.647542277772 0.543700001852 0.516807979662 0.488311587104 0.464841305747 0.513293164523 0.517302888388 0.537052116835 0.722726947984 0.796419083148 0.846342922106 0.901590942715 0.843043655554 0.978470196377 0.978470178331
# log_avg_NatM:
-1.36837500000
# m_dev:
 0.00000000000 0.00000000000 0.00000000000 0.00000000000 0.00000000000 0.00000000000 0.00000000000 0.00000000000 0.00000000000 0.00000000000 0.00000000000 0.00000000000 0.00000000000 0.00000000000 0.00000000000 0.00000000000 0.00000000000 0.00000000000 0.00000000000 0.00000000000 0.00000000000 0.00000000000 0.00000000000 0.00000000000 0.00000000000 0.00000000000 0.00000000000 0.00000000000
# log_avg_GrowthK:
-1.19613400000
# log_avg_Linf:
3.45239700000
# GrowthK_dev:
 0.00000000000 0.00000000000 0.00000000000 0.00000000000 0.00000000000 0.00000000000 0.00000000000 0.00000000000 0.00000000000 0.00000000000 0.00000000000 0.00000000000 0.00000000000 0.00000000000 0.00000000000 0.00000000000 0.00000000000 0.00000000000 0.00000000000 0.00000000000 0.00000000000 0.00000000000 0.00000000000 0.00000000000 0.00000000000 0.00000000000 0.00000000000 0.00000000000
# Linf_dev:
 0.00000000000 0.00000000000 0.00000000000 0.00000000000 0.00000000000 0.00000000000 0.00000000000 0.00000000000 0.00000000000 0.00000000000 0.00000000000 0.00000000000 0.00000000000 0.00000000000 0.00000000000 0.00000000000 0.00000000000 0.00000000000 0.00000000000 0.00000000000 0.00000000000 0.00000000000 0.00000000000 0.00000000000 0.00000000000 0.00000000000 0.00000000000 0.00000000000
# SelPars50:
1.01351965153
# SelPars95:
1.13932872416
# SelPars_dev50:
 0.00000000000 0.00000000000 0.00000000000 0.00000000000 0.00000000000 0.00000000000 0.00000000000 0.00000000000 0.00000000000 0.00000000000 0.00000000000 0.00000000000 0.00000000000 0.00000000000 0.00000000000 0.00000000000 0.00000000000 0.00000000000 0.00000000000 0.00000000000 0.00000000000 0.00000000000 0.00000000000 0.00000000000 0.00000000000 0.00000000000 0.00000000000 0.00000000000
# SelPars_dev95:
 0.00000000000 0.00000000000 0.00000000000 0.00000000000 0.00000000000 0.00000000000 0.00000000000 0.00000000000 0.00000000000 0.00000000000 0.00000000000 0.00000000000 0.00000000000 0.00000000000 0.00000000000 0.00000000000 0.00000000000 0.00000000000 0.00000000000 0.00000000000 0.00000000000 0.00000000000 0.00000000000 0.00000000000 0.00000000000 0.00000000000 0.00000000000 0.00000000000
