# Number of parameters = 79 Objective function value = 22729.6606681368  Maximum gradient component = 0.000136153524858879
# srv_sel50:
0.151025275901
# srv_sel95:
2.15040361963
# stNatLen:
 10.3802809518 9.78965038191 8.57974196596 7.58017317008 6.83808978768 6.28675867635 5.86664272417 5.53907473458 5.28031303398 5.07551273334 4.91507778171 4.79264313531 4.70395171976 4.64621430920 4.61774113692
# log_avg_fmort_dir:
0.676576402254
# fmort_dir_dev:
 -0.0758748455327 -0.0535400541208 -0.223347688011 -0.217844449318 -0.0979189313881 -0.0411605602660 0.0474108682520 0.0261633040923 -0.270277410518 0.0479152189178 0.288209285673 -0.111434890654 -0.0114848839275 0.206922146957 0.202845560998 0.232901354847 0.0876842320096 0.241277411214 0.248994513366 0.169653268086 0.255947125115 0.192261807534 0.192093152944 0.130322199753 0.120693575200 0.125244421870 0.237776998165 0.114170378700 -2.06560310996
# mean_log_rec:
12.4027518367
# rec_dev:
 -1.90874777949 -1.67481242842 -1.39213367861 -1.10313542202 -1.11295097601 -1.34509447128 -0.985349829000 -0.168983681242 -0.203096431391 -0.274574151048 0.363699104104 0.680691383327 0.589760079262 0.304426518156 0.224091600162 0.378372981501 0.288945847870 0.359976385467 0.349127319824 0.430495416400 0.559957093486 0.512399648453 0.648943743299 0.652440619287 0.527916422346 0.520279956812 0.644754495819 1.06630011807 1.06630011487
# log_avg_NatM:
-0.940144300000
# m_dev:
 0.00000000000 0.00000000000 0.00000000000 0.00000000000 0.00000000000 0.00000000000 0.00000000000 0.00000000000 0.00000000000 0.00000000000 0.00000000000 0.00000000000 0.00000000000 0.00000000000 0.00000000000 0.00000000000 0.00000000000 0.00000000000 0.00000000000 0.00000000000 0.00000000000 0.00000000000 0.00000000000 0.00000000000 0.00000000000 0.00000000000 0.00000000000 0.00000000000 0.00000000000
# log_avg_GrowthK:
-1.02151300000
# log_avg_Linf:
3.36611700000
# GrowthK_dev:
 0.00000000000 0.00000000000 0.00000000000 0.00000000000 0.00000000000 0.00000000000 0.00000000000 0.00000000000 0.00000000000 0.00000000000 0.00000000000 0.00000000000 0.00000000000 0.00000000000 0.00000000000 0.00000000000 0.00000000000 0.00000000000 0.00000000000 0.00000000000 0.00000000000 0.00000000000 0.00000000000 0.00000000000 0.00000000000 0.00000000000 0.00000000000 0.00000000000 0.00000000000
# Linf_dev:
 0.00000000000 0.00000000000 0.00000000000 0.00000000000 0.00000000000 0.00000000000 0.00000000000 0.00000000000 0.00000000000 0.00000000000 0.00000000000 0.00000000000 0.00000000000 0.00000000000 0.00000000000 0.00000000000 0.00000000000 0.00000000000 0.00000000000 0.00000000000 0.00000000000 0.00000000000 0.00000000000 0.00000000000 0.00000000000 0.00000000000 0.00000000000 0.00000000000 0.00000000000
# SelPars50:
1.68864590138
# SelPars95:
2.73261758432
# SelPars_dev50:
 0.00000000000 0.00000000000 0.00000000000 0.00000000000 0.00000000000 0.00000000000 0.00000000000 0.00000000000 0.00000000000 0.00000000000 0.00000000000 0.00000000000 0.00000000000 0.00000000000 0.00000000000 0.00000000000 0.00000000000 0.00000000000 0.00000000000 0.00000000000 0.00000000000 0.00000000000 0.00000000000 0.00000000000 0.00000000000 0.00000000000 0.00000000000 0.00000000000 0.00000000000
# SelPars_dev95:
 0.00000000000 0.00000000000 0.00000000000 0.00000000000 0.00000000000 0.00000000000 0.00000000000 0.00000000000 0.00000000000 0.00000000000 0.00000000000 0.00000000000 0.00000000000 0.00000000000 0.00000000000 0.00000000000 0.00000000000 0.00000000000 0.00000000000 0.00000000000 0.00000000000 0.00000000000 0.00000000000 0.00000000000 0.00000000000 0.00000000000 0.00000000000 0.00000000000 0.00000000000
