# Number of parameters = 79 Objective function value = 22895.2940984796  Maximum gradient component = 0.000868640228879698
# srv_sel50:
1.04402549699
# srv_sel95:
1.91700571754
# stNatLen:
 10.6361626496 10.2673212700 8.46157968932 7.14860260744 6.29947128246 5.71464979979 5.28142267400 4.94729848140 4.68460976213 4.47716982688 4.31484363734 4.19102250327 4.10133100539 4.04291567069 4.01407566283
# log_avg_fmort_dir:
0.285383712108
# fmort_dir_dev:
 -0.593837097597 -0.223131894676 -0.244525533483 -0.164601822980 -0.0842316341638 0.0428533120946 0.122702324233 0.128421617560 0.262828702859 0.325411559308 0.346779952834 0.390902786874 0.513845769758 0.447450987152 0.471579565276 0.514484601627 0.638009139718 0.553136183416 0.694968507922 0.737716557355 0.681452977936 0.800709795251 0.798264204768 0.839166092983 0.844672693978 0.826883212403 0.830269011384 0.843392872446 -11.3455744462
# mean_log_rec:
13.2962364015
# rec_dev:
 -2.24795516262 -1.76875421117 -1.58866108342 -1.33513100695 -1.06844150329 -0.948222587564 -0.771552200670 -0.513011305629 -0.126814591047 0.00996893279380 0.245228580252 0.610064544703 0.648942911376 0.424962236791 0.400260025008 0.405584315675 0.355864479811 0.479151923461 0.384136839744 0.508834196725 0.585562499923 0.547268930591 0.718517554946 0.786969736323 0.759314709906 0.697503172851 0.404987620862 0.697710138074 0.697710302549
# log_avg_NatM:
-1.37331700000
# m_dev:
 0.00000000000 0.00000000000 0.00000000000 0.00000000000 0.00000000000 0.00000000000 0.00000000000 0.00000000000 0.00000000000 0.00000000000 0.00000000000 0.00000000000 0.00000000000 0.00000000000 0.00000000000 0.00000000000 0.00000000000 0.00000000000 0.00000000000 0.00000000000 0.00000000000 0.00000000000 0.00000000000 0.00000000000 0.00000000000 0.00000000000 0.00000000000 0.00000000000 0.00000000000
# log_avg_GrowthK:
-1.18630400000
# log_avg_Linf:
3.44583300000
# GrowthK_dev:
 0.00000000000 0.00000000000 0.00000000000 0.00000000000 0.00000000000 0.00000000000 0.00000000000 0.00000000000 0.00000000000 0.00000000000 0.00000000000 0.00000000000 0.00000000000 0.00000000000 0.00000000000 0.00000000000 0.00000000000 0.00000000000 0.00000000000 0.00000000000 0.00000000000 0.00000000000 0.00000000000 0.00000000000 0.00000000000 0.00000000000 0.00000000000 0.00000000000 0.00000000000
# Linf_dev:
 0.00000000000 0.00000000000 0.00000000000 0.00000000000 0.00000000000 0.00000000000 0.00000000000 0.00000000000 0.00000000000 0.00000000000 0.00000000000 0.00000000000 0.00000000000 0.00000000000 0.00000000000 0.00000000000 0.00000000000 0.00000000000 0.00000000000 0.00000000000 0.00000000000 0.00000000000 0.00000000000 0.00000000000 0.00000000000 0.00000000000 0.00000000000 0.00000000000 0.00000000000
# SelPars50:
1.22859963800
# SelPars95:
1.82722647395
# SelPars_dev50:
 0.00000000000 0.00000000000 0.00000000000 0.00000000000 0.00000000000 0.00000000000 0.00000000000 0.00000000000 0.00000000000 0.00000000000 0.00000000000 0.00000000000 0.00000000000 0.00000000000 0.00000000000 0.00000000000 0.00000000000 0.00000000000 0.00000000000 0.00000000000 0.00000000000 0.00000000000 0.00000000000 0.00000000000 0.00000000000 0.00000000000 0.00000000000 0.00000000000 0.00000000000
# SelPars_dev95:
 0.00000000000 0.00000000000 0.00000000000 0.00000000000 0.00000000000 0.00000000000 0.00000000000 0.00000000000 0.00000000000 0.00000000000 0.00000000000 0.00000000000 0.00000000000 0.00000000000 0.00000000000 0.00000000000 0.00000000000 0.00000000000 0.00000000000 0.00000000000 0.00000000000 0.00000000000 0.00000000000 0.00000000000 0.00000000000 0.00000000000 0.00000000000 0.00000000000 0.00000000000
