# Number of parameters = 79 Objective function value = 28148.8187461673  Maximum gradient component = 0.000821392017530973
# srv_sel50:
0.821620229166
# srv_sel95:
0.963976187798
# stNatLen:
 10.8751714336 10.2786505372 9.69927007270 9.06048962394 8.44679791411 7.91590518379 7.47602836255 7.11719062013 6.82670899012 6.59369688708 6.40977288016 6.26877640125 6.16635655957 6.09961617721 6.06673966383
# log_avg_fmort_dir:
-0.602811034141
# fmort_dir_dev:
 -1.14593402283 -0.800292721613 -0.754844344051 -0.707914762907 -0.673481147738 -0.565380391399 -0.0963053550126 -0.316989725029 -0.157551530547 -0.0524760083393 0.0486625492724 0.0969579122501 0.373877341150 0.141441700290 0.517954056905 0.466321152667 0.454295522066 0.178889748654 0.194390069490 0.268037280251 0.384473259192 0.366775596072 0.295755668863 0.259653861033 0.206183126088 0.443413148366 0.184484639543 0.222714138491 0.166889238823
# mean_log_rec:
13.1780653423
# rec_dev:
 -3.32564858523 -3.93785339846 -2.37970076265 -1.18324631652 -1.06582494920 -0.924217937900 -0.660684214840 -0.216507543120 -0.0533814035039 0.233663380396 0.425520923206 0.628514137836 0.637754453755 0.636356429601 0.560516660913 0.679429932622 0.537228795411 0.573272985784 0.639140894395 0.684255467403 0.727162687742 0.751889839961 0.798989768983 0.943318837894 0.892483037347 0.668586082405 0.798946511516 0.965017238920 0.965017045328
# log_avg_NatM:
-0.940144300000
# m_dev:
 0.00000000000 0.00000000000 0.00000000000 0.00000000000 0.00000000000 0.00000000000 0.00000000000 0.00000000000 0.00000000000 0.00000000000 0.00000000000 0.00000000000 0.00000000000 0.00000000000 0.00000000000 0.00000000000 0.00000000000 0.00000000000 0.00000000000 0.00000000000 0.00000000000 0.00000000000 0.00000000000 0.00000000000 0.00000000000 0.00000000000 0.00000000000 0.00000000000 0.00000000000
# log_avg_GrowthK:
-1.02151300000
# log_avg_Linf:
3.36611700000
# GrowthK_dev:
 0.00000000000 0.00000000000 0.00000000000 0.00000000000 0.00000000000 0.00000000000 0.00000000000 0.00000000000 0.00000000000 0.00000000000 0.00000000000 0.00000000000 0.00000000000 0.00000000000 0.00000000000 0.00000000000 0.00000000000 0.00000000000 0.00000000000 0.00000000000 0.00000000000 0.00000000000 0.00000000000 0.00000000000 0.00000000000 0.00000000000 0.00000000000 0.00000000000 0.00000000000
# Linf_dev:
 0.00000000000 0.00000000000 0.00000000000 0.00000000000 0.00000000000 0.00000000000 0.00000000000 0.00000000000 0.00000000000 0.00000000000 0.00000000000 0.00000000000 0.00000000000 0.00000000000 0.00000000000 0.00000000000 0.00000000000 0.00000000000 0.00000000000 0.00000000000 0.00000000000 0.00000000000 0.00000000000 0.00000000000 0.00000000000 0.00000000000 0.00000000000 0.00000000000 0.00000000000
# SelPars50:
0.393791298747
# SelPars95:
2.72668282499
# SelPars_dev50:
 0.00000000000 0.00000000000 0.00000000000 0.00000000000 0.00000000000 0.00000000000 0.00000000000 0.00000000000 0.00000000000 0.00000000000 0.00000000000 0.00000000000 0.00000000000 0.00000000000 0.00000000000 0.00000000000 0.00000000000 0.00000000000 0.00000000000 0.00000000000 0.00000000000 0.00000000000 0.00000000000 0.00000000000 0.00000000000 0.00000000000 0.00000000000 0.00000000000 0.00000000000
# SelPars_dev95:
 0.00000000000 0.00000000000 0.00000000000 0.00000000000 0.00000000000 0.00000000000 0.00000000000 0.00000000000 0.00000000000 0.00000000000 0.00000000000 0.00000000000 0.00000000000 0.00000000000 0.00000000000 0.00000000000 0.00000000000 0.00000000000 0.00000000000 0.00000000000 0.00000000000 0.00000000000 0.00000000000 0.00000000000 0.00000000000 0.00000000000 0.00000000000 0.00000000000 0.00000000000
