# Number of parameters = 106 Objective function value = 21610.1131513479  Maximum gradient component = 0.000928249065380493
# srv_sel50:
2.01466602649
# srv_sel95:
3.40289215112
# stNatLen:
 11.3930377196 10.7638800653 9.20004340668 7.95945354894 7.11972235097 6.52817162239 6.08407938370 5.73864940730 5.46550614384 5.24892747801 5.07893199331 4.94894863601 4.85460568902 4.79306413602 4.76264506164
# log_avg_fmort_dir:
0.791883650698
# fmort_dir_dev:
 -0.413297313409 -0.683587845886 -0.883753937506 -0.759308965925 -0.446702101388 -0.241987949340 -0.322665708315 -0.267296792839 -0.222940142848 -0.273175295696 -0.171676045466 0.0200335973714 -0.115918261052 -0.0241963629141 0.0883884183867 0.360457934197 0.461378505857 0.315382249363 0.312762445182 0.271999932638 0.246755682838 0.237137180801 0.328647442897 0.423047509608 0.396977263537 0.512812066810 0.577748791177 0.272977701921
# mean_log_rec:
14.8038708811
# rec_dev:
 -2.39642947043 -1.49442720260 -1.39164745906 -1.37107510273 -1.19099522100 -0.939543222510 -0.707639917274 -0.401635802746 0.169522238623 0.184846861014 0.363285132963 0.632037365852 0.616426075144 0.466768199157 0.266274742884 0.185948363719 0.239316119998 0.292105947862 0.386103533196 0.677835983735 0.673421207365 0.745189653237 0.713614708110 0.814073526591 0.719007080663 0.466338965358 0.640638847676 0.640638845206
# log_avg_NatM:
0.288933967081
# m_dev:
 -1.10698598331 -0.600161136490 -0.0882132846836 0.000690640420192 -0.0992835661945 -0.203406458364 -0.123654517633 -0.0669608065934 -0.0737635295307 0.146367077713 0.105822873525 0.147213148693 0.0993779996217 -0.0309643600987 0.116488204965 0.0461606646583 -0.0228863129190 0.0696727837600 0.00352201516180 0.0852619217322 0.260252975748 0.185723755198 0.322988744264 0.203349557150 0.210929206322 0.248484922305 -0.00255783888228 0.166531303461
# log_avg_GrowthK:
-1.18630400000
# log_avg_Linf:
3.44583300000
# GrowthK_dev:
 0.00000000000 0.00000000000 0.00000000000 0.00000000000 0.00000000000 0.00000000000 0.00000000000 0.00000000000 0.00000000000 0.00000000000 0.00000000000 0.00000000000 0.00000000000 0.00000000000 0.00000000000 0.00000000000 0.00000000000 0.00000000000 0.00000000000 0.00000000000 0.00000000000 0.00000000000 0.00000000000 0.00000000000 0.00000000000 0.00000000000 0.00000000000 0.00000000000
# Linf_dev:
 0.00000000000 0.00000000000 0.00000000000 0.00000000000 0.00000000000 0.00000000000 0.00000000000 0.00000000000 0.00000000000 0.00000000000 0.00000000000 0.00000000000 0.00000000000 0.00000000000 0.00000000000 0.00000000000 0.00000000000 0.00000000000 0.00000000000 0.00000000000 0.00000000000 0.00000000000 0.00000000000 0.00000000000 0.00000000000 0.00000000000 0.00000000000 0.00000000000
# SelPars50:
2.01633774378
# SelPars95:
3.15288277296
# SelPars_dev50:
 0.00000000000 0.00000000000 0.00000000000 0.00000000000 0.00000000000 0.00000000000 0.00000000000 0.00000000000 0.00000000000 0.00000000000 0.00000000000 0.00000000000 0.00000000000 0.00000000000 0.00000000000 0.00000000000 0.00000000000 0.00000000000 0.00000000000 0.00000000000 0.00000000000 0.00000000000 0.00000000000 0.00000000000 0.00000000000 0.00000000000 0.00000000000 0.00000000000
# SelPars_dev95:
 0.00000000000 0.00000000000 0.00000000000 0.00000000000 0.00000000000 0.00000000000 0.00000000000 0.00000000000 0.00000000000 0.00000000000 0.00000000000 0.00000000000 0.00000000000 0.00000000000 0.00000000000 0.00000000000 0.00000000000 0.00000000000 0.00000000000 0.00000000000 0.00000000000 0.00000000000 0.00000000000 0.00000000000 0.00000000000 0.00000000000 0.00000000000 0.00000000000
