# Number of parameters = 79 Objective function value = 20321.7428900386  Maximum gradient component = 0.000150889287096368
# srv_sel50:
0.990076554794
# srv_sel95:
1.02375660629
# stNatLen:
 10.7146845971 9.67295979032 8.26874545413 7.30263703422 6.64918863820 6.16915794178 5.79890077662 5.50595086120 5.27164628018 5.08438525142 4.93658025452 4.82312558597 4.74056583589 4.68662218049 4.65992981698
# log_avg_fmort_dir:
0.636722631759
# fmort_dir_dev:
 -0.167052983087 -0.142318329096 -0.164274305180 -0.197872838261 -0.0780763578295 -0.00817681719184 -0.0329367007449 -0.155074703775 -0.107229890279 0.0695031799673 -0.0513169467960 -0.0258011320470 0.00508908067084 0.146044164433 0.132954087363 0.203883901899 0.157783761858 0.210861564721 0.148054215605 0.251027317732 0.201542227394 0.263977657228 0.236287389057 0.261839201912 0.297097975657 0.386577861742 0.323828254586 0.436345139725 -2.60256597726
# mean_log_rec:
13.3148610537
# rec_dev:
 -2.35965881800 -2.01762612742 -1.61864785735 -1.31215806814 -1.41113416657 -1.32256752120 -0.873860492380 -0.440732610600 -0.222053114545 -0.0614266797160 0.290606217095 0.592077000038 0.774408974428 0.621305440103 0.548297309999 0.525871423576 0.503360979177 0.432677327333 0.456933672213 0.485243883895 0.568380889409 0.606531717019 0.723087090059 0.833842782025 0.850344270044 0.757008938675 0.686767379040 0.691560081065 0.691560080727
# log_avg_NatM:
-1.36837500000
# m_dev:
 0.00000000000 0.00000000000 0.00000000000 0.00000000000 0.00000000000 0.00000000000 0.00000000000 0.00000000000 0.00000000000 0.00000000000 0.00000000000 0.00000000000 0.00000000000 0.00000000000 0.00000000000 0.00000000000 0.00000000000 0.00000000000 0.00000000000 0.00000000000 0.00000000000 0.00000000000 0.00000000000 0.00000000000 0.00000000000 0.00000000000 0.00000000000 0.00000000000 0.00000000000
# log_avg_GrowthK:
-1.19613400000
# log_avg_Linf:
3.45239700000
# GrowthK_dev:
 0.00000000000 0.00000000000 0.00000000000 0.00000000000 0.00000000000 0.00000000000 0.00000000000 0.00000000000 0.00000000000 0.00000000000 0.00000000000 0.00000000000 0.00000000000 0.00000000000 0.00000000000 0.00000000000 0.00000000000 0.00000000000 0.00000000000 0.00000000000 0.00000000000 0.00000000000 0.00000000000 0.00000000000 0.00000000000 0.00000000000 0.00000000000 0.00000000000 0.00000000000
# Linf_dev:
 0.00000000000 0.00000000000 0.00000000000 0.00000000000 0.00000000000 0.00000000000 0.00000000000 0.00000000000 0.00000000000 0.00000000000 0.00000000000 0.00000000000 0.00000000000 0.00000000000 0.00000000000 0.00000000000 0.00000000000 0.00000000000 0.00000000000 0.00000000000 0.00000000000 0.00000000000 0.00000000000 0.00000000000 0.00000000000 0.00000000000 0.00000000000 0.00000000000 0.00000000000
# SelPars50:
1.00962660345
# SelPars95:
1.12188374863
# SelPars_dev50:
 0.00000000000 0.00000000000 0.00000000000 0.00000000000 0.00000000000 0.00000000000 0.00000000000 0.00000000000 0.00000000000 0.00000000000 0.00000000000 0.00000000000 0.00000000000 0.00000000000 0.00000000000 0.00000000000 0.00000000000 0.00000000000 0.00000000000 0.00000000000 0.00000000000 0.00000000000 0.00000000000 0.00000000000 0.00000000000 0.00000000000 0.00000000000 0.00000000000 0.00000000000
# SelPars_dev95:
 0.00000000000 0.00000000000 0.00000000000 0.00000000000 0.00000000000 0.00000000000 0.00000000000 0.00000000000 0.00000000000 0.00000000000 0.00000000000 0.00000000000 0.00000000000 0.00000000000 0.00000000000 0.00000000000 0.00000000000 0.00000000000 0.00000000000 0.00000000000 0.00000000000 0.00000000000 0.00000000000 0.00000000000 0.00000000000 0.00000000000 0.00000000000 0.00000000000 0.00000000000
