# Number of parameters = 79 Objective function value = 28129.0177882373  Maximum gradient component = 0.000408243188247169
# srv_sel50:
0.948437184398
# srv_sel95:
1.00111446138
# stNatLen:
 10.9987497073 10.2918263331 9.64307844567 8.98327683141 8.37373243617 7.85473360927 7.42742632637 7.07968094424 6.79839427647 6.57278571980 6.39469627097 6.25818174099 6.15903867580 6.09445975813 6.06264286690
# log_avg_fmort_dir:
-0.611999364890
# fmort_dir_dev:
 -1.06813329433 -0.799418535942 -0.840468704463 -0.638984404934 -0.756516138661 -0.675989568733 -0.408255892454 -0.366715623159 -0.139198239049 0.127109064349 -0.0930671915209 0.232349213278 0.283767284636 0.168293689773 0.498014509534 0.412650111334 0.229178080159 0.292372458832 0.253286940286 0.399635349351 0.430510994050 0.233450744636 0.315138271108 0.338740218759 0.476470728418 0.147850213738 0.263902393048 0.258121540883 0.425905787070
# mean_log_rec:
13.1955954486
# rec_dev:
 -3.16249048671 -3.91208295617 -2.38597519277 -1.21436266738 -0.979034607242 -0.926007872441 -0.664932085156 -0.207514970335 0.0331972138590 0.301031962034 0.629161607311 0.845803670634 0.860257863206 0.767777449681 0.641645052304 0.682616183413 0.696888532458 0.630135263669 0.610980732793 0.611584853344 0.579691646976 0.690412758122 0.777226557942 0.748935958972 0.607696808488 0.606914840618 0.657246195914 0.736597839974 0.736597846489
# log_avg_NatM:
-0.940144300000
# m_dev:
 0.00000000000 0.00000000000 0.00000000000 0.00000000000 0.00000000000 0.00000000000 0.00000000000 0.00000000000 0.00000000000 0.00000000000 0.00000000000 0.00000000000 0.00000000000 0.00000000000 0.00000000000 0.00000000000 0.00000000000 0.00000000000 0.00000000000 0.00000000000 0.00000000000 0.00000000000 0.00000000000 0.00000000000 0.00000000000 0.00000000000 0.00000000000 0.00000000000 0.00000000000
# log_avg_GrowthK:
-1.02151300000
# log_avg_Linf:
3.36611700000
# GrowthK_dev:
 0.00000000000 0.00000000000 0.00000000000 0.00000000000 0.00000000000 0.00000000000 0.00000000000 0.00000000000 0.00000000000 0.00000000000 0.00000000000 0.00000000000 0.00000000000 0.00000000000 0.00000000000 0.00000000000 0.00000000000 0.00000000000 0.00000000000 0.00000000000 0.00000000000 0.00000000000 0.00000000000 0.00000000000 0.00000000000 0.00000000000 0.00000000000 0.00000000000 0.00000000000
# Linf_dev:
 0.00000000000 0.00000000000 0.00000000000 0.00000000000 0.00000000000 0.00000000000 0.00000000000 0.00000000000 0.00000000000 0.00000000000 0.00000000000 0.00000000000 0.00000000000 0.00000000000 0.00000000000 0.00000000000 0.00000000000 0.00000000000 0.00000000000 0.00000000000 0.00000000000 0.00000000000 0.00000000000 0.00000000000 0.00000000000 0.00000000000 0.00000000000 0.00000000000 0.00000000000
# SelPars50:
0.506792639566
# SelPars95:
2.11245595438
# SelPars_dev50:
 0.00000000000 0.00000000000 0.00000000000 0.00000000000 0.00000000000 0.00000000000 0.00000000000 0.00000000000 0.00000000000 0.00000000000 0.00000000000 0.00000000000 0.00000000000 0.00000000000 0.00000000000 0.00000000000 0.00000000000 0.00000000000 0.00000000000 0.00000000000 0.00000000000 0.00000000000 0.00000000000 0.00000000000 0.00000000000 0.00000000000 0.00000000000 0.00000000000 0.00000000000
# SelPars_dev95:
 0.00000000000 0.00000000000 0.00000000000 0.00000000000 0.00000000000 0.00000000000 0.00000000000 0.00000000000 0.00000000000 0.00000000000 0.00000000000 0.00000000000 0.00000000000 0.00000000000 0.00000000000 0.00000000000 0.00000000000 0.00000000000 0.00000000000 0.00000000000 0.00000000000 0.00000000000 0.00000000000 0.00000000000 0.00000000000 0.00000000000 0.00000000000 0.00000000000 0.00000000000
