# Number of parameters = 78 Objective function value = 22935.8355523800  Maximum gradient component = 0.0229874190394891
# srv_sel50:
1.01653548493
# srv_sel95:
1.13461787319
# stNatLen:
 10.6005057696 9.20299627926 7.80462673362 6.73816439838 5.96360949809 5.38671780828 4.94293034912 4.59366126620 4.31564751812 4.09427860377 3.92001636686 3.78648004202 3.68938807603 3.62595645876 3.59455794400
# log_avg_fmort_dir:
0.526585173953
# fmort_dir_dev:
 -1.06541076121 -0.517531762103 -0.410444261399 -0.670830586266 -0.541413189634 -0.363480418821 -0.0587770574558 -0.206915743155 -0.182672099796 -0.199385712440 -0.245956183328 -0.156039791272 -0.0187829477442 0.177377299094 0.333856690288 0.303788792301 0.302989012953 0.265389716292 0.320137217625 0.206812341945 0.232898998081 0.268827659375 0.361001965713 0.554217435861 0.580793673994 0.484626465263 0.416949595916 -0.172026350075
# mean_log_rec:
14.0945804733
# rec_dev:
 -2.81992485326 -2.15028210693 -1.60441389922 -1.02474641492 -1.12667288885 -1.27391253339 -0.758467493536 -0.305373207444 -0.0417204124031 0.118727819297 0.359205382437 0.677741107068 0.714983385973 0.501325172627 0.359537629403 0.348868463814 0.344328580530 0.386938149016 0.429823274492 0.511497083345 0.595288697432 0.727320688421 0.765646622855 0.710778726909 0.707066395113 0.834112290303 1.00616217109 1.00616216983
# log_avg_NatM:
0.0210871261219
# m_dev:
 0.00000000000 0.00000000000 0.00000000000 0.00000000000 0.00000000000 0.00000000000 0.00000000000 0.00000000000 0.00000000000 0.00000000000 0.00000000000 0.00000000000 0.00000000000 0.00000000000 0.00000000000 0.00000000000 0.00000000000 0.00000000000 0.00000000000 0.00000000000 0.00000000000 0.00000000000 0.00000000000 0.00000000000 0.00000000000 0.00000000000 0.00000000000 0.00000000000
# log_avg_GrowthK:
-1.20372700000
# log_avg_Linf:
3.45755400000
# GrowthK_dev:
 0.00000000000 0.00000000000 0.00000000000 0.00000000000 0.00000000000 0.00000000000 0.00000000000 0.00000000000 0.00000000000 0.00000000000 0.00000000000 0.00000000000 0.00000000000 0.00000000000 0.00000000000 0.00000000000 0.00000000000 0.00000000000 0.00000000000 0.00000000000 0.00000000000 0.00000000000 0.00000000000 0.00000000000 0.00000000000 0.00000000000 0.00000000000 0.00000000000
# Linf_dev:
 0.00000000000 0.00000000000 0.00000000000 0.00000000000 0.00000000000 0.00000000000 0.00000000000 0.00000000000 0.00000000000 0.00000000000 0.00000000000 0.00000000000 0.00000000000 0.00000000000 0.00000000000 0.00000000000 0.00000000000 0.00000000000 0.00000000000 0.00000000000 0.00000000000 0.00000000000 0.00000000000 0.00000000000 0.00000000000 0.00000000000 0.00000000000 0.00000000000
# SelPars50:
1.05143826963
# SelPars95:
1.17893271025
# SelPars_dev50:
 0.00000000000 0.00000000000 0.00000000000 0.00000000000 0.00000000000 0.00000000000 0.00000000000 0.00000000000 0.00000000000 0.00000000000 0.00000000000 0.00000000000 0.00000000000 0.00000000000 0.00000000000 0.00000000000 0.00000000000 0.00000000000 0.00000000000 0.00000000000 0.00000000000 0.00000000000 0.00000000000 0.00000000000 0.00000000000 0.00000000000 0.00000000000 0.00000000000
# SelPars_dev95:
 0.00000000000 0.00000000000 0.00000000000 0.00000000000 0.00000000000 0.00000000000 0.00000000000 0.00000000000 0.00000000000 0.00000000000 0.00000000000 0.00000000000 0.00000000000 0.00000000000 0.00000000000 0.00000000000 0.00000000000 0.00000000000 0.00000000000 0.00000000000 0.00000000000 0.00000000000 0.00000000000 0.00000000000 0.00000000000 0.00000000000 0.00000000000 0.00000000000
