# Number of parameters = 80 Objective function value = 22438.7167993534  Maximum gradient component = 0.000345636629440296
# srv_sel50:
1.48294630602
# srv_sel95:
3.00352252974
# stNatLen:
 11.1579700005 10.4312293194 8.52934992804 7.16656312760 6.27650307845 5.65692102377 5.19458578006 4.83628037412 4.55363494725 4.32988764997 4.15446179273 4.02042557851 3.92318369076 3.85976040456 3.82840831589
# log_avg_fmort_dir:
0.679061819015
# fmort_dir_dev:
 -1.36648616815 -0.670977772807 -0.756196000238 -0.595321732746 -0.479736814534 -0.476443356776 -0.365772679604 -0.160001590075 -0.105260250773 -0.122187550309 -0.0401583030052 0.00631905516001 0.105021621546 0.00150883039394 0.196605232285 0.160203386757 0.268031399086 0.253912922136 0.285738255078 0.307177442359 0.442674370852 0.351975754193 0.433621251943 0.461670074927 0.482734737596 0.553088858908 0.593880317383 0.642280897263 -0.407902188853
# mean_log_rec:
13.6905453613
# rec_dev:
 -2.11696214761 -1.59992466640 -1.42251781986 -1.21623124693 -0.969468201690 -0.819389154698 -0.699647675965 -0.554078866641 -0.144463717447 -0.00228041501626 0.217823797267 0.599759622278 0.618513278427 0.396416189057 0.331479397052 0.349523590471 0.320283982367 0.361403903181 0.275964723940 0.438117116938 0.470447986592 0.532807168550 0.676985709743 0.729887832800 0.748912457070 0.613940054196 0.526985304618 0.667855897756 0.667855899955
# log_avg_NatM:
-0.571507231213
# m_dev:
 0.00000000000 0.00000000000 0.00000000000 0.00000000000 0.00000000000 0.00000000000 0.00000000000 0.00000000000 0.00000000000 0.00000000000 0.00000000000 0.00000000000 0.00000000000 0.00000000000 0.00000000000 0.00000000000 0.00000000000 0.00000000000 0.00000000000 0.00000000000 0.00000000000 0.00000000000 0.00000000000 0.00000000000 0.00000000000 0.00000000000 0.00000000000 0.00000000000 0.00000000000
# log_avg_GrowthK:
-1.18630400000
# log_avg_Linf:
3.44583300000
# GrowthK_dev:
 0.00000000000 0.00000000000 0.00000000000 0.00000000000 0.00000000000 0.00000000000 0.00000000000 0.00000000000 0.00000000000 0.00000000000 0.00000000000 0.00000000000 0.00000000000 0.00000000000 0.00000000000 0.00000000000 0.00000000000 0.00000000000 0.00000000000 0.00000000000 0.00000000000 0.00000000000 0.00000000000 0.00000000000 0.00000000000 0.00000000000 0.00000000000 0.00000000000 0.00000000000
# Linf_dev:
 0.00000000000 0.00000000000 0.00000000000 0.00000000000 0.00000000000 0.00000000000 0.00000000000 0.00000000000 0.00000000000 0.00000000000 0.00000000000 0.00000000000 0.00000000000 0.00000000000 0.00000000000 0.00000000000 0.00000000000 0.00000000000 0.00000000000 0.00000000000 0.00000000000 0.00000000000 0.00000000000 0.00000000000 0.00000000000 0.00000000000 0.00000000000 0.00000000000 0.00000000000
# SelPars50:
1.46584119644
# SelPars95:
2.35188511603
# SelPars_dev50:
 0.00000000000 0.00000000000 0.00000000000 0.00000000000 0.00000000000 0.00000000000 0.00000000000 0.00000000000 0.00000000000 0.00000000000 0.00000000000 0.00000000000 0.00000000000 0.00000000000 0.00000000000 0.00000000000 0.00000000000 0.00000000000 0.00000000000 0.00000000000 0.00000000000 0.00000000000 0.00000000000 0.00000000000 0.00000000000 0.00000000000 0.00000000000 0.00000000000 0.00000000000
# SelPars_dev95:
 0.00000000000 0.00000000000 0.00000000000 0.00000000000 0.00000000000 0.00000000000 0.00000000000 0.00000000000 0.00000000000 0.00000000000 0.00000000000 0.00000000000 0.00000000000 0.00000000000 0.00000000000 0.00000000000 0.00000000000 0.00000000000 0.00000000000 0.00000000000 0.00000000000 0.00000000000 0.00000000000 0.00000000000 0.00000000000 0.00000000000 0.00000000000 0.00000000000 0.00000000000
