# Number of parameters = 78 Objective function value = 19336.5923449407  Maximum gradient component = 0.00324345805147051
# srv_sel50:
2.88042612258
# srv_sel95:
6.19905174090
# stNatLen:
 12.4318494214 10.5233550711 9.06984113165 8.04685261155 7.31073636963 6.76095493025 6.33718529917 6.00382674580 5.73899475095 5.52866103184 5.36353610158 5.23734563106 5.14584241609 5.08622634970 5.05680456850
# log_avg_fmort_dir:
0.594750543830
# fmort_dir_dev:
 -0.142053154595 0.0675854385634 -0.0340878425978 -0.117384332368 -0.288916113055 -0.0827016945061 -0.157167255860 -0.296082957835 -0.512858026639 -0.190144203651 -0.0541518238233 -0.0241024770681 0.103749445099 0.133836541898 0.220620744154 0.227919159732 0.213065699992 0.133086246221 0.0739120281312 0.0464337650896 0.0599064331327 -0.0177606003297 -0.0238890798922 0.100547296504 0.0346705772678 0.129905900385 0.104106921120 0.291953364932
# mean_log_rec:
14.8761368528
# rec_dev:
 -2.08646109995 -2.04763438567 -1.97636664096 -1.61477464083 -1.44363113085 -1.36781553947 -0.957745059078 -0.345089561691 -0.0245978916779 0.107668495142 0.319564210606 0.610130526247 0.705776065783 0.640053095646 0.533518907899 0.502196004983 0.505958217932 0.528144572728 0.589276317867 0.673728383449 0.757355756026 0.783709975381 0.858238831629 0.889209767900 0.906574094528 0.704699867803 0.624156425512 0.624156433121
# log_avg_NatM:
0.576944678194
# m_dev:
 0.00000000000 0.00000000000 0.00000000000 0.00000000000 0.00000000000 0.00000000000 0.00000000000 0.00000000000 0.00000000000 0.00000000000 0.00000000000 0.00000000000 0.00000000000 0.00000000000 0.00000000000 0.00000000000 0.00000000000 0.00000000000 0.00000000000 0.00000000000 0.00000000000 0.00000000000 0.00000000000 0.00000000000 0.00000000000 0.00000000000 0.00000000000 0.00000000000
# log_avg_GrowthK:
-1.02151300000
# log_avg_Linf:
3.36611700000
# GrowthK_dev:
 0.00000000000 0.00000000000 0.00000000000 0.00000000000 0.00000000000 0.00000000000 0.00000000000 0.00000000000 0.00000000000 0.00000000000 0.00000000000 0.00000000000 0.00000000000 0.00000000000 0.00000000000 0.00000000000 0.00000000000 0.00000000000 0.00000000000 0.00000000000 0.00000000000 0.00000000000 0.00000000000 0.00000000000 0.00000000000 0.00000000000 0.00000000000 0.00000000000
# Linf_dev:
 0.00000000000 0.00000000000 0.00000000000 0.00000000000 0.00000000000 0.00000000000 0.00000000000 0.00000000000 0.00000000000 0.00000000000 0.00000000000 0.00000000000 0.00000000000 0.00000000000 0.00000000000 0.00000000000 0.00000000000 0.00000000000 0.00000000000 0.00000000000 0.00000000000 0.00000000000 0.00000000000 0.00000000000 0.00000000000 0.00000000000 0.00000000000 0.00000000000
# SelPars50:
2.66153288627
# SelPars95:
5.33004354648
# SelPars_dev50:
 0.00000000000 0.00000000000 0.00000000000 0.00000000000 0.00000000000 0.00000000000 0.00000000000 0.00000000000 0.00000000000 0.00000000000 0.00000000000 0.00000000000 0.00000000000 0.00000000000 0.00000000000 0.00000000000 0.00000000000 0.00000000000 0.00000000000 0.00000000000 0.00000000000 0.00000000000 0.00000000000 0.00000000000 0.00000000000 0.00000000000 0.00000000000 0.00000000000
# SelPars_dev95:
 0.00000000000 0.00000000000 0.00000000000 0.00000000000 0.00000000000 0.00000000000 0.00000000000 0.00000000000 0.00000000000 0.00000000000 0.00000000000 0.00000000000 0.00000000000 0.00000000000 0.00000000000 0.00000000000 0.00000000000 0.00000000000 0.00000000000 0.00000000000 0.00000000000 0.00000000000 0.00000000000 0.00000000000 0.00000000000 0.00000000000 0.00000000000 0.00000000000
