# Number of parameters = 106 Objective function value = 21607.8166908014  Maximum gradient component = 0.000780824271943887
# srv_sel50:
2.02987528218
# srv_sel95:
3.50525474775
# stNatLen:
 11.2784703653 10.6165526380 8.94433354458 7.66084373872 6.80196314760 6.19946819220 5.74814420558 5.39754793293 5.12055313110 4.90104376602 4.72881152757 4.59714714257 4.50159293974 4.43925798956 4.40843356239
# log_avg_fmort_dir:
0.804177573141
# fmort_dir_dev:
 -0.618210251598 -0.530059082672 -0.763271862093 -0.560929415406 -0.528186072676 -0.527239796516 -0.393862538969 -0.342606467302 -0.206286512427 -0.172254908071 -0.259032048705 -0.205067534475 0.129793598623 0.204764373278 0.281900652497 0.303535459319 0.252682690311 0.185634265433 0.282934521799 0.153523378008 0.348761116887 0.376922287402 0.290870300059 0.342752462638 0.404697877355 0.631019709023 0.555615748676 0.361598049600
# mean_log_rec:
14.6034745359
# rec_dev:
 -2.40863652137 -1.65406817592 -1.46169954232 -1.31252284633 -0.965967858300 -0.854003540629 -0.664940256286 -0.381605161698 0.102727523714 0.0836589820638 0.483348889007 0.592275410125 0.470869264051 0.165479370910 0.309169222445 0.391748384788 0.386326531030 0.395290902412 0.526037334641 0.494663993626 0.546057282879 0.660181048754 0.950105611434 0.922292570010 0.609951752954 0.511786948100 0.550736435324 0.550736444586
# log_avg_NatM:
0.194560242977
# m_dev:
 -1.10323181751 -0.486628327158 -0.210105044886 -0.0961871753344 -0.169479561692 -0.0150431934055 -0.0456609046490 -0.0300655974060 -0.0266176852225 0.196443531713 -0.0167003460541 0.261337696082 0.0793524695840 0.00248588482403 -0.220136728069 -0.0316047521134 0.0889014155787 0.140311913124 -0.0267089741088 0.304325934100 0.170675286275 0.146302931896 0.149958078668 0.301528801275 0.332436082033 0.0989260050048 0.0656341865880 0.139549890858
# log_avg_GrowthK:
-1.18630400000
# log_avg_Linf:
3.44583300000
# GrowthK_dev:
 0.00000000000 0.00000000000 0.00000000000 0.00000000000 0.00000000000 0.00000000000 0.00000000000 0.00000000000 0.00000000000 0.00000000000 0.00000000000 0.00000000000 0.00000000000 0.00000000000 0.00000000000 0.00000000000 0.00000000000 0.00000000000 0.00000000000 0.00000000000 0.00000000000 0.00000000000 0.00000000000 0.00000000000 0.00000000000 0.00000000000 0.00000000000 0.00000000000
# Linf_dev:
 0.00000000000 0.00000000000 0.00000000000 0.00000000000 0.00000000000 0.00000000000 0.00000000000 0.00000000000 0.00000000000 0.00000000000 0.00000000000 0.00000000000 0.00000000000 0.00000000000 0.00000000000 0.00000000000 0.00000000000 0.00000000000 0.00000000000 0.00000000000 0.00000000000 0.00000000000 0.00000000000 0.00000000000 0.00000000000 0.00000000000 0.00000000000 0.00000000000
# SelPars50:
1.94743008791
# SelPars95:
3.07515885709
# SelPars_dev50:
 0.00000000000 0.00000000000 0.00000000000 0.00000000000 0.00000000000 0.00000000000 0.00000000000 0.00000000000 0.00000000000 0.00000000000 0.00000000000 0.00000000000 0.00000000000 0.00000000000 0.00000000000 0.00000000000 0.00000000000 0.00000000000 0.00000000000 0.00000000000 0.00000000000 0.00000000000 0.00000000000 0.00000000000 0.00000000000 0.00000000000 0.00000000000 0.00000000000
# SelPars_dev95:
 0.00000000000 0.00000000000 0.00000000000 0.00000000000 0.00000000000 0.00000000000 0.00000000000 0.00000000000 0.00000000000 0.00000000000 0.00000000000 0.00000000000 0.00000000000 0.00000000000 0.00000000000 0.00000000000 0.00000000000 0.00000000000 0.00000000000 0.00000000000 0.00000000000 0.00000000000 0.00000000000 0.00000000000 0.00000000000 0.00000000000 0.00000000000 0.00000000000
