# Number of parameters = 79 Objective function value = 21667.6878360453  Maximum gradient component = 0.000941114819096932
# srv_sel50:
1.12255946948
# srv_sel95:
2.36083247951
# stNatLen:
 11.4454267912 11.0454259350 9.20825216583 7.94483924006 7.12620250133 6.55433978873 6.12690321089 5.79541686298 5.53385531466 5.32679291524 5.16448140823 5.04052245825 4.95066287869 4.89213489337 4.86327347025
# log_avg_fmort_dir:
0.702349683556
# fmort_dir_dev:
 -0.638857331206 -0.708956676671 -0.643726300478 -0.584507345461 -0.478991842366 -0.493347944636 -0.298505268665 -0.284363432932 -0.279544595026 -0.0681463254805 -0.0513735148921 0.00441539320933 -0.0931884197724 0.0761951913159 0.0300586455568 0.155709750895 0.213477285172 0.240485912253 0.350579877882 0.422136327450 0.383481905772 0.451607830309 0.482034187886 0.449452448842 0.395867419222 0.637633783137 0.514228027122 0.518757154379 -0.702612142817
# mean_log_rec:
13.5786551079
# rec_dev:
 -1.98667475697 -1.83348542057 -1.72920603707 -1.44966226916 -1.28841590983 -1.10624312415 -0.784094360453 -0.375731695044 -0.125829066083 -0.0494221472817 0.220768278968 0.583045624125 0.678289477131 0.464508174003 0.376682089833 0.412625781944 0.404937284372 0.452022664541 0.429467073404 0.469872033075 0.573529621026 0.589212475985 0.625158973564 0.768188188220 0.828979953026 0.641184475548 0.592202550972 0.809045014237 0.809045052643
# log_avg_NatM:
-1.05607500000
# m_dev:
 0.00000000000 0.00000000000 0.00000000000 0.00000000000 0.00000000000 0.00000000000 0.00000000000 0.00000000000 0.00000000000 0.00000000000 0.00000000000 0.00000000000 0.00000000000 0.00000000000 0.00000000000 0.00000000000 0.00000000000 0.00000000000 0.00000000000 0.00000000000 0.00000000000 0.00000000000 0.00000000000 0.00000000000 0.00000000000 0.00000000000 0.00000000000 0.00000000000 0.00000000000
# log_avg_GrowthK:
-1.18630400000
# log_avg_Linf:
3.44583300000
# GrowthK_dev:
 0.00000000000 0.00000000000 0.00000000000 0.00000000000 0.00000000000 0.00000000000 0.00000000000 0.00000000000 0.00000000000 0.00000000000 0.00000000000 0.00000000000 0.00000000000 0.00000000000 0.00000000000 0.00000000000 0.00000000000 0.00000000000 0.00000000000 0.00000000000 0.00000000000 0.00000000000 0.00000000000 0.00000000000 0.00000000000 0.00000000000 0.00000000000 0.00000000000 0.00000000000
# Linf_dev:
 0.00000000000 0.00000000000 0.00000000000 0.00000000000 0.00000000000 0.00000000000 0.00000000000 0.00000000000 0.00000000000 0.00000000000 0.00000000000 0.00000000000 0.00000000000 0.00000000000 0.00000000000 0.00000000000 0.00000000000 0.00000000000 0.00000000000 0.00000000000 0.00000000000 0.00000000000 0.00000000000 0.00000000000 0.00000000000 0.00000000000 0.00000000000 0.00000000000 0.00000000000
# SelPars50:
1.22978642969
# SelPars95:
1.82763071057
# SelPars_dev50:
 0.00000000000 0.00000000000 0.00000000000 0.00000000000 0.00000000000 0.00000000000 0.00000000000 0.00000000000 0.00000000000 0.00000000000 0.00000000000 0.00000000000 0.00000000000 0.00000000000 0.00000000000 0.00000000000 0.00000000000 0.00000000000 0.00000000000 0.00000000000 0.00000000000 0.00000000000 0.00000000000 0.00000000000 0.00000000000 0.00000000000 0.00000000000 0.00000000000 0.00000000000
# SelPars_dev95:
 0.00000000000 0.00000000000 0.00000000000 0.00000000000 0.00000000000 0.00000000000 0.00000000000 0.00000000000 0.00000000000 0.00000000000 0.00000000000 0.00000000000 0.00000000000 0.00000000000 0.00000000000 0.00000000000 0.00000000000 0.00000000000 0.00000000000 0.00000000000 0.00000000000 0.00000000000 0.00000000000 0.00000000000 0.00000000000 0.00000000000 0.00000000000 0.00000000000 0.00000000000
