#Simulated generalized assessment 
# 
#start/end year 
71 98 
#number of ages 
15 
#ages 
1 2 3 4 5 6 7 8 9 10 11 12 13 14 15 
#Number of length bins 
25 
#CPUE years 
28 
#years for CPUE 
71 72 73 74 75 76 77 78 79 80 81 82 83 84 85 86 87 88 89 90 91 92 93 94 95 96 97 98 
#survey years 
28 
#years for survey 
71 72 73 74 75 76 77 78 79 80 81 82 83 84 85 86 87 88 89 90 91 92 93 94 95 96 97 98 
#length freq from catch years 
28 
#years for length freq catch 
71 72 73 74 75 76 77 78 79 80 81 82 83 84 85 86 87 88 89 90 91 92 93 94 95 96 97 98 
#catch length sample sizes 
200 200 200 200 200 200 200 200 200 200 200 200 200 200 200 200 200 200 200 200 200 200 200 200 200 200 200 200 
#length freq from survey years 
28 
#years for length freq survey 
71 72 73 74 75 76 77 78 79 80 81 82 83 84 85 86 87 88 89 90 91 92 93 94 95 96 97 98 
#survey sample sizes 
200 200 200 200 200 200 200 200 200 200 200 200 200 200 200 200 200 200 200 200 200 200 200 200 200 200 200 200 
#total survey biomass 
8278.544 9695.222 7955.698 8099.788 16899.02 23921.33 14125.02 28675.49 44120.75 60737.1 56240.57 111669.4 127857.1 206503.1 111805.3 157885.3 81455.79 120338.9 98305.74 106901.3 136749.7 96776.8 137425 156141.8 182032.5 240520.9 143428.7 172294.1 
#survey CV 
0.2 0.2 0.2 0.2 0.2 0.2 0.2 0.2 0.2 0.2 0.2 0.2 0.2 0.2 0.2 0.2 0.2 0.2 0.2 0.2 0.2 0.2 0.2 0.2 0.2 0.2 0.2 0.2 
#total CPUE 
7702.148 9879.908 6509.721 7185.599 8927.03 11008.72 16327.24 19313.46 32200.77 50483.23 86673.85 90312.39 114576.4 167424.7 81663.74 94385.89 101610.7 125937.6 127983.8 89701.12 97559.44 130868.2 221945.7 154136.4 155105.8 170724.7 139108.6 139836.6 
#CPUE CV 
0.2 0.2 0.2 0.2 0.2 0.2 0.2 0.2 0.2 0.2 0.2 0.2 0.2 0.2 0.2 0.2 0.2 0.2 0.2 0.2 0.2 0.2 0.2 0.2 0.2 0.2 0.2 0.2 
#total catch biomass 
5347.106 4792.003 5905.1 5766.252 6842.415 10343.41 12090.52 11988.44 18315.61 29502.64 44325.46 58551.35 75029.47 95344.63 117028.4 88342.99 85856.19 83400.88 82326.93 82760.86 83773.14 88292.22 104348.8 99004.39 113231.2 125789.2 116994.3 114304.9 
#catch CV 
0.05 0.05 0.05 0.05 0.05 0.05 0.05 0.05 0.05 0.05 0.05 0.05 0.05 0.05 0.05 0.05 0.05 0.05 0.05 0.05 0.05 0.05 0.05 0.05 0.05 0.05 0.05 0.05 
#Length Bins 
0.6062379 1.818714 3.03119 4.243665 5.456141 6.668617 7.881093 9.093569 10.30604 11.51852 12.731 13.94347 15.15595 16.36842 17.5809 18.79338 20.00585 21.21833 22.4308 23.64328 24.85575 26.06823 27.28071 28.49318 29.70566 
#catch length counts 
5.50896e-35 2.696254e-28 3.033868e-22 7.84833e-17 4.667696e-12 6.382231e-08 0.000200626 0.1449928 24.09076 920.2361 8081.513 16316.81 7593.65 1335.603 3240.341 4533.112 1640.607 742.9573 543.5814 192.717 76.88376 22.39199 4.771234 0.6291816 0.0426009 
5.470713e-35 2.677535e-28 3.012805e-22 7.793843e-17 4.63529e-12 6.337922e-08 0.0001992331 0.1439862 23.92351 913.8473 8025.407 16203.53 7540.107 1304.463 3084.301 4313.461 1557.888 695.3649 506.4253 177.0653 69.37718 19.81326 4.107614 0.5251652 0.03438108 
7.204612e-35 3.526158e-28 3.96769e-22 1.026404e-16 6.104408e-12 8.346675e-08 0.0002623784 0.1896215 31.50587 1203.484 10569 21339.06 9924.403 1572.335 3172.888 4428.978 1593.282 691.3689 500.1436 173.3048 67.02811 18.81808 3.811828 0.4741498 0.03009786 
5.274599e-35 2.581551e-28 2.904802e-22 7.514449e-17 4.469124e-12 6.110719e-08 0.000192091 0.1388246 23.0659 881.0876 7737.712 15622.72 7276.132 1425.641 3999.265 5598.584 1966.859 705.2145 487.4731 165.8617 62.86684 17.42073 3.46533 0.4211229 0.0260211 
7.927297e-35 3.879862e-28 4.365683e-22 1.129361e-16 6.716733e-12 9.183919e-08 0.0002886973 0.2086421 34.66619 1324.204 11629.16 23479.52 10916.32 1634.712 2908.97 4057.15 1508.487 807.5185 597.287 183.0768 61.01857 16.33408 3.179077 0.3790458 0.02290675 
1.318814e-34 6.454683e-28 7.262912e-22 1.878847e-16 1.11742e-11 1.527871e-07 0.0004802875 0.3471048 57.67195 2202.994 19346.69 39061.36 18157.43 2630.345 4294.441 5971.88 2068.004 645.9195 437.5169 168.6673 69.30787 17.122 2.992298 0.3425237 0.02024227 
1.275141e-34 6.240933e-28 7.022398e-22 1.816628e-16 1.080417e-11 1.477275e-07 0.0004643825 0.3356103 55.76212 2130.041 18706.02 37767.98 17573.93 3015.736 7037.596 9829.424 3377.012 964.9404 610.9693 174.4838 54.86345 16.06185 3.144285 0.334205 0.01840072 
1.330476e-34 6.511758e-28 7.327135e-22 1.895461e-16 1.127301e-11 1.541381e-07 0.0004845344 0.3501741 58.18192 2222.474 19517.77 39406.9 18333.02 3052.97 6771.335 9461.416 3388.26 1419.554 992.0172 270.796 72.67002 16.02059 2.77079 0.3263692 0.01820513 
2.575047e-34 1.260307e-27 1.418118e-21 3.668537e-16 2.181816e-11 2.983239e-07 0.0009377839 0.6777384 112.6072 4301.45 37775.33 76269.08 35445.68 4935.151 7159.444 9942.98 3533.605 1397.278 986.1674 327.1065 113.203 23.94191 3.294884 0.3150785 0.01728734 
4.636155e-34 2.269076e-27 2.553201e-21 6.60489e-16 3.928175e-11 5.37107e-07 0.0016884 1.220211 202.7397 7744.396 68011.29 137316.1 63822.15 9023.642 13734.38 19070.7 6492.879 1663.131 1025.748 329.6214 116.1569 29.63478 4.788461 0.411451 0.01832988 
6.074637e-34 2.973114e-27 3.345395e-21 8.654222e-16 5.14699e-11 7.037579e-07 0.002212269 1.598811 265.6448 10147.29 89113.49 179922.2 83667.56 12965.31 24968.76 34791.42 11887.14 3179.355 1948.172 506.0189 128.3099 30.92736 5.43852 0.5468925 0.02497799 
7.13953e-34 3.494305e-27 3.931848e-21 1.017132e-15 6.049265e-11 8.271277e-07 0.002600083 1.879086 312.2127 11926.12 104735.2 211462.9 98349.6 15636.33 31777.72 44330.06 15467.4 5196.384 3432.685 907.3158 225.3863 43.47912 5.910182 0.5843419 0.0296346 
9.99824e-34 4.893445e-27 5.506183e-21 1.424398e-15 8.471426e-11 1.158314e-06 0.003641171 2.631482 437.2245 16701.41 146671.8 296133.6 137688.4 20808.42 37852.88 52737.45 18519.4 6609.122 4486.996 1320.705 391.6644 77.81418 9.551644 0.7467918 0.03310228 
1.242392e-33 6.08065e-27 6.842044e-21 1.769972e-15 1.052669e-10 1.439334e-06 0.00452456 3.269909 543.3 20753.36 182256 367979.2 171126 26730.81 52373.62 73018.27 25325.59 8025.766 5291.398 1607.956 511.3501 114.3902 16.07856 1.240551 0.04689133 
1.319371e-33 6.457405e-27 7.265975e-21 1.879639e-15 1.117892e-10 1.528515e-06 0.0048049 3.472512 576.9627 22039.23 193548.5 390779.6 181791 30036.33 65690.71 91722.14 32070.16 10995.16 7363.133 2110.056 622.4601 143.6272 22.21682 1.938773 0.0779737 
9.451419e-34 4.625815e-27 5.205041e-21 1.346495e-15 8.008109e-11 1.094964e-06 0.00344203 2.487562 413.312 15787.98 138650.1 279939.3 130358.3 24991.39 68277.12 95578.82 33879.88 13105.16 9083.837 2706.123 831.2826 182.6836 27.17468 2.50404 0.1114696 
9.95712e-34 4.87332e-27 5.483538e-21 1.418539e-15 8.436585e-11 1.153551e-06 0.003626196 2.62066 435.4263 16632.72 146068.6 294916.4 137202.3 22853.54 50710.13 70908.28 26178.89 13454.53 9934.243 3161.193 1064.734 244.8782 36.854 3.284028 0.1474704 
9.059418e-34 4.433957e-27 4.989159e-21 1.290648e-15 7.675969e-11 1.04955e-06 0.00329927 2.384389 396.1697 15133.17 132899.5 268328 124877 21971.74 53334.84 74581.77 26508.25 10499.52 7539.118 2838.434 1153.304 290.2582 47.54039 4.393649 0.1962094 
9.724943e-34 4.759685e-27 5.355674e-21 1.385462e-15 8.239863e-11 1.126652e-06 0.003541642 2.559552 425.2732 16244.89 142662.6 288039.5 133990.3 21982.15 47459.98 66304.58 23897.69 10505.9 7552.769 2446.801 899.8093 264.2985 51.45137 5.264215 0.2496924 
9.287935e-34 4.5458e-27 5.115007e-21 1.323204e-15 7.86959e-11 1.076024e-06 0.003382492 2.444534 406.1628 15514.89 136251.8 275096.3 128014 22182.99 52585.66 73510.48 26040.99 10031.45 7063.245 2418.022 904.6906 236.8298 46.05097 5.479916 0.2963477 
9.553174e-34 4.675616e-27 5.261078e-21 1.360991e-15 8.094325e-11 1.106753e-06 0.003479087 2.514343 417.7617 15957.96 140142.8 282952.2 131653.4 22382.74 51439.01 71909.03 25852.5 11159.86 7979.164 2540.049 889.7346 238.9664 45.03181 5.152385 0.3008325 
1.048476e-33 5.131562e-27 5.774115e-21 1.493709e-15 8.883647e-11 1.214678e-06 0.003818352 2.759531 458.5 17514.11 153808.9 310544.2 144469.2 23968.43 52809.36 73781.71 26392.27 10979.49 7853.225 2660.5 979.2318 248.2332 44.90123 5.073486 0.2890723 
1.079928e-33 5.285498e-27 5.947327e-21 1.538517e-15 9.150138e-11 1.251116e-06 0.003932894 2.842311 472.254 18039.5 158422.8 319860.1 148822.6 25209.19 57579.61 80466.57 28606.08 11338.5 8003.012 2657.816 974.4561 259.7905 47.54516 5.143103 0.2849327 
1.140864e-33 5.583738e-27 6.282911e-21 1.62533e-15 9.666445e-11 1.321712e-06 0.004154812 3.002692 498.9015 19057.39 167362 337908.6 157226.2 26795 61826.37 86424.1 30925.42 12894.63 9171.575 2964.328 1048.359 275.1961 51.19274 5.681156 0.3097435 
1.23597e-33 6.049214e-27 6.806672e-21 1.760822e-15 1.047227e-10 1.431893e-06 0.004501169 3.253004 540.4913 20646.07 181313.8 366077.6 170336.4 29117.64 67523.59 94398.07 33855.15 14360.21 10287.53 3419.964 1238.616 316.9213 57.1834 6.340365 0.3515997 
1.369277e-33 6.701663e-27 7.540818e-21 1.950738e-15 1.160177e-10 1.586333e-06 0.004986651 3.603863 598.7869 22872.89 200869.7 405561.4 188691.2 31804.85 72038.09 100684.9 36126.35 15376.72 11037.32 3707.754 1368.462 359.2718 65.19308 7.053373 0.3860448 
1.203134e-33 5.888505e-27 6.62584e-21 1.714042e-15 1.019405e-10 1.393852e-06 0.004381587 3.166582 526.1321 20097.57 176496.8 356352.8 165891.8 30488.24 78823.57 110307.8 39431.62 16319.1 11648.03 3921.185 1455.142 387.4787 71.99031 7.90417 0.4286846 
1.120218e-33 5.482693e-27 6.169214e-21 1.595917e-15 9.491518e-11 1.297794e-06 0.004079625 2.948354 489.8732 18712.52 164333.4 331794.3 154448.9 28113.72 71722.71 100417 36790.6 18049.04 13285.59 4405.801 1608.518 429.07 80.60043 9.024695 0.49782 
#survey length counts 
7.847188e-35 3.840655e-28 4.321566e-22 1.117948e-16 6.648857e-12 9.091111e-08 0.0002857799 0.2065337 34.31587 1310.822 11511.64 23242.32 10814.54 1844.992 4264.561 5962.956 2158.249 977.7937 714.4459 250.557 98.49231 28.17075 5.847259 0.748113 0.04899888 
1.017341e-34 4.979179e-28 5.602652e-22 1.449353e-16 8.619846e-12 1.178608e-07 0.0003704965 0.2677586 44.48847 1699.402 14924.15 30132.21 14013.05 2196.458 4335.074 6049.888 2180.946 960.7073 697.3451 242.369 94.04752 26.44364 5.362929 0.6675654 0.04239461 
7.404123e-35 3.623805e-28 4.077563e-22 1.054827e-16 6.273452e-12 8.577812e-08 0.0002696443 0.1948725 32.37834 1236.811 10861.67 21930.1 10212.66 1972.578 5439.005 7613.212 2679.075 974.9037 676.6669 230.9261 87.81996 24.37225 4.853976 0.5902983 0.03649104 
1.104506e-34 5.405791e-28 6.082682e-22 1.573532e-16 9.358386e-12 1.27959e-07 0.0004022403 0.2906999 48.3002 1845.006 16202.84 32713.87 15208.91 2258.228 3934.538 5486.247 2045.368 1111.719 824.4875 253.3798 84.75825 22.72546 4.428435 0.5283871 0.03194643 
1.830422e-34 8.958647e-28 1.008041e-21 2.607707e-16 1.550901e-11 2.120577e-07 0.0006666053 0.4817571 80.04462 3057.601 26851.85 54214.42 25200.2 3623.121 5791.761 8051.712 2792.139 884.8958 602.3151 232.9787 96.01012 23.75008 4.156122 0.4761105 0.02815 
1.767427e-34 8.650332e-28 9.733492e-22 2.517962e-16 1.497527e-11 2.047597e-07 0.0006436639 0.4651773 77.28986 2952.373 25927.74 52348.82 24356.9 4135.119 9480.472 13239.27 4554.193 1320.003 840.0294 240.4913 75.91806 22.26399 4.362983 0.4640562 0.02556294 
1.847656e-34 9.042997e-28 1.017532e-21 2.63226e-16 1.565504e-11 2.140544e-07 0.0006728817 0.4862931 80.79828 3086.39 27104.68 54725.05 25457.75 4195.767 9135.106 12762.21 4579.618 1947.991 1365.897 373.6761 100.6656 22.22931 3.850179 0.4538468 0.0253264 
3.56842e-34 1.746494e-27 1.965183e-21 5.083744e-16 3.023493e-11 4.13408e-07 0.001299552 0.9391887 156.0475 5960.815 52347.87 105691.3 49117.81 6793.706 9644.871 13390.3 4767.758 1914.006 1355.917 451.0566 156.6044 33.16312 4.57012 0.4374153 0.02401247 
6.438914e-34 3.151402e-27 3.546008e-21 9.173188e-16 5.455638e-11 7.4596e-07 0.002344932 1.694687 281.5746 10755.79 94457.34 190711.1 88635.92 12443.7 18532.92 25725.06 8767.844 2277.077 1412.509 455.2214 160.9737 41.12892 6.653071 0.5720613 0.02549935 
8.36415e-34 4.093672e-27 4.606265e-21 1.191597e-15 7.086875e-11 9.690021e-07 0.003046066 2.201399 365.7655 13971.77 122700.1 247734.3 115196 17703.04 33470.44 46627.71 15949.53 4326.326 2665.303 693.7282 176.6258 42.65092 7.509387 0.7556416 0.03452683 
9.862024e-34 4.826777e-27 5.431167e-21 1.404992e-15 8.356011e-11 1.142534e-06 0.003591564 2.595631 431.2678 16473.87 144673.6 292099.4 135845.6 21403.13 42700.04 59555.32 20811.96 7096.197 4707.636 1246.916 310.9467 60.07777 8.178515 0.8093206 0.04106312 
1.376928e-33 6.739109e-27 7.582953e-21 1.961638e-15 1.16666e-10 1.595197e-06 0.005014514 3.624 602.1327 23000.69 201992.1 407826.4 189611.9 28430.8 50750.14 70690.58 24865.5 9007.855 6140.45 1811.933 539.2647 107.2824 13.18615 1.031845 0.04576504 
1.715474e-33 8.396058e-27 9.447378e-21 2.443948e-15 1.453507e-10 1.987408e-06 0.006247435 4.515035 750.1794 28655.89 251656 508099.3 236275.8 36588.21 70354.99 98067.32 34062.49 10953.85 7255.287 2210.603 705.499 158.0463 22.24149 1.717271 0.06494581 
1.815153e-33 8.883915e-27 9.996323e-21 2.585954e-15 1.537964e-10 2.102888e-06 0.006610446 4.777383 793.769 30320.95 266278.6 537623.4 250088.3 40934.18 88000.19 122852.7 43023.38 14971.87 10068.64 2892.389 856.4579 197.9288 30.65409 2.676914 0.1077094 
1.314624e-33 6.434174e-27 7.239835e-21 1.872877e-15 1.11387e-10 1.523016e-06 0.004787614 3.460019 574.887 21959.94 192852.2 389375.1 181302 34310.54 92216.42 129077 45838.3 17999.39 12522.84 3740.124 1153.045 253.7633 37.79767 3.485556 0.1552341 
1.383058e-33 6.769108e-27 7.616709e-21 1.970371e-15 1.171853e-10 1.602297e-06 0.005036836 3.640132 604.8131 23103.08 202891.3 409642.7 190563.5 31414.1 68423.27 95662.75 35409.57 18478.65 13682.36 4365.849 1475.52 339.8315 51.20813 4.566535 0.2051654 
1.25264e-33 6.130806e-27 6.898481e-21 1.784572e-15 1.061352e-10 1.451207e-06 0.004561881 3.296881 547.7814 20924.55 183759.4 371015.5 172654.1 30047.79 71715.93 100272.4 35707.1 14358.94 10350.04 3909.478 1593.219 401.5091 65.8399 6.089125 0.272056 
1.362305e-33 6.66754e-27 7.502423e-21 1.940806e-15 1.15427e-10 1.578256e-06 0.00496126 3.585513 595.7381 22756.43 199847 403496.1 187686 30460.4 64450.14 90024.48 32516.33 14512.67 10467.8 3400.766 1255.071 369.2264 71.95393 7.366576 0.3495662 
1.311592e-33 6.419335e-27 7.223138e-21 1.868558e-15 1.111301e-10 1.519504e-06 0.004776573 3.452039 573.5612 21909.3 192407.5 388476.1 180759.6 30930.48 71845.62 100417.1 35637.06 13933.8 9848.399 3381.607 1269.336 332.7802 64.79146 7.715189 0.4173916 
1.34884e-33 6.601639e-27 7.428269e-21 1.921623e-15 1.142861e-10 1.562656e-06 0.004912223 3.550074 589.8499 22531.51 197871.7 399508.3 185870.7 31216.92 70271.57 98218.74 35384.83 15505.93 11123.63 3550.835 1248.176 335.7557 63.34668 7.253213 0.4236867 
1.484046e-33 7.263379e-27 8.17287e-21 2.114244e-15 1.25742e-10 1.719295e-06 0.005404618 3.905929 648.9757 24790.03 217706.1 439554.2 204471.1 33521.68 72280.95 100966.2 36188.12 15281.62 10968.86 3727.001 1376.264 349.3861 63.27854 7.155211 0.4078711 
1.555518e-33 7.61318e-27 8.566472e-21 2.216065e-15 1.317977e-10 1.802096e-06 0.005664903 4.094037 680.2301 25983.91 228190.7 460723.2 214343.7 35808.72 79869.46 111592.1 39744.72 15987.07 11325.14 3771.997 1387.616 370.4894 67.88443 7.348542 0.4073115 
1.660487e-33 8.126933e-27 9.144554e-21 2.36561e-15 1.406917e-10 1.923705e-06 0.006047182 4.370311 726.1334 27737.36 243589.5 491813.8 228815.4 38420.08 86449.8 120816.7 43316.75 18328.38 13080.91 4239.68 1504.541 395.543 73.66953 8.18126 0.4462545 
1.788666e-33 8.754282e-27 9.850457e-21 2.54822e-15 1.515522e-10 2.072203e-06 0.006513987 4.707672 782.1864 29878.51 262393.1 529778.8 246483.9 41529.65 94001.32 131385.9 47214.96 20324.71 14609.77 4870.847 1769.956 453.5377 81.93544 9.091423 0.5043872 
1.981089e-33 9.696057e-27 1.091016e-20 2.822355e-15 1.67856e-10 2.295128e-06 0.007214754 5.214118 866.3331 33092.81 290621.1 586771.6 272976.7 45367.55 100267.7 140109.1 50373.15 21759.57 15671.75 5279.955 1955.196 514.0651 93.39364 10.1117 0.5536945 
1.764271e-33 8.634884e-27 9.71611e-21 2.513466e-15 1.494852e-10 2.04394e-06 0.006425144 4.643465 771.5183 29471.01 258814.4 522554.2 243234 43932.24 110850.2 155097.3 55549.32 23327.6 16707.97 5640.983 2100.284 560.0957 104.1856 11.44705 0.6211179 
1.647305e-33 8.062418e-27 9.071961e-21 2.346831e-15 1.395748e-10 1.908433e-06 0.005999177 4.335618 720.369 27517.17 241655.8 487910.4 227093.4 40623.7 101084.4 141499 51964.34 25870.23 19097.64 6351.285 2326.582 621.5417 116.8964 13.09788 0.7228301 
1.734514e-33 8.489243e-27 9.552231e-21 2.471072e-15 1.469639e-10 2.009466e-06 0.006316773 4.565146 758.5054 28973.93 254449 513739.8 239044.6 40886.4 94906.35 132747.8 48625.86 23846.08 17799.31 6549.979 2639.146 702.6601 130.8533 14.75436 0.8269405 
