# Number of parameters = 77 Objective function value = 23500.5080735600  Maximum gradient component = 147.279280095543
# srv_sel50:
0.999837522892
# srv_sel95:
1.00089859318
# stNatLen:
 11.5015156187 10.4781703998 9.14510705167 8.08855936846 7.32686304231 6.76714548369 6.34128235901 6.00867176520 5.74529171421 5.53638874351 5.37242558022 5.24710180355 5.15618155637 5.09689121643 5.06757365381
# log_avg_fmort_dir:
0.649551673229
# fmort_dir_dev:
 -0.418220509480 -0.342069187175 -0.212860870141 -0.296950372967 -0.265854542319 -0.331927451605 -0.0594680391413 -0.0419207599929 -0.0745322131118 -0.0967772801512 0.0129572161783 -0.0668173321379 0.0373506605295 0.00800416716793 0.136521940526 -0.00296559527801 0.0506524943319 0.164459318415 0.175626206593 0.0354475115194 0.200408872209 0.182306957853 0.212971729790 0.419485482740 0.312536916609 0.222208960916 0.223600945619 -0.184175227495
# mean_log_rec:
13.4691056361
# rec_dev:
 -1.68697723277 -1.58749962785 -1.42624197726 -1.22998995093 -0.973501552699 -0.707917713917 -0.519721259694 -0.347400917534 -0.208909120023 0.0135442048422 0.149502239900 0.273735921153 0.262304201693 0.249789488081 0.305096554801 0.412731840785 0.461943926564 0.453486246819 0.397612958395 0.501616029140 0.556260385990 0.576643602978 0.613326806959 0.578998894592 0.602110948449 0.691997372328 0.793741091315 0.793716637892
# log_avg_NatM:
-1.36598700000
# m_dev:
 0.00000000000 0.00000000000 0.00000000000 0.00000000000 0.00000000000 0.00000000000 0.00000000000 0.00000000000 0.00000000000 0.00000000000 0.00000000000 0.00000000000 0.00000000000 0.00000000000 0.00000000000 0.00000000000 0.00000000000 0.00000000000 0.00000000000 0.00000000000 0.00000000000 0.00000000000 0.00000000000 0.00000000000 0.00000000000 0.00000000000 0.00000000000 0.00000000000
# log_avg_GrowthK:
-1.19807800000
# log_avg_Linf:
3.45748100000
# GrowthK_dev:
 0.00000000000 0.00000000000 0.00000000000 0.00000000000 0.00000000000 0.00000000000 0.00000000000 0.00000000000 0.00000000000 0.00000000000 0.00000000000 0.00000000000 0.00000000000 0.00000000000 0.00000000000 0.00000000000 0.00000000000 0.00000000000 0.00000000000 0.00000000000 0.00000000000 0.00000000000 0.00000000000 0.00000000000 0.00000000000 0.00000000000 0.00000000000 0.00000000000
# Linf_dev:
 0.00000000000 0.00000000000 0.00000000000 0.00000000000 0.00000000000 0.00000000000 0.00000000000 0.00000000000 0.00000000000 0.00000000000 0.00000000000 0.00000000000 0.00000000000 0.00000000000 0.00000000000 0.00000000000 0.00000000000 0.00000000000 0.00000000000 0.00000000000 0.00000000000 0.00000000000 0.00000000000 0.00000000000 0.00000000000 0.00000000000 0.00000000000 0.00000000000
# SelPars50:
1.05098846183
# SelPars95:
1.24188422392
# SelPars_dev50:
 0.00000000000 0.00000000000 0.00000000000 0.00000000000 0.00000000000 0.00000000000 0.00000000000 0.00000000000 0.00000000000 0.00000000000 0.00000000000 0.00000000000 0.00000000000 0.00000000000 0.00000000000 0.00000000000 0.00000000000 0.00000000000 0.00000000000 0.00000000000 0.00000000000 0.00000000000 0.00000000000 0.00000000000 0.00000000000 0.00000000000 0.00000000000 0.00000000000
# SelPars_dev95:
 0.00000000000 0.00000000000 0.00000000000 0.00000000000 0.00000000000 0.00000000000 0.00000000000 0.00000000000 0.00000000000 0.00000000000 0.00000000000 0.00000000000 0.00000000000 0.00000000000 0.00000000000 0.00000000000 0.00000000000 0.00000000000 0.00000000000 0.00000000000 0.00000000000 0.00000000000 0.00000000000 0.00000000000 0.00000000000 0.00000000000 0.00000000000 0.00000000000
