#Simulated generalized assessment 
# 
#start/end year 
73 100 
#number of ages 
15 
#ages 
1 2 3 4 5 6 7 8 9 10 11 12 13 14 15 
#Number of length bins 
25 
#CPUE years 
28 
#years for CPUE 
73 74 75 76 77 78 79 80 81 82 83 84 85 86 87 88 89 90 91 92 93 94 95 96 97 98 99 100 
#survey years 
28 
#years for survey 
73 74 75 76 77 78 79 80 81 82 83 84 85 86 87 88 89 90 91 92 93 94 95 96 97 98 99 100 
#length freq from catch years 
28 
#years for length freq catch 
73 74 75 76 77 78 79 80 81 82 83 84 85 86 87 88 89 90 91 92 93 94 95 96 97 98 99 100 
#catch length sample sizes 
200 200 200 200 200 200 200 200 200 200 200 200 200 200 200 200 200 200 200 200 200 200 200 200 200 200 200 200 
#length freq from survey years 
28 
#years for length freq survey 
73 74 75 76 77 78 79 80 81 82 83 84 85 86 87 88 89 90 91 92 93 94 95 96 97 98 99 100 
#survey sample sizes 
200 200 200 200 200 200 200 200 200 200 200 200 200 200 200 200 200 200 200 200 200 200 200 200 200 200 200 200 
#total survey biomass 
14643.13 13814.49 21265.74 18499.79 14480.88 20112.02 29798.44 26814.71 41796.31 80511.17 98180.3 136390.8 122578.9 123008.9 138745.9 126101.8 121567.3 102719.8 74608.07 100809.5 125088.5 129958.4 176880.7 157244.8 177424.6 227909.6 163712.9 144986.7 
#survey CV 
0.2 0.2 0.2 0.2 0.2 0.2 0.2 0.2 0.2 0.2 0.2 0.2 0.2 0.2 0.2 0.2 0.2 0.2 0.2 0.2 0.2 0.2 0.2 0.2 0.2 0.2 0.2 0.2 
#total CPUE 
9726.116 10315.13 14775.13 13615.65 11869.4 14844.18 22102.86 43114.7 43582.9 56214.55 73375.25 81524.03 85072.41 128740.4 147676.3 112488.3 96360.39 99038.9 128655.3 122242.5 94321.89 153960.2 123966.7 172706.9 168891.8 140332.5 153320.6 98319.08 
#CPUE CV 
0.2 0.2 0.2 0.2 0.2 0.2 0.2 0.2 0.2 0.2 0.2 0.2 0.2 0.2 0.2 0.2 0.2 0.2 0.2 0.2 0.2 0.2 0.2 0.2 0.2 0.2 0.2 0.2 
#total catch biomass 
8734.809 9004.439 8967.638 8359.223 14277.76 12201.92 16004.04 22607.35 31717.8 36777.27 47790.69 68140.38 68493.26 91662.91 93101.67 87979.51 89815.93 77821.19 83514.38 84840.63 74050.28 98079.91 83608.43 93271.03 109627.4 107340.3 102627 100213 
#catch CV 
0.1 0.1 0.1 0.1 0.1 0.1 0.1 0.1 0.1 0.1 0.1 0.1 0.1 0.1 0.1 0.1 0.1 0.1 0.1 0.1 0.1 0.1 0.1 0.1 0.1 0.1 0.1 0.1 
#Length Bins 
0.7268035 2.18041 3.634017 5.087624 6.541231 7.994838 9.448445 10.90205 12.35566 13.80927 15.26287 16.71648 18.17009 19.62369 21.0773 22.53091 23.98451 25.43812 26.89173 28.34534 29.79894 31.25255 32.70616 34.15976 35.61337 
#catch length counts 
4.715495e-07 5.118227e-05 0.00327566 0.1236135 2.750578 36.09033 279.2884 1275.972 3458.519 5695.297 6311.231 6235.423 6737.251 6537.094 5063.83 3345.81 1911.011 891.2811 331.6282 97.60091 22.10206 3.717252 0.4489432 0.0377171 0.00214206 
4.90729e-07 5.326403e-05 0.003408892 0.1286413 2.862458 37.55848 290.6552 1327.993 3600.312 5931.746 6571.877 6451.159 6872.861 6585.482 5050.397 3291.021 1839.344 833.8763 299.6372 84.54396 18.21671 2.892959 0.3275068 0.02562905 0.001348911 
2.911929e-07 3.160626e-05 0.002022799 0.07633453 1.698577 22.2885 172.535 789.392 2153.959 3652.285 4490.388 5399.82 6632.603 6599.743 5065.538 3263.994 1788.52 789.9953 274.6873 74.36784 15.24813 2.287144 0.2429513 0.01773849 0.0008669229 
1.288271e-06 0.0001398297 0.008949085 0.3377108 7.514488 98.59323 762.8024 3481.036 9381.66 15021.12 14687.98 9844.282 6198.328 4754.46 3864.908 2808.381 1635.015 724.3854 245.4261 63.83847 12.463 1.766633 0.1761697 0.01200818 0.0005454586 
5.881033e-07 6.383311e-05 0.004085318 0.1541685 3.430573 45.0185 348.5891 1596.889 4380.354 7579.242 9856.299 12609.97 15184.9 13343.65 7874.748 3451.924 1384.938 551.0682 190.764 50.59763 9.715221 1.317893 0.1238934 0.007896836 0.0003337323 
1.158859e-06 0.0001257832 0.008050115 0.3037869 6.759687 88.69273 686.3012 3133.925 8470.355 13734.83 14162.77 11331.56 9736.119 9227.403 7963.088 5490.533 2720.227 926.0719 227.4294 44.77345 7.370127 0.9424129 0.08536486 0.005192406 0.0002065898 
1.115211e-06 0.0001210457 0.00774692 0.2923462 6.505211 85.35938 660.6998 3020.904 8211.163 13637.49 15358.06 15035.88 14915.98 12584.98 8121.719 4413.198 2191.391 912.7579 281.068 59.83483 8.710845 0.8891272 0.0654044 0.003446455 0.0001250325 
2.537039e-06 0.0002753718 0.01762377 0.6650677 14.79871 194.172 1502.501 6860.854 18538.1 29995.93 30539.65 23094.34 17258.26 13409.86 9244.458 5305.58 2427.681 853.986 233.3967 49.65367 7.793107 0.8430539 0.06038387 0.00283023 8.702265e-05 
2.897593e-06 0.0003145066 0.02012841 0.759588 16.90219 221.7866 1716.682 7848.569 21317.99 35240.43 38784.64 35512.86 32227.37 25207.54 14858.4 6917.909 2757.724 922.5442 241.7511 47.38729 6.771794 0.689413 0.04848926 0.002273293 6.888098e-05 
4.207163e-06 0.0004566482 0.02922546 1.102884 24.54107 322.0175 2492.314 11390.71 30887.51 50677.26 54180.72 46250.53 39450.51 31502.96 20546.51 10712.61 4346.537 1310.816 292.438 49.37662 6.290502 0.5820611 0.03745268 0.001621946 4.614542e-05 
5.80341e-06 0.0006299059 0.04031396 1.521334 33.85249 444.207 3438.279 15718.33 42662.65 70210.6 75665.6 65254.91 55193.38 42448.33 26209.91 13081.24 5298.863 1655.034 380.0409 62.52285 7.253698 0.5875622 0.03294192 0.00125954 3.212842e-05 
6.443482e-06 0.0006993798 0.04476034 1.689134 37.58687 493.2359 3818.582 17471.07 47565.62 79156.06 88331.12 81743.88 73596.1 57802.24 35644.2 17468.52 6812.011 2031.049 449.4809 72.52057 8.307487 0.6545542 0.03457428 0.001203891 2.732919e-05 
9.330793e-06 0.001012771 0.06481734 2.446028 54.42916 714.234 5528.948 25284.33 68690.08 113276.9 122321.3 104835.1 87299.58 67227.74 42602.91 21632.67 8540.233 2507.051 535.2955 82.32908 8.963147 0.6736657 0.03408535 0.0011354 2.443526e-05 
1.160269e-05 0.001259364 0.0805994 3.041612 67.68312 888.2035 6876.997 31470.99 85707.43 142504 157498.7 140557.9 119314.9 89051.31 52888.09 25139.21 9550.675 2774.849 591.1984 89.73145 9.461559 0.6778006 0.03238114 0.001014888 2.054997e-05 
1.031748e-05 0.001119867 0.07167177 2.704733 60.18888 789.9593 6119.23 28051.48 76866.72 130507.5 153126.2 152277.8 141851.7 110576.1 66902.21 31643.37 11574.8 3163.969 632.6424 91.18087 9.243611 0.6392227 0.02934374 0.0008759101 1.674213e-05 
7.113273e-06 0.000772081 0.04941358 1.864784 41.49936 544.7594 4222.42 19397.63 53545.47 93084 116116.1 127232.1 128906.3 107634.5 70106.2 35316.28 13324.17 3635.404 706.1306 96.71704 9.195363 0.594569 0.0256101 0.0007207175 1.302104e-05 
8.992943e-06 0.0009761012 0.06247077 2.35751 52.46203 688.5341 5332.886 24430.14 66728.21 111774.1 125415 114514.6 101350.4 83133.83 56824.79 30395.77 12074.61 3433.88 684.8721 94.13093 8.75107 0.5410478 0.02193178 0.0005755193 9.65992e-06 
8.775849e-06 0.0009525388 0.06096302 2.300642 51.19891 672.0615 5208.03 23899.69 65648.25 111849 130748.7 125802.7 110401.9 81926.67 48675.67 23416.21 8956.667 2575.995 528.4499 74.41424 6.996104 0.4303531 0.01706065 0.0004307219 6.85805e-06 
1.017014e-05 0.001103877 0.0706488 2.666172 59.33362 778.8389 6035.168 27686.56 75932.04 128545.7 147231.1 136253.2 115938.9 85750.52 50803.87 23390.06 8161.038 2110.621 398.1828 53.43819 4.918708 0.2996248 0.01175791 0.0002918597 4.526447e-06 
1.005559e-05 0.001091446 0.06985356 2.636206 58.66998 770.2608 5971.926 27442.25 75641.06 129860.3 153507 148119.9 127950.7 92455.3 52544.51 23190.89 7765.577 1905.059 333.4661 40.83898 3.429183 0.1930534 0.007121577 0.0001685083 2.511849e-06 
1.095559e-05 0.001189133 0.0761058 2.872177 63.9226 839.2494 6507.18 29902.27 82379.32 140980.4 164727.3 155245.8 131418.3 94656.67 53897.95 23462.06 7571.565 1760.672 289.3782 33.0172 2.5599 0.1319767 0.004439846 9.593472e-05 1.313514e-06 
1.322452e-05 0.001435407 0.0918679 3.46705 77.16326 1013.125 7855.799 36099.75 99396.39 169508 195361 178023.5 143773.8 99052.37 54302.25 22908.07 7196.774 1625.048 256.6371 27.74355 2.012691 0.09620354 0.00298093 5.903757e-05 7.38325e-07 
1.389123e-05 0.001507777 0.09650063 3.641994 81.06379 1064.603 8260.909 38039.1 105328.3 182219.8 216303 204478.1 167355.2 112804.8 59119.42 23604.75 7014.665 1503.447 225.9992 23.24954 1.598996 0.07199226 0.002085702 3.835567e-05 4.428845e-07 
1.705509e-05 0.001851191 0.1184801 4.471534 99.52853 1307.097 10141.78 46678.27 128986.6 221499.8 257490.2 234508.4 185637.7 123499.9 64343.39 25191.41 7181.264 1451.355 203.9701 19.58008 1.258107 0.05299762 0.001436863 2.469546e-05 2.658402e-07 
1.794649e-05 0.001947956 0.1246752 4.705559 104.7507 1376.159 10687.85 49318.7 137202.9 239426 286989.9 270548.8 215861.7 139791.8 69703.78 26114.03 7159.496 1391.205 186.4654 16.87239 1.011642 0.03952587 0.0009915811 1.57675e-05 1.571526e-07 
1.991282e-05 0.002161394 0.1383372 5.221315 116.2383 1527.268 11864.53 54774.3 152465.2 265951.9 317388.2 296138.2 234020.4 150981.1 74740.32 27341.69 7180.406 1320.366 166.7119 14.19331 0.7993215 0.02922849 0.0006829902 1.006919e-05 9.271325e-08 
1.767161e-05 0.001918152 0.1227731 4.634311 103.1964 1356.822 10559.22 48975.19 137928.4 247165.9 310016 306767.9 250553.2 161459.8 78413.9 27978.46 7142.555 1268.471 153.1169 12.32874 0.6511654 0.02221811 0.000483153 6.618062e-06 5.653249e-08 
1.705757e-05 0.001851513 0.1185095 4.473513 99.62239 1310.001 10196.96 47303.38 133157.9 237901 295975.7 290034.3 237127.3 155004.6 76294.65 27159.56 6786.982 1163.582 134.4594 10.30352 0.5150459 0.01653663 0.0003365193 4.293481e-06 3.404146e-08 
#survey length counts 
8.841867e-07 9.597016e-05 0.00614208 0.2317833 5.157497 67.6704 523.6313 2391.326 6468.775 10551.01 11234.25 10017.27 9782.787 9118.51 6960.734 4549.514 2572.424 1187.313 436.612 126.888 28.357 4.702425 0.5594693 0.04627784 0.002587395 
5.002144e-07 5.429358e-05 0.003474784 0.131128 2.917805 38.2856 296.3168 1354.636 3682.768 6146.721 7161.714 7847.563 9128.884 8985.656 6898.016 4468.195 2481.322 1117.62 398.3468 111.2679 23.70027 3.717647 0.4155699 0.0321078 0.001668417 
2.120598e-06 0.000230171 0.01473091 0.5558989 12.36943 162.2913 1255.597 5729.296 15433.6 24658.74 23891.28 15468.66 9008.574 6481.572 5185.816 3797.787 2250.964 1019.727 354.8119 95.37685 19.37441 2.876287 0.3022248 0.02182328 0.001054935 
9.429569e-07 0.0001023491 0.00655034 0.2471909 5.500454 72.17738 558.7622 2557.18 6984.841 11883.75 14703.7 17569.71 20565.2 18120.02 10788.78 4756.614 1919.758 776.8515 276.7444 76.11979 15.24568 2.169591 0.2151844 0.01454515 0.0006547361 
1.804192e-06 0.0001958281 0.01253297 0.4729561 10.52391 138.0808 1068.408 4877.666 13170.49 21269.03 21585.64 16494.56 13328.15 12301.41 10642.44 7469.11 3794.699 1326.589 334.4069 67.83811 11.62239 1.561609 0.1495549 0.009660778 0.0004097613 
1.661808e-06 0.0001803736 0.0115439 0.4356325 9.69352 127.1921 984.3861 4498.827 12205.32 20122.09 22116.98 20660.37 19845.97 16692.37 10825.09 5919.678 2985.926 1278.926 408.2045 90.45278 13.74582 1.470639 0.1141387 0.006390655 0.0002476078 
3.740314e-06 0.0004059759 0.02598242 0.9804972 21.81741 286.2601 2214.975 10112.29 27302.58 44044.65 44356.04 32553.52 23382.43 17882.23 12373.49 7203.211 3369.008 1216.114 342.6198 75.76538 12.46311 1.420696 0.107612 0.005352997 0.000175424 
4.154525e-06 0.0004509347 0.02885979 1.089084 24.23391 317.984 2461.033 11247.38 30504.41 50152.02 54265.42 48109.68 42732.82 33487.57 19932.34 9392.78 3814.797 1311.379 355.5681 72.54738 10.85618 1.164604 0.08680433 0.004331119 0.0001400788 
5.928473e-06 0.0006434802 0.04118269 1.554113 34.58152 453.7547 3511.64 16044.53 43457.77 71012.74 74967.02 62358.5 52113.25 41613.23 27422.23 14555.21 6058.764 1883.113 434.4554 76.29219 10.18372 0.9938995 0.06781333 0.003127865 9.513109e-05 
8.102829e-06 0.0008794862 0.05628707 2.12411 47.26509 620.1906 4800.019 21936.55 59470.68 97481.46 103831.7 87623.02 73087.32 56425.99 35233.52 17882.31 7427.039 2395.405 571.1769 98.09119 11.93929 1.01975 0.06060631 0.002468877 6.737117e-05 
8.857166e-06 0.0009613625 0.0615272 2.321864 51.66605 677.9695 5248.167 24001.96 65253.25 108092.2 119161.7 108268.8 96827.77 76662.72 47914 23929.93 9582.321 2951.725 678.549 114.4275 13.78324 1.14763 0.06432599 0.002385796 5.789456e-05 
1.264812e-05 0.001372835 0.08786145 3.315643 73.77934 968.1266 7493.657 34258.1 92969.28 152801.9 163559.2 138243.1 114498.8 88878.81 57144.37 29643.29 12046.72 3660.565 813.0935 130.8503 14.99339 1.192235 0.06410474 0.002277583 5.243722e-05 
1.554918e-05 0.001687718 0.108014 4.076158 90.70336 1190.257 9214.62 42152.47 114657.2 189958.2 208204.7 183926.1 156253.8 118009.1 71191.11 34553.12 13510.23 4067.776 903.4984 143.7911 15.9828 1.212665 0.0616187 0.002061707 4.470421e-05 
1.371928e-05 0.001489101 0.09530273 3.596496 80.03221 1050.342 8134.829 37270.84 101959.6 172333.9 200417.5 197948.9 185517.7 146708.4 90347.07 43751.67 16504.49 4679.1 975.658 147.5552 15.79077 1.158424 0.05663765 0.001806537 3.699972e-05 
9.31905e-06 0.001011497 0.06473622 2.443017 54.36627 713.6094 5529.86 25385.43 69927.32 120933 149581.8 163375.9 167047.5 141617.5 94041.89 48645.88 18977.33 5381.84 1092.131 157.1663 15.78613 1.083628 0.04976087 0.001498137 2.90358e-05 
1.164846e-05 0.001264333 0.08091756 3.053637 67.9521 891.7923 6906.221 31624.62 86279.96 144115.7 160884.3 146472.9 130551.2 108681.4 75840.78 41736.25 17174.29 5087.719 1062.867 153.8415 15.13433 0.9943561 0.04299693 0.001207631 2.175633e-05 
1.140804e-05 0.001238239 0.07924781 2.990659 66.55329 873.5539 6768.161 31042.15 85144.82 144608 168333.8 162224.8 144209 108906.5 65962.23 32546.58 12881.79 3864.12 832.2274 123.7149 12.33483 0.8077521 0.03420175 0.0009248496 1.581051e-05 
1.313077e-05 0.001425226 0.0912151 3.442287 76.60388 1005.474 7789.96 35719.34 97842.74 165218.9 188675.8 175104.3 151076.4 113936.8 69072.12 32737.75 11833.47 3188.956 631.0845 89.46435 8.748636 0.5685506 0.02387527 0.0006357009 1.059615e-05 
1.291488e-05 0.001401794 0.0897159 3.385759 75.34949 989.1607 7667.353 35212.28 96923 165970.5 195824 190071.5 166960 123183.1 71677.13 32594.66 11327.76 2902.153 533.6302 69.05245 6.16024 0.3702152 0.01463419 0.000372084 5.971681e-06 
1.407598e-05 0.001527823 0.09778198 3.690182 82.12549 1078.148 8357.642 38384.12 105613.3 180354.5 210516.1 199760.9 172101.6 126742.3 74050.33 33286 11165.55 2714.497 469.1791 56.6257 4.668174 0.2570114 0.009266672 0.000215245 3.175667e-06 
1.701972e-05 0.00184734 0.1182316 4.461955 99.30291 1303.699 10106.7 46418.69 127664.3 217339.5 250460.3 230096 189397.2 133587.1 75212.42 32793.35 10723.24 2535.844 421.824 48.29156 3.72788 0.1903827 0.006324595 0.0001346742 1.81499e-06 
1.783962e-05 0.001936339 0.1239287 4.677073 104.0982 1366.96 10604.16 48797.93 134948.3 233081.9 276961.5 264605.2 221174.9 152814.3 82329.38 34000.46 10524.99 2364.771 374.8627 40.89081 2.995899 0.1442377 0.00448233 8.864491e-05 1.103089e-06 
2.183891e-05 0.00237043 0.1517115 5.725622 127.4369 1673.435 12980.83 59710.92 164821.7 282685.8 329104.6 302992.9 245125.6 167436.1 89881.99 36475.76 10846.58 2299.972 341.0898 34.744 2.380265 0.1073183 0.003123599 5.777205e-05 6.705162e-07 
2.289418e-05 0.002484982 0.1590452 6.00263 133.6171 1755.142 13626.7 62836.21 174597.6 304362.2 365839.1 349457.7 285415 189895.4 97593.52 37922.78 10859.39 2217.53 314.0688 30.18163 1.930421 0.08075831 0.002175982 3.725569e-05 4.005934e-07 
2.554804e-05 0.002773046 0.1774834 6.698651 149.1177 1958.976 15213.06 70184.71 195139 340110.5 407173.2 385103.9 311741.2 206943.2 105807.5 40216.83 11042.74 2135.418 285.135 25.80645 1.55179 0.0607999 0.001526544 2.4237e-05 2.407875e-07 
2.265645e-05 0.002459212 0.1574016 5.941198 132.2855 1738.908 13526.4 62680.65 176288.4 315722 397874.9 399991.6 334974.1 222149.2 111487.4 41373.79 11059.14 2068.479 264.3586 22.64515 1.277733 0.04673586 0.001092563 1.612474e-05 1.486742e-07 
2.206233e-05 0.002394735 0.1532766 5.785655 128.8299 1693.688 13177.33 61075.36 171708.5 306639.6 383291.9 381532.6 319997.1 215618.3 109914.5 40771.11 10680.62 1930.354 236.4073 19.29172 1.031064 0.03550869 0.0007770864 1.068464e-05 9.145449e-08 
2.2422e-05 0.002433794 0.1557796 5.880403 130.9537 1722.022 13404.63 62189.61 175098 312920.6 389244 380739.7 310450.6 203318.3 101416.2 37091.7 9612.695 1712.285 204.6778 16.11007 0.8217338 0.02679395 0.0005520137 7.114638e-06 5.688147e-08 
