# Number of parameters = 77 Objective function value = 23501.8941688045  Maximum gradient component = 279.220895387547
# srv_sel50:
0.999581187091
# srv_sel95:
1.00192717173
# stNatLen:
 11.1517512074 10.2870947030 8.85966898415 7.71529497212 6.89450793520 6.29559067915 5.84348599886 5.49285422680 5.21647311665 4.99815590532 4.82734322793 4.69670357198 4.60214450190 4.54054761026 4.51044305368
# log_avg_fmort_dir:
0.656780224846
# fmort_dir_dev:
 -0.492683570111 -0.234364400079 -0.493309496672 -0.284827483488 -0.163255269296 -0.137449984539 -0.259726101039 -0.173401421717 -0.160779677395 -0.149604691028 -0.00313884495750 -0.00627493920684 -0.0334624502576 -0.0849338975569 0.00451474588047 0.0797282402769 0.152064861721 0.144338939544 0.167958254928 0.217073176804 0.166198432306 0.141819441876 0.259574278388 0.275046733201 0.249087714604 0.260054755622 0.375052511457 0.184700140734
# mean_log_rec:
13.3158933663
# rec_dev:
 -2.31046398983 -1.89357936827 -1.48881199834 -1.60636142894 -1.42149048677 -1.02975915424 -0.592815595518 -0.382155771644 -0.0727076584631 0.116756361448 0.245695040214 0.475725460030 0.591041225410 0.494120413100 0.411373582608 0.444562416705 0.468058323071 0.475058128391 0.432542644705 0.440829587920 0.589553092065 0.714480616058 0.773420021639 0.830397360684 0.862004892737 0.844239788590 0.794104428836 0.794182067797
# log_avg_NatM:
-1.36448700000
# m_dev:
 0.00000000000 0.00000000000 0.00000000000 0.00000000000 0.00000000000 0.00000000000 0.00000000000 0.00000000000 0.00000000000 0.00000000000 0.00000000000 0.00000000000 0.00000000000 0.00000000000 0.00000000000 0.00000000000 0.00000000000 0.00000000000 0.00000000000 0.00000000000 0.00000000000 0.00000000000 0.00000000000 0.00000000000 0.00000000000 0.00000000000 0.00000000000 0.00000000000
# log_avg_GrowthK:
-1.20372700000
# log_avg_Linf:
3.45755400000
# GrowthK_dev:
 0.00000000000 0.00000000000 0.00000000000 0.00000000000 0.00000000000 0.00000000000 0.00000000000 0.00000000000 0.00000000000 0.00000000000 0.00000000000 0.00000000000 0.00000000000 0.00000000000 0.00000000000 0.00000000000 0.00000000000 0.00000000000 0.00000000000 0.00000000000 0.00000000000 0.00000000000 0.00000000000 0.00000000000 0.00000000000 0.00000000000 0.00000000000 0.00000000000
# Linf_dev:
 0.00000000000 0.00000000000 0.00000000000 0.00000000000 0.00000000000 0.00000000000 0.00000000000 0.00000000000 0.00000000000 0.00000000000 0.00000000000 0.00000000000 0.00000000000 0.00000000000 0.00000000000 0.00000000000 0.00000000000 0.00000000000 0.00000000000 0.00000000000 0.00000000000 0.00000000000 0.00000000000 0.00000000000 0.00000000000 0.00000000000 0.00000000000 0.00000000000
# SelPars50:
1.06884186642
# SelPars95:
1.31950925623
# SelPars_dev50:
 0.00000000000 0.00000000000 0.00000000000 0.00000000000 0.00000000000 0.00000000000 0.00000000000 0.00000000000 0.00000000000 0.00000000000 0.00000000000 0.00000000000 0.00000000000 0.00000000000 0.00000000000 0.00000000000 0.00000000000 0.00000000000 0.00000000000 0.00000000000 0.00000000000 0.00000000000 0.00000000000 0.00000000000 0.00000000000 0.00000000000 0.00000000000 0.00000000000
# SelPars_dev95:
 0.00000000000 0.00000000000 0.00000000000 0.00000000000 0.00000000000 0.00000000000 0.00000000000 0.00000000000 0.00000000000 0.00000000000 0.00000000000 0.00000000000 0.00000000000 0.00000000000 0.00000000000 0.00000000000 0.00000000000 0.00000000000 0.00000000000 0.00000000000 0.00000000000 0.00000000000 0.00000000000 0.00000000000 0.00000000000 0.00000000000 0.00000000000 0.00000000000
