#Simulated generalized assessment 
# 
#start/end year 
69 97 
#number of ages 
15 
#ages 
1 2 3 4 5 6 7 8 9 10 11 12 13 14 15 
#Number of length bins 
25 
#CPUE years 
29 
#years for CPUE 
69 70 71 72 73 74 75 76 77 78 79 80 81 82 83 84 85 86 87 88 89 90 91 92 93 94 95 96 97 
#survey years 
29 
#years for survey 
69 70 71 72 73 74 75 76 77 78 79 80 81 82 83 84 85 86 87 88 89 90 91 92 93 94 95 96 97 
#length freq from catch years 
29 
#years for length freq catch 
69 70 71 72 73 74 75 76 77 78 79 80 81 82 83 84 85 86 87 88 89 90 91 92 93 94 95 96 97 
#catch length sample sizes 
200 200 200 200 200 200 200 200 200 200 200 200 200 200 200 200 200 200 200 200 200 200 200 200 200 200 200 200 200 
#length freq from survey years 
29 
#years for length freq survey 
69 70 71 72 73 74 75 76 77 78 79 80 81 82 83 84 85 86 87 88 89 90 91 92 93 94 95 96 97 
#survey sample sizes 
200 200 200 200 200 200 200 200 200 200 200 200 200 200 200 200 200 200 200 200 200 200 200 200 200 200 200 200 200 
#total survey biomass 
9947.63 11405.25 16156.82 16455.37 22481.9 23445.71 24051.21 42161.42 47665.14 48155.07 47835.78 109261.4 94517.67 169875.2 97759.17 104622.5 74239.23 93554.73 60078.41 57438.11 116515 114647.2 131865.5 135712.6 97342.13 146363.4 77718.12 106329.1 114255.8 
#survey CV 
0.2 0.2 0.2 0.2 0.2 0.2 0.2 0.2 0.2 0.2 0.2 0.2 0.2 0.2 0.2 0.2 0.2 0.2 0.2 0.2 0.2 0.2 0.2 0.2 0.2 0.2 0.2 0.2 0.2 
#total CPUE 
5215.453 7053.674 13506.62 18272.99 21339.8 17163 20339.59 33410.26 29685 34332.81 84017.13 88135.75 70699.92 124217.6 113995.5 78853.18 87699.54 77725.64 93547.2 90533.99 71266.88 110948.2 96387.35 142631.5 153561.2 134218.2 95292.25 129521.5 105941 
#CPUE CV 
0.2 0.2 0.2 0.2 0.2 0.2 0.2 0.2 0.2 0.2 0.2 0.2 0.2 0.2 0.2 0.2 0.2 0.2 0.2 0.2 0.2 0.2 0.2 0.2 0.2 0.2 0.2 0.2 0.2 
#total catch biomass 
5914.351 5998.195 6731.296 10919.98 15447.24 17781.87 21456.43 26820.6 32331.47 38734.87 47993.3 64955.69 75610.51 98472.37 100132 93232.48 84615.14 84485.63 85295.67 78824.77 77406.69 84317.68 97924.57 103616.8 111563.5 121133.9 114176.9 91742.84 96689.43 
#catch CV 
0.05 0.05 0.05 0.05 0.05 0.05 0.05 0.05 0.05 0.05 0.05 0.05 0.05 0.05 0.05 0.05 0.05 0.05 0.05 0.05 0.05 0.05 0.05 0.05 0.05 0.05 0.05 0.05 0.05 
#Length Bins 
0.7268035 2.18041 3.634017 5.087624 6.541231 7.994838 9.448445 10.90205 12.35566 13.80927 15.26287 16.71648 18.17009 19.62369 21.0773 22.53091 23.98451 25.43812 26.89173 28.34534 29.79894 31.25255 32.70616 34.15976 35.61337 
#catch length counts 
1.350888e-37 1.874944e-29 3.145608e-22 6.379229e-16 1.563793e-10 4.633804e-06 0.01659753 7.186159 376.0949 2379.318 1836.223 1068.398 5849.239 4990.923 3831.964 3822.294 1722.266 697.3122 163.7312 21.30694 1.14441 0.01829887 6.492965e-05 4.157086e-08 4.211227e-12 
1.597493e-37 2.217215e-29 3.719839e-22 7.543758e-16 1.849264e-10 5.479706e-06 0.01962742 8.497993 444.7511 2813.667 2171.837 1219.965 6236.054 5070.495 3974.033 3629.743 1551.482 569.1588 120.3142 13.54151 0.5917654 0.0072714 1.910049e-05 8.849413e-09 6.398939e-13 
4.015787e-37 5.573647e-29 9.350949e-22 1.896354e-15 4.648688e-10 1.377491e-05 0.0493395 21.3623 1118.018 7072.951 5433.538 1673.909 6720.808 5212.388 4222.732 3544.468 1465.16 484.5413 90.01077 8.570858 0.3024245 0.002849442 5.527372e-06 1.850822e-09 9.55717e-14 
7.014591e-37 9.73579e-29 1.633381e-21 3.312463e-15 8.120114e-10 2.406138e-05 0.08618395 37.31468 1952.902 12354.77 9510.806 3659.422 14881.64 10274.2 4793.517 3387.6 1337.247 398.1334 64.56473 5.072708 0.1415545 0.001015818 1.45469e-06 3.520978e-10 1.298335e-14 
6.528491e-37 9.061115e-29 1.52019e-21 3.082915e-15 7.557403e-10 2.239397e-05 0.08021154 34.72883 1817.569 11498.77 8903.924 5370.962 22678.86 15278.17 9606.965 5867.026 1370.176 311.1072 43.3223 2.77945 0.06011036 0.0003233284 3.398407e-07 5.945672e-11 1.567673e-15 
1.374137e-36 1.907211e-28 3.199743e-21 6.489014e-15 1.590705e-09 4.713551e-05 0.1688317 73.09831 3825.674 24202.61 18614.52 5785.638 18878.45 13364.02 13645.86 8214.806 2161.629 361.7883 30.59006 1.481451 0.02451589 9.749108e-05 7.431613e-08 9.340198e-12 1.758299e-16 
1.427631e-36 1.981458e-28 3.324307e-21 6.741627e-15 1.65263e-09 4.897046e-05 0.1754042 75.94398 3974.606 25145.26 19465.28 10149.18 35830.14 21150.03 11864.15 7008.413 2560.074 445.2653 30.93798 0.9041623 0.009972669 2.859157e-05 1.565486e-08 1.400903e-12 1.870275e-17 
2.284463e-36 3.170684e-28 5.31948e-21 1.07878e-14 2.644502e-09 7.836142e-05 0.2806779 121.5238 6360.073 40236.56 31034.05 11504.6 34372.93 22143.41 20839 9765.654 2147.315 383.4213 29.75636 0.7111756 0.004885814 8.736132e-06 3.254593e-09 2.043992e-13 1.921579e-18 
2.373364e-36 3.294073e-28 5.52649e-21 1.120761e-14 2.747414e-09 8.14109e-05 0.2916006 126.253 6607.58 41803.18 32417.75 16530.96 49580.52 27818.46 19564.09 9514.018 2669.433 334.6753 19.75315 0.4612577 0.002614835 3.077913e-06 7.052397e-10 2.851604e-14 1.814212e-19 
4.306554e-36 5.977213e-28 1.002801e-20 2.033661e-14 4.985281e-09 0.000147723 0.5291197 229.0906 11989.69 75852.36 58526.41 19812.17 48769.65 29597.35 26840.68 10721.28 2331.829 301.7591 15.2807 0.255729 0.00120726 1.160366e-06 1.893382e-10 4.937518e-15 1.983485e-20 
6.480154e-36 8.994026e-28 1.508935e-20 3.060089e-14 7.501448e-09 0.0002222816 0.7961766 344.717 18041.12 114138.1 88331.22 34731.54 82311.39 41155.34 25852.08 10294.56 2384.028 239.29 10.14709 0.1422251 0.0004869595 3.494397e-07 4.447867e-11 8.737222e-16 2.469322e-21 
5.355232e-36 7.432708e-28 1.246991e-20 2.528873e-14 6.199234e-09 0.0001836946 0.6579643 284.8758 14909.27 94329.51 73927.4 48398.07 118314.5 60239.96 40689.98 12360.35 2026.359 188.6316 6.691158 0.07199852 0.0001924872 1.015091e-07 9.207193e-12 1.320302e-16 2.780314e-22 
1.164625e-35 1.616422e-27 2.711883e-20 5.499645e-14 1.348173e-08 0.0003994884 1.430902 619.5313 32423.81 205131.6 158560.8 50566.54 94919.18 61287.13 54679.91 15895.83 2365.609 153.9134 4.107673 0.0353883 7.085266e-05 2.764365e-08 1.837803e-12 1.88275e-17 2.798764e-23 
1.200103e-35 1.665663e-27 2.794496e-20 5.667181e-14 1.389243e-08 0.000411658 1.474492 638.4042 33411.55 211398.1 166035.9 99890.41 200896.3 84579.4 43937.46 14481.49 2539.639 147.1319 2.883422 0.01712715 2.521289e-05 7.247531e-09 3.480923e-13 2.565723e-18 2.7363e-24 
1.078871e-35 1.497401e-27 2.512201e-20 5.094694e-14 1.248904e-08 0.0003700732 1.325542 573.9138 30036.4 190055.2 150675.1 107817.9 207650.5 119638.9 82566.75 17133.91 1949.345 117.7752 2.189082 0.009840354 9.850965e-06 1.947811e-09 6.650136e-14 3.508727e-19 2.665337e-25 
7.205779e-36 1.000115e-27 1.6779e-20 3.402747e-14 8.341434e-09 0.0002471719 0.8853296 383.3172 20061.33 126956.5 102762.4 100304.4 185620.7 117667.7 83477.28 21093.66 2478.204 93.8089 1.342523 0.005395381 4.288947e-06 5.979716e-10 1.379263e-14 4.958062e-20 2.619205e-26 
1.21783e-35 1.690268e-27 2.835775e-20 5.750895e-14 1.409764e-08 0.0004177389 1.496273 647.8345 33905.11 214530.2 168499.1 80192.42 124441.5 97374.57 70158.66 17958.97 2212.198 86.91687 0.9462888 0.002585542 1.595524e-06 1.77457e-10 3.068807e-15 7.777317e-21 2.80634e-27 
7.932956e-36 1.101042e-27 1.847226e-20 3.746138e-14 9.183216e-09 0.0002721155 0.9746734 421.9999 22085.89 139803.7 115852 128348.5 196902.6 88827.76 47058.73 13152.22 1619.933 62.61366 0.6553609 0.001476887 6.37618e-07 4.935727e-11 6.313619e-16 1.211671e-21 3.253498e-28 
1.344327e-35 1.865837e-27 3.130328e-20 6.348243e-14 1.556197e-08 0.0004611296 1.651691 715.1253 37426.89 236841.3 187847.6 97866.85 134627.2 110443.2 59853.99 9716.159 916.1242 34.13118 0.3310407 0.0006677632 2.412052e-07 1.408697e-11 1.259894e-16 1.66894e-22 3.171183e-29 
9.077275e-36 1.259866e-27 2.113686e-20 4.286514e-14 1.050788e-08 0.0003113678 1.115269 482.8729 25271.85 160029.8 135995.2 159437.5 207116.1 93885.74 44439.51 10120.53 792.7524 19.14671 0.1501689 0.0002626606 8.037381e-08 3.856814e-12 2.71805e-17 2.694649e-23 3.659784e-30 
1.23106e-35 1.70863e-27 2.866581e-20 5.813369e-14 1.425079e-08 0.0004222769 1.512527 654.8722 34273.6 216957.2 176601 121242.9 154152.5 125179.1 53503.82 7444.167 543.5166 12.66226 0.0699325 8.627459e-05 2.061501e-08 7.952293e-13 4.468366e-18 3.478253e-24 3.641846e-31 
1.601903e-35 2.223335e-27 3.730106e-20 7.564581e-14 1.854368e-08 0.0005494831 1.968159 852.1451 44598.27 282374.7 232905.1 171375.4 184719.6 97239.58 41575.6 7485.709 423.6957 7.162812 0.03374775 3.200446e-05 5.295106e-09 1.442059e-13 6.015082e-19 3.569757e-25 2.864963e-32 
1.367084e-35 1.897422e-27 3.183319e-20 6.455706e-14 1.58254e-08 0.0004689357 1.679651 727.2312 38061.11 241176.4 210061.5 224127.7 236314.8 122977.1 39740.3 5139.589 288.7075 4.454854 0.0153207 1.087607e-05 1.385069e-09 2.756826e-14 8.019281e-20 3.305656e-26 1.882363e-33 
1.924726e-35 2.671393e-27 4.481816e-20 9.089033e-14 2.228069e-08 0.0006602177 2.364792 1023.874 53586.35 339431.2 284917.7 210597.8 218607.5 145245.9 44391.19 4719.409 187.5867 2.29807 0.006798966 3.738788e-06 3.429101e-10 4.958856e-15 1.063119e-20 3.19114e-27 1.291493e-34 
2.248675e-35 3.121012e-27 5.236145e-20 1.06188e-13 2.603073e-08 0.0007713382 2.762808 1196.201 62606.15 396837.3 344633.7 300444.9 268398.8 130568.9 38454.28 4304.806 143.7868 1.262428 0.002677318 1.138638e-06 8.153515e-11 8.788707e-16 1.352107e-21 2.88858e-28 8.38198e-36 
2.129265e-35 2.955279e-27 4.958094e-20 1.005492e-13 2.464844e-08 0.0007303784 2.616097 1132.68 59282.87 376183.2 342499.5 356457.6 319378.4 161663.9 37098.68 3148.465 95.1921 0.7240015 0.001141398 3.376002e-07 1.716312e-11 1.364907e-16 1.571441e-22 2.484781e-29 5.228869e-37 
1.839908e-35 2.55367e-27 4.284312e-20 8.688498e-14 2.129883e-08 0.0006311233 2.260581 978.7549 51228.04 325475.2 309050.7 353669.4 325586.9 179120.7 39288.32 2905.597 65.32389 0.3860509 0.000497104 1.136084e-07 4.144632e-12 2.287328e-17 1.83494e-23 2.061263e-30 3.136356e-38 
1.623096e-35 2.25275e-27 3.779455e-20 7.66466e-14 1.878901e-08 0.0005567528 1.994198 863.4199 45191.31 287085.3 271096 305936.6 295294.4 168508.5 37944.43 2834.437 58.44049 0.2842838 0.0002910676 5.498565e-08 1.69528e-12 7.767248e-18 5.007109e-24 4.408571e-31 5.204003e-39 
2.039474e-35 2.830655e-27 4.749011e-20 9.630898e-14 2.360901e-08 0.0006995782 2.505776 1084.915 56783.2 360314.4 322579.8 285839.4 267332.1 153134.6 35712.61 2753.214 57.81459 0.273468 0.0002525179 4.074846e-08 1.063184e-12 4.201647e-18 2.380952e-24 1.852559e-31 1.918624e-39 
#survey length counts 
5.286215e-37 7.336918e-29 1.23092e-21 2.496281e-15 6.11934e-10 1.813272e-05 0.06494846 28.12044 1471.712 9310.509 7144.001 1958.567 8453.526 7149.795 5035.224 4921.536 2112.38 824.1573 186.171 23.44963 1.20857 0.01847566 6.294983e-05 3.89069e-08 3.821012e-12 
1.095103e-36 1.51993e-28 2.549998e-21 5.171345e-15 1.267694e-09 3.75641e-05 0.1345485 58.25486 3048.827 19287.79 14777.49 2777.144 8645.753 6979.644 5199.152 4699.29 1961.486 694.7952 138.9297 14.92985 0.6274827 0.007415778 1.875447e-05 8.401912e-09 5.902128e-13 
1.587602e-36 2.203487e-28 3.696806e-21 7.497048e-15 1.837813e-09 5.445776e-05 0.1950588 84.45375 4419.973 27962.14 21450.3 5169.189 18268.92 13315.57 5832.648 4398.265 1763.021 565.5704 99.62878 8.913974 0.2988118 0.002708913 5.081951e-06 1.650272e-09 8.290929e-14 
1.264327e-36 1.754802e-28 2.944045e-21 5.970463e-15 1.463589e-09 4.336881e-05 0.15534 67.25687 3519.957 22268.53 17143.24 6628.087 27005.25 19121.44 11451.04 7678.122 1841.373 443.405 67.56939 4.985625 0.1306203 0.0008928861 1.234509e-06 2.905223e-10 1.045203e-14 
2.318883e-36 3.218457e-28 5.39963e-21 1.095034e-14 2.684347e-09 7.954211e-05 0.2849069 123.3549 6455.902 40842.13 31339.29 7291.731 21970.11 16081.93 16009.69 10617.18 2896.795 535.2414 49.06797 2.726128 0.0550801 0.0002799249 2.816587e-07 4.772248e-11 1.227565e-15 
2.127654e-36 2.953043e-28 4.954342e-21 1.004731e-14 2.462979e-09 7.298257e-05 0.2614117 113.1822 5923.508 37474.47 28888.59 11500.21 40899.76 25480.73 13906.94 8822.26 3378.693 658.8654 51.45586 1.738843 0.02324854 8.541089e-05 6.191498e-08 7.483291e-12 1.366799e-16 
3.006119e-36 4.172295e-28 6.99989e-21 1.419564e-14 3.479893e-09 0.0001031156 0.3693433 159.9129 8369.204 52946.75 40740.28 12645.09 38214.02 25458.74 24001.88 12473.53 2834.43 552.7977 49.40113 1.408152 0.01186536 2.705351e-05 1.333101e-08 1.132125e-12 1.457502e-17 
2.863631e-36 3.974531e-28 6.668101e-21 1.352277e-14 3.314949e-09 9.8228e-05 0.3518367 152.3332 7972.511 50437.86 38991.42 17337.86 54537.92 32002.91 22510.25 11871.49 3553.196 500.4627 33.08188 0.92944 0.006615191 1.002821e-05 3.034078e-09 1.656119e-13 1.443361e-18 
4.775422e-36 6.627971e-28 1.11198e-20 2.255072e-14 5.528044e-09 0.0001638061 0.5867267 254.0324 13295.04 84110.03 64796.84 20327.29 52696.18 32910.36 30652.4 13487.19 3090.869 447.6934 26.30933 0.5269666 0.003122306 3.910098e-06 8.478775e-10 2.983219e-14 1.638502e-19 
6.765616e-36 9.390229e-28 1.575406e-20 3.194891e-14 7.8319e-09 0.0002320735 0.8312495 359.9023 18835.86 119165 92073.39 34661.17 88173.54 46098.99 29506.23 12748.12 3194.669 362.5483 17.72474 0.3027572 0.001309143 1.22344e-06 2.078143e-10 5.526022e-15 2.133879e-20 
5.329264e-36 7.396667e-28 1.240944e-20 2.51661e-14 6.169174e-09 0.0001828039 0.6547738 283.4945 14836.98 93870.42 73382.8 47291.1 125641.8 66336.97 46590.29 15649.9 2738.761 288.1245 12.01717 0.1578854 0.0005366647 3.708289e-07 4.495524e-11 8.743755e-16 2.52197e-21 
1.151036e-35 1.597562e-27 2.680242e-20 5.435477e-14 1.332443e-08 0.0003948273 1.414207 612.3028 32045.5 202736.5 156536.6 49308.3 100227.2 65442.99 62665.51 20104.81 3270.708 242.9832 7.5662 0.08034651 0.0002057226 1.054749e-07 9.401233e-12 1.308381e-16 2.666641e-22 
1.172808e-35 1.627781e-27 2.73094e-20 5.538291e-14 1.357647e-08 0.0004022956 1.440957 623.8848 32651.66 206585.5 161849.1 96946.95 213026.7 93636.68 50544.29 17998.94 3546.429 238.6224 5.549576 0.04060224 7.654782e-05 2.902977e-08 1.873412e-12 1.878869e-17 2.75038e-23 
1.042248e-35 1.446572e-27 2.426924e-20 4.921754e-14 1.20651e-08 0.000357511 1.280546 554.4323 29016.8 183597.7 145106.6 104359.9 219380.6 128385.7 96605.76 22297.13 2747.729 192.157 4.34114 0.02440134 3.139477e-05 8.189096e-09 3.761806e-13 2.704541e-18 2.822522e-24 
6.872013e-36 9.5379e-28 1.600181e-20 3.245134e-14 7.955064e-09 0.0002357231 0.8443218 365.5622 19132.1 121069.2 97570.3 96759.32 195343.4 125107.9 97313.79 26948.65 3613.096 159.1996 2.719589 0.01380495 1.42737e-05 2.636868e-09 8.187074e-14 4.011694e-19 2.914553e-25 
1.155722e-35 1.604066e-27 2.691153e-20 5.457604e-14 1.337867e-08 0.0003964345 1.419964 614.7954 32175.97 203583.7 159595.7 77383.98 130731.2 102938.6 82367.45 23016.24 3242.223 151.0538 2.013971 0.00691514 5.548117e-06 8.224695e-10 1.921217e-14 6.639158e-20 3.292378e-26 
7.417222e-36 1.029461e-27 1.727135e-20 3.502595e-14 8.5862e-09 0.0002544248 0.9113083 394.565 20650.03 130703 107775 123497.1 207819.8 96185.04 54902.6 16757.55 2385.417 109.6777 1.423578 0.004101362 2.313909e-06 2.386211e-10 4.132173e-15 1.084374e-20 4.005192e-27 
1.262861e-35 1.752768e-27 2.940632e-20 5.963542e-14 1.461892e-08 0.0004331854 1.5516 671.789 35158.82 222479.1 176080 94736.98 141416.8 118265.6 72705.59 12982.01 1377.151 61.39875 0.7446171 0.001936525 9.225824e-07 7.216135e-11 8.744875e-16 1.585004e-21 4.152135e-28 
8.434279e-36 1.170622e-27 1.963962e-20 3.982875e-14 9.763549e-09 0.0002893118 1.036268 448.6682 23481.66 148673.3 125685.4 154540.9 219999.9 102482.6 52830.6 13449.6 1241.772 35.53282 0.3464033 0.0007861519 3.192672e-07 2.062726e-11 1.976752e-16 2.684038e-22 5.021364e-29 
1.139121e-35 1.581026e-27 2.652498e-20 5.379213e-14 1.318651e-08 0.0003907403 1.399568 605.9648 31713.93 200737.1 162941.5 117317.3 160889.2 135486.3 65981.73 10141.73 854.9327 24.342 0.1690433 0.0002694283 8.559512e-08 4.464591e-12 3.424063e-17 3.660888e-23 5.288931e-30 
1.471618e-35 2.042509e-27 3.426732e-20 6.949344e-14 1.70355e-08 0.000504793 1.808086 782.839 40970.96 259379.8 213319.2 165912.1 195280 106269.8 50249.73 10289.31 692.1097 14.1184 0.08423229 0.0001044179 2.30023e-08 8.474293e-13 4.837906e-18 3.9563e-24 4.392849e-31 
1.24889e-35 1.733377e-27 2.9081e-20 5.897567e-14 1.445719e-08 0.0004283931 1.534434 664.3571 34770.33 220278.3 191069.2 217525.2 249242.2 135801.1 49445.13 7148.9 475.3271 9.085734 0.03977383 3.691558e-05 6.290482e-09 1.698017e-13 6.760481e-19 3.843181e-25 3.035181e-32 
1.748239e-35 2.42644e-27 4.070856e-20 8.255614e-14 2.023767e-08 0.0005996791 2.147953 929.9896 48672.58 308257.7 258100.3 203540.9 227333.9 160455.6 55777.04 6750.573 318.4729 4.800882 0.01825629 1.323429e-05 1.62689e-09 3.196618e-14 9.401028e-20 3.893733e-26 2.183416e-33 
2.030452e-35 2.818133e-27 4.728002e-20 9.588294e-14 2.350457e-08 0.0006964835 2.494691 1080.115 56530.19 358240.6 310270.7 290902.3 282057.8 145152.4 48062.94 6232.564 251.4448 2.737529 0.007451787 4.188083e-06 4.038572e-10 5.926978e-15 1.251377e-20 3.692638e-27 1.487219e-34 
1.928097e-35 2.676072e-27 4.489666e-20 9.104952e-14 2.231972e-08 0.000661374 2.368934 1025.667 53681.42 340518.8 309123.5 347710.2 335779.6 182940.6 47807.89 4660.876 170.5708 1.632721 0.003330612 1.303622e-06 8.93483e-11 9.701294e-16 1.536669e-21 3.35876e-28 9.804672e-36 
1.652702e-35 2.293841e-27 3.848394e-20 7.804466e-14 1.913173e-08 0.0005669082 2.030573 879.1688 46015 292214.4 276750.8 343469 338263.3 202707.8 50826.03 4396.069 120.1763 0.893244 0.001498026 4.556497e-07 2.24454e-11 1.691568e-16 1.86921e-22 2.909499e-29 6.157069e-37 
1.457217e-35 2.022521e-27 3.393198e-20 6.881337e-14 1.686879e-08 0.000499853 1.790392 775.1792 40573.18 257886.8 249485.2 307209.8 300741.1 183011.9 44432.27 3689.015 86.71693 0.4927379 0.0006018531 1.377535e-07 5.193418e-12 2.925562e-17 2.329093e-23 2.542859e-30 3.735177e-38 
1.763382e-35 2.447458e-27 4.106118e-20 8.327126e-14 2.041297e-08 0.0006048736 2.166559 938.0462 49096.59 311665.5 284464.2 277901.7 267606.4 157491.4 37891.17 3123.585 71.37253 0.3740004 0.0003876737 7.098928e-08 2.118783e-12 9.625903e-18 6.286271e-24 5.64287e-31 6.747322e-39 
1.763382e-35 2.447458e-27 4.106118e-20 8.327126e-14 2.041297e-08 0.0006048736 2.166559 938.0462 49096.59 311665.5 284464.2 277908.6 267834.1 157976.5 37363.08 2913.958 61.63902 0.2930746 0.0002715973 4.39431e-08 1.148797e-12 4.546572e-18 2.57913e-24 2.0083e-31 2.081125e-39 
