# Number of parameters = 78 Objective function value = 20941.6479577805  Maximum gradient component = 0.000105082715883960
# srv_sel50:
1.08999251923
# srv_sel95:
2.24939708278
# stNatLen:
 11.4273169083 11.1056591946 9.26846101894 8.00640712422 7.19008248659 6.62061642357 6.19537675186 5.86581503987 5.60589998407 5.40021935569 5.23904183207 5.11598464467 5.02680561385 4.96874135014 4.94011866382
# log_avg_fmort_dir:
0.668039607881
# fmort_dir_dev:
 -0.531283184673 -0.717428488589 -0.532535931831 -0.459494178059 -0.494747458353 -0.399085236685 -0.219600522743 -0.344849965939 -0.237855864600 -0.0745063518888 -0.113144444930 -0.0388499146868 -0.0763319621029 0.0398503924848 0.146246599178 0.259325263566 0.232495779920 0.211332359595 0.341353170524 0.389968253473 0.295542749195 0.410750135175 0.423376671653 0.433802906371 0.546531477229 0.529092192280 0.227342461271 -0.247296906835
# mean_log_rec:
13.5612399257
# rec_dev:
 -2.00795034517 -1.84018751125 -1.73686997116 -1.39720519823 -1.23748499374 -1.12328571829 -0.793328359638 -0.377240189379 -0.151582266049 -0.0612254940749 0.215664270122 0.623653307794 0.704796001714 0.517790613165 0.405619731063 0.366675591734 0.354535336525 0.399598140740 0.380231493572 0.460119134328 0.534171910025 0.586603580701 0.663142151519 0.793220651622 0.760426965692 0.780162267369 1.08997444600 1.08997445329
# log_avg_NatM:
-0.712717274761
# m_dev:
 0.00000000000 0.00000000000 0.00000000000 0.00000000000 0.00000000000 0.00000000000 0.00000000000 0.00000000000 0.00000000000 0.00000000000 0.00000000000 0.00000000000 0.00000000000 0.00000000000 0.00000000000 0.00000000000 0.00000000000 0.00000000000 0.00000000000 0.00000000000 0.00000000000 0.00000000000 0.00000000000 0.00000000000 0.00000000000 0.00000000000 0.00000000000 0.00000000000
# log_avg_GrowthK:
-1.18630400000
# log_avg_Linf:
3.44583300000
# GrowthK_dev:
 0.00000000000 0.00000000000 0.00000000000 0.00000000000 0.00000000000 0.00000000000 0.00000000000 0.00000000000 0.00000000000 0.00000000000 0.00000000000 0.00000000000 0.00000000000 0.00000000000 0.00000000000 0.00000000000 0.00000000000 0.00000000000 0.00000000000 0.00000000000 0.00000000000 0.00000000000 0.00000000000 0.00000000000 0.00000000000 0.00000000000 0.00000000000 0.00000000000
# Linf_dev:
 0.00000000000 0.00000000000 0.00000000000 0.00000000000 0.00000000000 0.00000000000 0.00000000000 0.00000000000 0.00000000000 0.00000000000 0.00000000000 0.00000000000 0.00000000000 0.00000000000 0.00000000000 0.00000000000 0.00000000000 0.00000000000 0.00000000000 0.00000000000 0.00000000000 0.00000000000 0.00000000000 0.00000000000 0.00000000000 0.00000000000 0.00000000000 0.00000000000
# SelPars50:
1.15687825329
# SelPars95:
1.58147107291
# SelPars_dev50:
 0.00000000000 0.00000000000 0.00000000000 0.00000000000 0.00000000000 0.00000000000 0.00000000000 0.00000000000 0.00000000000 0.00000000000 0.00000000000 0.00000000000 0.00000000000 0.00000000000 0.00000000000 0.00000000000 0.00000000000 0.00000000000 0.00000000000 0.00000000000 0.00000000000 0.00000000000 0.00000000000 0.00000000000 0.00000000000 0.00000000000 0.00000000000 0.00000000000
# SelPars_dev95:
 0.00000000000 0.00000000000 0.00000000000 0.00000000000 0.00000000000 0.00000000000 0.00000000000 0.00000000000 0.00000000000 0.00000000000 0.00000000000 0.00000000000 0.00000000000 0.00000000000 0.00000000000 0.00000000000 0.00000000000 0.00000000000 0.00000000000 0.00000000000 0.00000000000 0.00000000000 0.00000000000 0.00000000000 0.00000000000 0.00000000000 0.00000000000 0.00000000000
