# Number of parameters = 78 Objective function value = 26490.2297336703  Maximum gradient component = 0.0328175547503800
# srv_sel50:
0.949047079955
# srv_sel95:
1.11813957920
# stNatLen:
 12.1309292904 11.3429084035 9.75770098462 8.49545564132 7.58860695080 6.92757819837 6.43110332392 6.04871097689 5.74961887518 5.51468652030 5.33166973863 5.19255119439 5.09204113832 5.02673056885 4.99457842258
# log_avg_fmort_dir:
0.897600862187
# fmort_dir_dev:
 -0.912262083926 -0.853752619292 -0.710079450835 -0.518688324484 -0.547826584454 -0.679717397322 -0.372338432099 -0.376142683249 -0.252460565905 -0.272197016787 -0.117383070354 -0.0665135281410 0.0499498640525 0.0401603604150 0.135530358497 0.180391980870 0.211281332667 0.239875069221 0.275604370023 0.321798003557 0.318065365157 0.563719827588 0.559633561205 0.629683981385 0.562342327734 0.756817604425 0.791407324354 0.0431004256984
# mean_log_rec:
13.4544032342
# rec_dev:
 -1.79671165664 -2.74538624444 -2.13757970771 -1.45086245238 -1.39474110408 -0.867498064506 -0.744177142480 -0.515869979733 -0.319914913462 -0.124788072095 0.0619142519341 0.164924694409 0.250297176442 0.386375004949 0.455290958153 0.613097132640 0.645565384800 0.571116619754 0.629864784211 0.742273279374 0.872274648749 0.773979447520 0.846061820622 0.885711985860 0.970212543851 0.904204812473 1.16218239394 1.16218239785
# log_avg_NatM:
-1.85107357017
# m_dev:
 0.00000000000 0.00000000000 0.00000000000 0.00000000000 0.00000000000 0.00000000000 0.00000000000 0.00000000000 0.00000000000 0.00000000000 0.00000000000 0.00000000000 0.00000000000 0.00000000000 0.00000000000 0.00000000000 0.00000000000 0.00000000000 0.00000000000 0.00000000000 0.00000000000 0.00000000000 0.00000000000 0.00000000000 0.00000000000 0.00000000000 0.00000000000 0.00000000000
# log_avg_GrowthK:
-1.20372700000
# log_avg_Linf:
3.45755400000
# GrowthK_dev:
 0.00000000000 0.00000000000 0.00000000000 0.00000000000 0.00000000000 0.00000000000 0.00000000000 0.00000000000 0.00000000000 0.00000000000 0.00000000000 0.00000000000 0.00000000000 0.00000000000 0.00000000000 0.00000000000 0.00000000000 0.00000000000 0.00000000000 0.00000000000 0.00000000000 0.00000000000 0.00000000000 0.00000000000 0.00000000000 0.00000000000 0.00000000000 0.00000000000
# Linf_dev:
 0.00000000000 0.00000000000 0.00000000000 0.00000000000 0.00000000000 0.00000000000 0.00000000000 0.00000000000 0.00000000000 0.00000000000 0.00000000000 0.00000000000 0.00000000000 0.00000000000 0.00000000000 0.00000000000 0.00000000000 0.00000000000 0.00000000000 0.00000000000 0.00000000000 0.00000000000 0.00000000000 0.00000000000 0.00000000000 0.00000000000 0.00000000000 0.00000000000
# SelPars50:
1.00248134998
# SelPars95:
1.18327968818
# SelPars_dev50:
 0.00000000000 0.00000000000 0.00000000000 0.00000000000 0.00000000000 0.00000000000 0.00000000000 0.00000000000 0.00000000000 0.00000000000 0.00000000000 0.00000000000 0.00000000000 0.00000000000 0.00000000000 0.00000000000 0.00000000000 0.00000000000 0.00000000000 0.00000000000 0.00000000000 0.00000000000 0.00000000000 0.00000000000 0.00000000000 0.00000000000 0.00000000000 0.00000000000
# SelPars_dev95:
 0.00000000000 0.00000000000 0.00000000000 0.00000000000 0.00000000000 0.00000000000 0.00000000000 0.00000000000 0.00000000000 0.00000000000 0.00000000000 0.00000000000 0.00000000000 0.00000000000 0.00000000000 0.00000000000 0.00000000000 0.00000000000 0.00000000000 0.00000000000 0.00000000000 0.00000000000 0.00000000000 0.00000000000 0.00000000000 0.00000000000 0.00000000000 0.00000000000
