# Number of parameters = 78 Objective function value = 25263.4301393081  Maximum gradient component = 0.000307179589928792
# srv_sel50:
1.48445705447
# srv_sel95:
4.59845995241
# stNatLen:
 13.1096387743 11.6854125649 10.5058090121 9.64089801507 8.99539019399 8.50066191954 8.11288090373 7.80438470955 7.55738436639 7.36012481195 7.20465064259 7.08550197734 6.99893945899 6.94247741181 6.91460338101
# log_avg_fmort_dir:
0.617668581298
# fmort_dir_dev:
 -0.00240635752478 0.00930204517359 0.146577288204 -0.00389371191486 -0.0924371410491 0.108869561593 -0.0287400790550 -0.0493869888963 0.0776567186320 -0.225681361152 -0.0101706276444 0.164857202429 0.112180013207 0.107370366801 0.172887562644 0.0118093724788 -0.131701880796 -0.0111069061813 0.0251000038970 0.0953475061956 -0.103841967491 0.116572905709 0.0289358592732 -0.0615545174053 -0.171177638113 -0.0919727975447 -0.166230799868 -0.0271636316029
# mean_log_rec:
14.2937021839
# rec_dev:
 -0.962953071821 -0.852171676452 -0.775043768451 -0.741804957402 -0.552705576822 -0.509665815985 -0.413199458357 -0.370673819918 -0.349411810221 -0.203064736827 -0.159422456471 -0.0769513992035 0.00811033107576 0.0720879756855 0.100331626643 0.119110040171 0.148075350071 0.278059424137 0.359711298682 0.331565992784 0.449692966781 0.546967052309 0.485400314019 0.522652543669 0.608788037688 0.627102778184 0.654706411187 0.654706404845
# log_avg_NatM:
0.116669671144
# m_dev:
 0.00000000000 0.00000000000 0.00000000000 0.00000000000 0.00000000000 0.00000000000 0.00000000000 0.00000000000 0.00000000000 0.00000000000 0.00000000000 0.00000000000 0.00000000000 0.00000000000 0.00000000000 0.00000000000 0.00000000000 0.00000000000 0.00000000000 0.00000000000 0.00000000000 0.00000000000 0.00000000000 0.00000000000 0.00000000000 0.00000000000 0.00000000000 0.00000000000
# log_avg_GrowthK:
-1.02151300000
# log_avg_Linf:
3.36611700000
# GrowthK_dev:
 0.00000000000 0.00000000000 0.00000000000 0.00000000000 0.00000000000 0.00000000000 0.00000000000 0.00000000000 0.00000000000 0.00000000000 0.00000000000 0.00000000000 0.00000000000 0.00000000000 0.00000000000 0.00000000000 0.00000000000 0.00000000000 0.00000000000 0.00000000000 0.00000000000 0.00000000000 0.00000000000 0.00000000000 0.00000000000 0.00000000000 0.00000000000 0.00000000000
# Linf_dev:
 0.00000000000 0.00000000000 0.00000000000 0.00000000000 0.00000000000 0.00000000000 0.00000000000 0.00000000000 0.00000000000 0.00000000000 0.00000000000 0.00000000000 0.00000000000 0.00000000000 0.00000000000 0.00000000000 0.00000000000 0.00000000000 0.00000000000 0.00000000000 0.00000000000 0.00000000000 0.00000000000 0.00000000000 0.00000000000 0.00000000000 0.00000000000 0.00000000000
# SelPars50:
1.86105057201
# SelPars95:
3.55468928321
# SelPars_dev50:
 0.00000000000 0.00000000000 0.00000000000 0.00000000000 0.00000000000 0.00000000000 0.00000000000 0.00000000000 0.00000000000 0.00000000000 0.00000000000 0.00000000000 0.00000000000 0.00000000000 0.00000000000 0.00000000000 0.00000000000 0.00000000000 0.00000000000 0.00000000000 0.00000000000 0.00000000000 0.00000000000 0.00000000000 0.00000000000 0.00000000000 0.00000000000 0.00000000000
# SelPars_dev95:
 0.00000000000 0.00000000000 0.00000000000 0.00000000000 0.00000000000 0.00000000000 0.00000000000 0.00000000000 0.00000000000 0.00000000000 0.00000000000 0.00000000000 0.00000000000 0.00000000000 0.00000000000 0.00000000000 0.00000000000 0.00000000000 0.00000000000 0.00000000000 0.00000000000 0.00000000000 0.00000000000 0.00000000000 0.00000000000 0.00000000000 0.00000000000 0.00000000000
