# Number of parameters = 78 Objective function value = 21637.8212932927  Maximum gradient component = 0.000808008790849134
# srv_sel50:
1.46705696483
# srv_sel95:
2.85335468463
# stNatLen:
 11.4190231761 10.8001266001 8.96852917087 7.63379294685 6.75987081524 6.15181391578 5.69834963437 5.34707708160 5.07007283190 4.85085202741 4.67902077146 4.54777011519 4.45258542134 4.39054097555 4.35990746006
# log_avg_fmort_dir:
0.671052344056
# fmort_dir_dev:
 -1.03792664002 -0.747863935440 -0.739866426698 -0.668934156956 -0.520645753310 -0.397869123927 -0.445993195536 -0.258174955900 -0.273733744848 -0.0712101343717 -0.0621599007921 0.0662745924829 0.120418835901 0.0711455204364 0.0750987209699 0.192049816960 0.254822406186 0.325304426175 0.358356328430 0.341710433983 0.433635927201 0.416399254205 0.442373377654 0.567047556497 0.470970801235 0.441853430673 0.539044305340 0.107872233471
# mean_log_rec:
13.8245763215
# rec_dev:
 -2.01481988647 -1.49168685249 -1.37417170603 -1.21985291645 -0.982939761196 -0.838641475773 -0.677742114132 -0.472578648811 -0.102617188874 0.0160339069631 0.199359076388 0.540690534673 0.576906455254 0.402623779817 0.378912776155 0.381309106763 0.321449663656 0.342162786441 0.261275587566 0.426408303480 0.486298799982 0.522720953826 0.671573045035 0.722488719504 0.752118584337 0.713388397153 0.729665067781 0.729665005455
# log_avg_NatM:
-0.385840889598
# m_dev:
 0.00000000000 0.00000000000 0.00000000000 0.00000000000 0.00000000000 0.00000000000 0.00000000000 0.00000000000 0.00000000000 0.00000000000 0.00000000000 0.00000000000 0.00000000000 0.00000000000 0.00000000000 0.00000000000 0.00000000000 0.00000000000 0.00000000000 0.00000000000 0.00000000000 0.00000000000 0.00000000000 0.00000000000 0.00000000000 0.00000000000 0.00000000000 0.00000000000
# log_avg_GrowthK:
-1.18630400000
# log_avg_Linf:
3.44583300000
# GrowthK_dev:
 0.00000000000 0.00000000000 0.00000000000 0.00000000000 0.00000000000 0.00000000000 0.00000000000 0.00000000000 0.00000000000 0.00000000000 0.00000000000 0.00000000000 0.00000000000 0.00000000000 0.00000000000 0.00000000000 0.00000000000 0.00000000000 0.00000000000 0.00000000000 0.00000000000 0.00000000000 0.00000000000 0.00000000000 0.00000000000 0.00000000000 0.00000000000 0.00000000000
# Linf_dev:
 0.00000000000 0.00000000000 0.00000000000 0.00000000000 0.00000000000 0.00000000000 0.00000000000 0.00000000000 0.00000000000 0.00000000000 0.00000000000 0.00000000000 0.00000000000 0.00000000000 0.00000000000 0.00000000000 0.00000000000 0.00000000000 0.00000000000 0.00000000000 0.00000000000 0.00000000000 0.00000000000 0.00000000000 0.00000000000 0.00000000000 0.00000000000 0.00000000000
# SelPars50:
1.54611374420
# SelPars95:
2.50867340150
# SelPars_dev50:
 0.00000000000 0.00000000000 0.00000000000 0.00000000000 0.00000000000 0.00000000000 0.00000000000 0.00000000000 0.00000000000 0.00000000000 0.00000000000 0.00000000000 0.00000000000 0.00000000000 0.00000000000 0.00000000000 0.00000000000 0.00000000000 0.00000000000 0.00000000000 0.00000000000 0.00000000000 0.00000000000 0.00000000000 0.00000000000 0.00000000000 0.00000000000 0.00000000000
# SelPars_dev95:
 0.00000000000 0.00000000000 0.00000000000 0.00000000000 0.00000000000 0.00000000000 0.00000000000 0.00000000000 0.00000000000 0.00000000000 0.00000000000 0.00000000000 0.00000000000 0.00000000000 0.00000000000 0.00000000000 0.00000000000 0.00000000000 0.00000000000 0.00000000000 0.00000000000 0.00000000000 0.00000000000 0.00000000000 0.00000000000 0.00000000000 0.00000000000 0.00000000000
