# Number of parameters = 79 Objective function value = 20756.1716069229  Maximum gradient component = 0.000653004784645751
# srv_sel50:
0.990622442976
# srv_sel95:
1.02496607176
# stNatLen:
 10.4948178739 9.30681923152 7.85472393567 6.86225103327 6.19099458340 5.69756461085 5.31675419420 5.01532681317 4.77416761323 4.58138175105 4.42918312678 4.31233011986 4.22727695392 4.17169178674 4.14417872217
# log_avg_fmort_dir:
0.292425647452
# fmort_dir_dev:
 -0.0543023455648 0.208716429844 0.256886515969 0.204431410177 0.209142674490 0.390417422714 0.286868128252 0.276636647426 0.152247489982 0.403693679756 0.314048444787 0.326630427758 0.280088945083 0.440336807548 0.487800068794 0.537976798058 0.438130355286 0.516285401985 0.601649861894 0.551158822621 0.588590086785 0.574497115089 0.591872288029 0.612411831677 0.704115611575 0.576973746288 0.633318914149 0.462305059535 -11.5729286400
# mean_log_rec:
13.3323063705
# rec_dev:
 -2.43881090324 -2.06479880389 -1.70322946403 -1.44645609561 -1.48527881956 -1.38354031991 -0.900333694718 -0.499393323021 -0.169584047431 0.0247696646259 0.314685553529 0.579133274712 0.740426117154 0.564549608970 0.436298603115 0.436109136789 0.519615751643 0.497546025242 0.464097999914 0.532966946439 0.561177258864 0.649483992942 0.744741967554 0.818224022960 0.769858318985 0.808001682005 0.705879261861 0.961930141732 0.961930142374
# log_avg_NatM:
-1.36837500000
# m_dev:
 0.00000000000 0.00000000000 0.00000000000 0.00000000000 0.00000000000 0.00000000000 0.00000000000 0.00000000000 0.00000000000 0.00000000000 0.00000000000 0.00000000000 0.00000000000 0.00000000000 0.00000000000 0.00000000000 0.00000000000 0.00000000000 0.00000000000 0.00000000000 0.00000000000 0.00000000000 0.00000000000 0.00000000000 0.00000000000 0.00000000000 0.00000000000 0.00000000000 0.00000000000
# log_avg_GrowthK:
-1.19613400000
# log_avg_Linf:
3.45239700000
# GrowthK_dev:
 0.00000000000 0.00000000000 0.00000000000 0.00000000000 0.00000000000 0.00000000000 0.00000000000 0.00000000000 0.00000000000 0.00000000000 0.00000000000 0.00000000000 0.00000000000 0.00000000000 0.00000000000 0.00000000000 0.00000000000 0.00000000000 0.00000000000 0.00000000000 0.00000000000 0.00000000000 0.00000000000 0.00000000000 0.00000000000 0.00000000000 0.00000000000 0.00000000000 0.00000000000
# Linf_dev:
 0.00000000000 0.00000000000 0.00000000000 0.00000000000 0.00000000000 0.00000000000 0.00000000000 0.00000000000 0.00000000000 0.00000000000 0.00000000000 0.00000000000 0.00000000000 0.00000000000 0.00000000000 0.00000000000 0.00000000000 0.00000000000 0.00000000000 0.00000000000 0.00000000000 0.00000000000 0.00000000000 0.00000000000 0.00000000000 0.00000000000 0.00000000000 0.00000000000 0.00000000000
# SelPars50:
1.00904747950
# SelPars95:
1.12325959608
# SelPars_dev50:
 0.00000000000 0.00000000000 0.00000000000 0.00000000000 0.00000000000 0.00000000000 0.00000000000 0.00000000000 0.00000000000 0.00000000000 0.00000000000 0.00000000000 0.00000000000 0.00000000000 0.00000000000 0.00000000000 0.00000000000 0.00000000000 0.00000000000 0.00000000000 0.00000000000 0.00000000000 0.00000000000 0.00000000000 0.00000000000 0.00000000000 0.00000000000 0.00000000000 0.00000000000
# SelPars_dev95:
 0.00000000000 0.00000000000 0.00000000000 0.00000000000 0.00000000000 0.00000000000 0.00000000000 0.00000000000 0.00000000000 0.00000000000 0.00000000000 0.00000000000 0.00000000000 0.00000000000 0.00000000000 0.00000000000 0.00000000000 0.00000000000 0.00000000000 0.00000000000 0.00000000000 0.00000000000 0.00000000000 0.00000000000 0.00000000000 0.00000000000 0.00000000000 0.00000000000 0.00000000000
