# Number of parameters = 77 Objective function value = 23476.5886646703  Maximum gradient component = 87.0292727864912
# srv_sel50:
0.999994607736
# srv_sel95:
1.00003936226
# stNatLen:
 11.2624649536 10.3781625778 8.94996711681 7.80718368874 6.98786768244 6.39050162540 5.93973267372 5.59020806486 5.31500705160 5.09761372477 4.92749037957 4.79771634126 4.70370069820 4.64246297579 4.61223716929
# log_avg_fmort_dir:
0.651776424254
# fmort_dir_dev:
 -0.540816349001 -0.238247689667 -0.281167041510 -0.327925198585 -0.237299993076 -0.236924629540 -0.180843171727 -0.273159349341 -0.0479236784573 -0.00514905969353 -0.136968906708 0.00403927920072 -0.0321854579384 0.0933658828978 0.164247271391 0.104944246515 0.166072643512 0.0581043420043 0.211952200155 0.0919322032379 0.127713764566 0.438347415402 0.298461170336 0.110701447091 0.403711195520 0.330145720442 0.254173807756 -0.319302064783
# mean_log_rec:
13.3216763355
# rec_dev:
 -2.19855440984 -1.89199709384 -1.63230605153 -1.63856616385 -1.39391803263 -1.10200373805 -0.712273671243 -0.376039961305 -0.122921730791 0.108430710759 0.341466299326 0.582378235535 0.691495583523 0.480398422253 0.312119808794 0.320686674081 0.355814789464 0.487020546155 0.449904079959 0.627579624376 0.722712828957 0.646096454445 0.724397480676 0.919660907195 0.844200334384 0.754899404784 0.849659337210 0.849659331211
# log_avg_NatM:
-1.36448700000
# m_dev:
 0.00000000000 0.00000000000 0.00000000000 0.00000000000 0.00000000000 0.00000000000 0.00000000000 0.00000000000 0.00000000000 0.00000000000 0.00000000000 0.00000000000 0.00000000000 0.00000000000 0.00000000000 0.00000000000 0.00000000000 0.00000000000 0.00000000000 0.00000000000 0.00000000000 0.00000000000 0.00000000000 0.00000000000 0.00000000000 0.00000000000 0.00000000000 0.00000000000
# log_avg_GrowthK:
-1.20372700000
# log_avg_Linf:
3.45755400000
# GrowthK_dev:
 0.00000000000 0.00000000000 0.00000000000 0.00000000000 0.00000000000 0.00000000000 0.00000000000 0.00000000000 0.00000000000 0.00000000000 0.00000000000 0.00000000000 0.00000000000 0.00000000000 0.00000000000 0.00000000000 0.00000000000 0.00000000000 0.00000000000 0.00000000000 0.00000000000 0.00000000000 0.00000000000 0.00000000000 0.00000000000 0.00000000000 0.00000000000 0.00000000000
# Linf_dev:
 0.00000000000 0.00000000000 0.00000000000 0.00000000000 0.00000000000 0.00000000000 0.00000000000 0.00000000000 0.00000000000 0.00000000000 0.00000000000 0.00000000000 0.00000000000 0.00000000000 0.00000000000 0.00000000000 0.00000000000 0.00000000000 0.00000000000 0.00000000000 0.00000000000 0.00000000000 0.00000000000 0.00000000000 0.00000000000 0.00000000000 0.00000000000 0.00000000000
# SelPars50:
1.03905109223
# SelPars95:
1.18637463928
# SelPars_dev50:
 0.00000000000 0.00000000000 0.00000000000 0.00000000000 0.00000000000 0.00000000000 0.00000000000 0.00000000000 0.00000000000 0.00000000000 0.00000000000 0.00000000000 0.00000000000 0.00000000000 0.00000000000 0.00000000000 0.00000000000 0.00000000000 0.00000000000 0.00000000000 0.00000000000 0.00000000000 0.00000000000 0.00000000000 0.00000000000 0.00000000000 0.00000000000 0.00000000000
# SelPars_dev95:
 0.00000000000 0.00000000000 0.00000000000 0.00000000000 0.00000000000 0.00000000000 0.00000000000 0.00000000000 0.00000000000 0.00000000000 0.00000000000 0.00000000000 0.00000000000 0.00000000000 0.00000000000 0.00000000000 0.00000000000 0.00000000000 0.00000000000 0.00000000000 0.00000000000 0.00000000000 0.00000000000 0.00000000000 0.00000000000 0.00000000000 0.00000000000 0.00000000000
